# unix_time, cycles_done, cur_path, paths_total, pending_total, pending_favs, map_size, unique_crashes, unique_hangs, max_depth, execs_per_sec
1578121625, 0, 0, 3, 3, 3, 9.21%, 0, 0, 1, 10.91
1578121747, 0, 0, 8, 8, 3, 9.43%, 0, 0, 2, 14.70
1578121752, 0, 0, 9, 9, 3, 9.43%, 0, 0, 2, 14.62
1578121757, 0, 0, 12, 12, 3, 9.44%, 0, 0, 2, 14.74
1578121763, 0, 0, 13, 13, 3, 9.45%, 0, 0, 2, 14.86
1578121768, 0, 0, 16, 16, 3, 9.47%, 0, 0, 2, 14.73
1578121773, 0, 0, 17, 17, 3, 9.47%, 0, 0, 2, 14.84
1578121778, 0, 0, 19, 19, 3, 9.47%, 0, 0, 2, 14.83
1578121783, 0, 0, 20, 20, 3, 9.47%, 0, 0, 2, 14.90
1578121788, 0, 0, 21, 21, 3, 9.47%, 0, 0, 2, 14.84
1578121793, 0, 0, 22, 22, 3, 9.48%, 0, 0, 2, 14.80
1578121798, 0, 0, 26, 26, 3, 9.50%, 0, 0, 2, 14.78
1578121803, 0, 0, 27, 27, 3, 9.50%, 0, 0, 2, 14.65
1578121809, 0, 0, 28, 28, 3, 9.50%, 0, 0, 2, 14.72
1578121824, 0, 0, 31, 31, 3, 9.51%, 0, 0, 2, 14.84
1578121829, 0, 0, 33, 33, 3, 9.51%, 0, 0, 2, 14.85
1578121834, 0, 0, 34, 34, 3, 9.51%, 0, 0, 2, 14.80
1578121839, 0, 0, 36, 36, 3, 9.51%, 0, 0, 2, 14.81
1578121844, 0, 0, 37, 37, 3, 9.51%, 0, 0, 2, 14.76
1578121849, 0, 0, 41, 41, 3, 9.51%, 0, 0, 2, 14.81
1578121854, 0, 0, 42, 42, 3, 9.51%, 0, 0, 2, 14.89
1578121859, 0, 0, 45, 45, 3, 9.52%, 0, 0, 2, 14.74
1578121864, 0, 0, 47, 47, 3, 9.52%, 0, 0, 2, 14.83
1578121874, 0, 0, 48, 48, 3, 9.53%, 0, 0, 2, 14.82
1578121889, 0, 0, 49, 49, 3, 9.53%, 0, 0, 2, 14.80
1578121895, 0, 0, 50, 50, 3, 9.54%, 0, 0, 2, 14.74
1578121915, 0, 0, 51, 51, 3, 9.54%, 0, 0, 2, 14.66
1578121935, 0, 0, 52, 52, 3, 9.55%, 0, 0, 2, 14.77
1578121940, 0, 0, 53, 53, 3, 9.55%, 0, 0, 2, 14.69
1578121945, 0, 0, 54, 54, 3, 9.55%, 0, 0, 2, 14.71
1578121961, 0, 0, 55, 55, 3, 9.55%, 0, 0, 2, 14.67
1578121971, 0, 0, 56, 56, 3, 9.55%, 0, 0, 2, 14.56
1578121981, 0, 0, 57, 57, 3, 9.55%, 0, 0, 2, 14.50
1578121997, 0, 0, 58, 58, 3, 9.55%, 0, 0, 2, 14.84
1578122027, 0, 0, 62, 62, 3, 9.55%, 0, 0, 2, 14.83
1578122093, 0, 0, 63, 63, 3, 9.55%, 0, 0, 2, 14.87
1578122159, 0, 0, 65, 65, 3, 9.55%, 0, 0, 2, 14.76
1578122169, 0, 0, 68, 68, 3, 9.57%, 0, 0, 2, 14.05
1578122174, 0, 0, 72, 72, 3, 9.57%, 0, 0, 2, 14.71
1578122179, 0, 0, 74, 74, 3, 9.57%, 0, 0, 2, 14.74
1578122185, 0, 0, 77, 77, 3, 9.58%, 0, 0, 2, 14.85
1578122195, 0, 0, 78, 78, 3, 9.58%, 0, 0, 2, 14.77
1578122200, 0, 0, 80, 80, 3, 9.58%, 0, 0, 2, 14.74
1578122210, 0, 0, 82, 82, 3, 9.59%, 0, 0, 2, 14.87
1578122215, 0, 0, 83, 83, 3, 9.59%, 0, 0, 2, 14.56
1578122225, 0, 0, 84, 84, 3, 9.59%, 0, 0, 2, 14.78
1578122230, 0, 0, 85, 85, 3, 9.59%, 0, 0, 2, 14.83
1578122540, 0, 0, 87, 87, 3, 9.60%, 0, 0, 2, 14.79
1578122556, 0, 0, 88, 88, 3, 9.60%, 0, 0, 2, 14.29
1578122596, 0, 0, 89, 89, 3, 9.60%, 0, 0, 2, 14.84
1578122662, 0, 0, 90, 90, 3, 9.60%, 0, 0, 2, 14.91
1578122743, 0, 0, 91, 91, 3, 9.60%, 0, 0, 2, 14.85
1578122759, 0, 0, 92, 92, 3, 9.60%, 0, 0, 2, 14.67
1578122764, 0, 0, 93, 93, 3, 9.60%, 0, 0, 2, 14.64
1578122774, 0, 0, 95, 95, 3, 9.61%, 0, 0, 2, 14.70
1578122779, 0, 0, 96, 96, 3, 9.61%, 0, 0, 2, 14.43
1578122784, 0, 0, 97, 97, 3, 9.61%, 0, 0, 2, 14.73
1578122794, 0, 0, 99, 99, 3, 9.61%, 0, 0, 2, 14.72
1578122804, 0, 0, 100, 100, 3, 9.61%, 0, 0, 2, 14.80
1578123045, 0, 0, 101, 101, 3, 9.61%, 0, 0, 2, 14.20
1578123065, 0, 0, 102, 102, 3, 9.61%, 0, 0, 2, 14.38
1578123172, 0, 0, 103, 103, 3, 9.62%, 0, 0, 2, 14.43
1578123361, 0, 0, 104, 104, 3, 9.62%, 0, 0, 2, 14.20
1578123488, 0, 0, 105, 105, 3, 9.62%, 0, 0, 2, 14.95
1578123508, 0, 0, 106, 106, 3, 9.62%, 0, 0, 2, 14.90
1578123538, 0, 0, 107, 107, 3, 9.62%, 0, 0, 2, 14.91
1578123559, 0, 0, 108, 108, 3, 9.63%, 0, 0, 2, 13.46
1578123589, 0, 0, 109, 109, 3, 9.63%, 0, 0, 2, 14.76
1578123751, 0, 0, 110, 110, 3, 9.63%, 0, 0, 2, 14.78
1578123772, 0, 0, 114, 114, 3, 9.68%, 0, 0, 2, 14.92
1578123777, 0, 0, 115, 115, 3, 9.68%, 0, 0, 2, 14.95
1578123848, 0, 0, 116, 116, 3, 9.68%, 0, 0, 2, 14.75
1578123863, 0, 0, 118, 118, 3, 9.68%, 0, 0, 2, 14.86
1578123868, 0, 0, 120, 120, 3, 9.69%, 0, 0, 2, 14.86
1578123878, 0, 0, 122, 122, 3, 9.69%, 0, 0, 2, 14.88
1578123954, 0, 0, 123, 123, 3, 9.69%, 0, 0, 2, 14.69
1578123964, 0, 0, 124, 124, 3, 9.70%, 0, 0, 2, 14.75
1578124147, 0, 0, 125, 125, 3, 9.70%, 0, 0, 2, 14.79
1578124157, 0, 0, 127, 127, 3, 9.70%, 0, 0, 2, 14.81
1578124162, 0, 0, 128, 128, 3, 9.70%, 0, 0, 2, 14.85
1578124167, 0, 0, 129, 129, 3, 9.70%, 0, 0, 2, 14.72
1578124249, 0, 0, 130, 130, 3, 9.71%, 0, 0, 2, 14.72
1578124259, 0, 0, 131, 131, 3, 9.71%, 0, 0, 2, 14.66
1578124829, 0, 0, 132, 132, 3, 9.71%, 0, 0, 2, 14.67
1578124957, 0, 0, 133, 133, 3, 9.71%, 0, 0, 2, 14.87
1578124972, 0, 0, 134, 134, 3, 9.72%, 0, 0, 2, 14.80
1578124977, 0, 0, 135, 135, 3, 9.72%, 0, 0, 2, 14.81
1578124982, 0, 0, 137, 137, 3, 9.72%, 0, 0, 2, 14.83
1578125043, 0, 0, 138, 138, 3, 9.72%, 0, 0, 2, 14.86
1578125058, 0, 0, 139, 139, 3, 9.72%, 0, 0, 2, 14.21
1578125069, 0, 0, 141, 141, 3, 9.72%, 0, 0, 2, 14.78
1578125079, 0, 0, 142, 142, 3, 9.72%, 0, 0, 2, 14.78
1578125084, 0, 0, 143, 143, 3, 9.73%, 0, 0, 2, 14.72
1578125099, 0, 0, 144, 144, 3, 9.73%, 0, 0, 2, 14.43
1578125114, 0, 0, 147, 147, 3, 9.74%, 0, 0, 2, 14.76
1578125160, 0, 0, 148, 148, 3, 9.74%, 0, 0, 2, 14.68
1578125191, 0, 0, 150, 150, 3, 9.75%, 0, 0, 2, 14.77
1578125206, 0, 0, 151, 151, 3, 9.75%, 0, 0, 2, 14.58
1578125252, 0, 0, 152, 152, 3, 9.75%, 0, 0, 2, 14.91
1578125287, 0, 0, 153, 153, 3, 9.75%, 0, 0, 2, 14.80
1578125328, 0, 0, 154, 154, 3, 9.75%, 0, 0, 2, 14.86
1578125343, 0, 0, 155, 155, 3, 9.75%, 0, 0, 2, 14.85
1578125393, 0, 0, 160, 160, 3, 9.77%, 0, 0, 2, 14.75
1578125398, 0, 0, 161, 161, 3, 9.77%, 0, 0, 2, 14.83
1578125500, 0, 0, 162, 162, 3, 9.77%, 0, 0, 2, 14.84
1578125515, 0, 0, 163, 163, 3, 9.77%, 0, 0, 2, 14.76
1578125525, 0, 0, 164, 164, 3, 9.78%, 0, 0, 2, 14.43
1578125530, 0, 0, 166, 166, 3, 9.78%, 0, 0, 2, 14.58
1578125540, 0, 0, 170, 170, 3, 9.78%, 0, 0, 2, 14.80
1578125546, 0, 0, 170, 170, 3, 9.78%, 0, 1, 2, 1.69
1578125552, 0, 0, 170, 170, 3, 9.78%, 0, 3, 2, 3.48
1578125557, 0, 0, 173, 173, 3, 9.79%, 0, 5, 2, 7.42
1578125562, 0, 0, 173, 173, 3, 9.79%, 0, 7, 2, 6.39
1578125573, 0, 0, 173, 173, 3, 9.79%, 0, 8, 2, 6.06
1578125578, 0, 0, 176, 176, 3, 9.80%, 0, 9, 2, 2.45
1578125598, 0, 0, 177, 177, 3, 9.80%, 0, 10, 2, 14.73
1578125619, 0, 0, 178, 178, 3, 9.81%, 0, 11, 2, 10.03
1578125634, 0, 0, 178, 178, 3, 9.81%, 0, 12, 2, 10.51
1578125640, 0, 0, 180, 180, 3, 9.81%, 0, 15, 2, 1.69
1578125656, 0, 0, 180, 180, 3, 9.81%, 0, 16, 2, 6.33
1578125661, 0, 0, 181, 181, 3, 9.81%, 0, 17, 2, 7.39
1578125666, 0, 0, 181, 181, 3, 9.81%, 0, 18, 2, 7.17
1578125682, 0, 0, 181, 181, 3, 9.81%, 0, 20, 2, 6.38
1578125688, 0, 0, 181, 181, 3, 9.81%, 0, 23, 2, 6.23
1578125704, 0, 0, 181, 181, 3, 9.81%, 0, 24, 2, 7.14
1578125715, 0, 0, 181, 181, 3, 9.81%, 0, 25, 2, 6.73
1578125725, 0, 0, 184, 184, 3, 9.81%, 0, 25, 2, 8.44
1578125741, 0, 0, 186, 186, 3, 9.81%, 0, 25, 2, 9.74
1578125771, 0, 0, 187, 187, 3, 9.82%, 0, 25, 2, 9.55
1578125859, 0, 0, 188, 188, 3, 9.82%, 0, 25, 2, 7.40
1578125885, 0, 0, 188, 188, 3, 9.82%, 0, 26, 2, 2.84
1578125900, 0, 0, 188, 188, 3, 9.82%, 0, 27, 2, 10.29
1578125966, 0, 0, 189, 189, 3, 9.82%, 0, 27, 2, 11.36
1578126028, 0, 0, 189, 189, 3, 9.82%, 0, 28, 2, 7.06
1578126033, 0, 0, 190, 190, 3, 9.82%, 0, 28, 2, 6.89
1578126070, 0, 0, 191, 191, 3, 9.82%, 0, 28, 2, 11.96
1578126208, 0, 0, 191, 191, 3, 9.82%, 0, 29, 2, 6.70
1578126229, 0, 0, 192, 192, 3, 9.82%, 0, 29, 2, 7.49
1578126244, 0, 0, 193, 193, 3, 9.82%, 0, 29, 2, 9.94
1578126255, 0, 0, 194, 194, 3, 9.83%, 0, 29, 2, 9.72
1578126352, 0, 0, 195, 195, 3, 9.83%, 0, 29, 2, 8.29
1578126383, 0, 0, 196, 196, 3, 9.83%, 0, 29, 2, 10.46
1578126424, 0, 0, 196, 196, 3, 9.83%, 0, 30, 2, 7.64
1578126481, 0, 0, 197, 197, 3, 9.83%, 0, 30, 2, 7.49
1578126502, 0, 0, 197, 197, 3, 9.83%, 0, 31, 2, 10.75
1578126507, 0, 0, 197, 197, 3, 9.83%, 0, 32, 2, 13.10
1578126512, 0, 0, 198, 198, 3, 9.83%, 0, 32, 2, 10.04
1578126614, 0, 0, 199, 199, 3, 9.83%, 0, 32, 2, 7.41
1578126866, 0, 0, 200, 200, 3, 9.83%, 0, 32, 2, 8.29
1578126933, 0, 0, 200, 200, 3, 9.83%, 0, 33, 2, 4.00
1578127144, 0, 0, 201, 201, 3, 9.83%, 0, 33, 2, 7.27
1578127180, 0, 0, 202, 202, 3, 9.83%, 0, 33, 2, 10.26
1578127649, 0, 0, 202, 202, 3, 9.83%, 0, 34, 2, 6.22
1578127830, 0, 0, 203, 203, 3, 9.83%, 0, 34, 2, 7.54
1578127861, 0, 0, 204, 204, 3, 9.83%, 0, 34, 2, 9.63
1578128083, 0, 0, 204, 204, 3, 9.83%, 0, 35, 2, 6.86
1578128099, 0, 0, 204, 204, 3, 9.83%, 0, 36, 2, 6.48
1578128612, 0, 0, 204, 204, 3, 9.83%, 0, 37, 2, 11.19
1578128839, 0, 0, 205, 205, 3, 9.83%, 0, 37, 2, 7.09
1578128995, 0, 0, 206, 206, 3, 9.83%, 0, 37, 2, 8.62
1578129515, 0, 0, 207, 207, 3, 9.84%, 0, 37, 2, 7.68
1578129803, 0, 0, 208, 208, 3, 9.84%, 0, 37, 2, 6.22
1578129933, 0, 0, 209, 209, 3, 9.84%, 0, 37, 2, 7.12
1578130206, 0, 0, 210, 210, 3, 9.84%, 0, 37, 2, 6.77
1578130326, 0, 0, 210, 210, 3, 9.84%, 6, 37, 2, 22.96
1578130331, 0, 0, 212, 212, 3, 9.85%, 7, 37, 2, 22.13
1578130336, 0, 0, 213, 213, 3, 9.85%, 7, 37, 2, 16.04
1578130341, 0, 0, 217, 217, 3, 9.86%, 7, 37, 2, 14.93
1578130346, 0, 0, 218, 218, 3, 9.86%, 7, 37, 2, 14.75
1578130351, 0, 0, 222, 222, 3, 9.87%, 7, 37, 2, 14.64
1578130357, 0, 0, 227, 227, 3, 9.88%, 7, 37, 2, 14.46
1578130362, 0, 0, 229, 229, 3, 9.88%, 7, 37, 2, 14.64
1578130367, 0, 0, 233, 233, 3, 9.89%, 7, 37, 2, 14.67
1578130377, 0, 0, 234, 234, 3, 9.89%, 7, 37, 2, 14.76
1578130382, 0, 0, 237, 237, 3, 9.89%, 7, 37, 2, 14.63
1578130387, 0, 0, 240, 240, 3, 9.90%, 7, 37, 2, 14.77
1578130392, 0, 0, 246, 246, 3, 9.93%, 8, 37, 2, 14.88
1578130397, 0, 0, 247, 247, 3, 9.93%, 8, 37, 2, 14.72
1578130402, 0, 0, 254, 254, 3, 9.97%, 9, 37, 2, 14.82
1578130408, 0, 0, 255, 255, 3, 9.97%, 9, 37, 2, 14.69
1578130418, 0, 0, 257, 257, 3, 9.99%, 9, 37, 2, 9.27
1578130423, 0, 0, 258, 258, 3, 9.99%, 9, 37, 2, 8.71
1578130433, 0, 0, 259, 259, 3, 9.99%, 9, 37, 2, 8.02
1578130443, 0, 0, 260, 260, 3, 9.99%, 9, 37, 2, 8.30
1578130448, 0, 0, 263, 263, 3, 10.00%, 9, 37, 2, 7.74
1578130454, 0, 0, 264, 264, 3, 10.00%, 9, 37, 2, 7.49
1578130459, 0, 0, 265, 265, 3, 10.00%, 9, 37, 2, 7.46
1578130464, 0, 0, 269, 269, 3, 10.01%, 9, 37, 2, 8.08
1578130469, 0, 0, 271, 271, 3, 10.02%, 9, 37, 2, 7.70
1578130479, 0, 0, 273, 273, 3, 10.03%, 9, 37, 2, 7.50
1578130556, 0, 0, 274, 274, 3, 10.03%, 9, 37, 2, 7.27
1578130561, 0, 0, 276, 276, 3, 10.03%, 9, 37, 2, 7.17
1578130577, 0, 0, 279, 279, 3, 10.03%, 9, 37, 2, 11.09
1578130597, 0, 0, 280, 280, 3, 10.03%, 9, 37, 2, 6.65
1578130602, 0, 0, 281, 281, 3, 10.03%, 9, 37, 2, 7.30
1578130623, 0, 0, 283, 283, 3, 10.03%, 10, 37, 2, 21.69
1578130628, 0, 0, 284, 284, 3, 10.03%, 10, 37, 2, 16.06
1578130639, 0, 0, 286, 286, 3, 10.03%, 11, 37, 2, 16.07
1578130649, 0, 0, 287, 287, 3, 10.03%, 11, 37, 2, 10.36
1578130659, 0, 0, 288, 288, 3, 10.03%, 11, 37, 2, 8.18
1578130674, 0, 0, 289, 289, 3, 10.03%, 11, 37, 2, 0.93
1578130679, 0, 0, 290, 290, 3, 10.03%, 11, 37, 2, 8.95
1578130684, 0, 0, 291, 291, 3, 10.03%, 11, 37, 2, 8.93
1578130689, 0, 0, 292, 292, 3, 10.03%, 11, 37, 2, 7.60
1578130733, 0, 0, 293, 293, 3, 10.03%, 11, 37, 2, 9.41
1578130744, 0, 0, 294, 294, 3, 10.03%, 11, 37, 2, 9.80
1578130750, 0, 0, 295, 295, 3, 10.03%, 11, 37, 2, 8.47
1578130760, 0, 0, 297, 297, 3, 10.03%, 11, 37, 2, 7.75
1578130765, 0, 0, 298, 298, 3, 10.03%, 11, 37, 2, 8.28
1578130770, 0, 0, 299, 299, 3, 10.03%, 11, 37, 2, 8.28
