# unix_time, cycles_done, cur_path, paths_total, pending_total, pending_favs, map_size, unique_crashes, unique_hangs, max_depth, execs_per_sec
1577700652, 0, 0, 3, 3, 3, 16.20%, 0, 0, 1, 11.58
1577700805, 0, 0, 5, 5, 3, 16.20%, 0, 0, 2, 10.72
1577700811, 0, 0, 9, 9, 3, 16.60%, 0, 0, 2, 10.71
1577700821, 0, 0, 11, 11, 3, 16.60%, 0, 0, 2, 10.40
1577700826, 0, 0, 12, 12, 3, 16.60%, 0, 0, 2, 10.45
1577700831, 0, 0, 13, 13, 3, 16.61%, 0, 0, 2, 10.13
1577700836, 0, 0, 15, 15, 3, 16.62%, 0, 0, 2, 9.84
1577700841, 0, 0, 17, 17, 3, 16.63%, 0, 0, 2, 10.24
1577700847, 0, 0, 18, 18, 3, 16.63%, 0, 0, 2, 11.23
1577700852, 0, 0, 20, 20, 3, 16.63%, 0, 0, 2, 11.44
1577700862, 0, 0, 23, 23, 3, 16.63%, 0, 0, 2, 11.40
1577700877, 0, 0, 27, 27, 3, 16.65%, 0, 0, 2, 11.51
1577700883, 0, 0, 28, 28, 3, 16.65%, 0, 0, 2, 11.47
1577700888, 0, 0, 29, 29, 3, 16.65%, 0, 0, 2, 11.55
1577700893, 0, 0, 30, 30, 3, 16.65%, 0, 0, 2, 11.38
1577700913, 0, 0, 33, 33, 3, 16.66%, 0, 0, 2, 11.27
1577700918, 0, 0, 35, 35, 3, 16.66%, 0, 0, 2, 11.38
1577700929, 0, 0, 36, 36, 3, 16.66%, 0, 0, 2, 11.23
1577700934, 0, 0, 38, 38, 3, 16.66%, 0, 0, 2, 11.19
1577700939, 0, 0, 39, 39, 3, 16.66%, 0, 0, 2, 11.64
1577700944, 0, 0, 41, 41, 3, 16.66%, 0, 0, 2, 11.82
1577700949, 0, 0, 44, 44, 3, 16.66%, 0, 0, 2, 11.78
1577700954, 0, 0, 45, 45, 3, 16.66%, 0, 0, 2, 11.77
1577700959, 0, 0, 47, 47, 3, 16.67%, 0, 0, 2, 11.69
1577700964, 0, 0, 49, 49, 3, 16.67%, 0, 0, 2, 11.68
1577700980, 0, 0, 50, 50, 3, 16.67%, 0, 0, 2, 11.37
1577700985, 0, 0, 51, 51, 3, 16.67%, 0, 0, 2, 11.66
1577700995, 0, 0, 52, 52, 3, 16.67%, 0, 0, 2, 11.73
1577701005, 0, 0, 53, 53, 3, 16.68%, 0, 0, 2, 11.61
1577701025, 0, 0, 54, 54, 3, 16.68%, 0, 0, 2, 11.79
1577701051, 0, 0, 55, 55, 3, 16.69%, 0, 0, 2, 12.11
1577701062, 0, 0, 56, 56, 3, 16.69%, 0, 0, 2, 12.15
1577701087, 0, 0, 57, 57, 3, 16.69%, 0, 0, 2, 11.93
1577701098, 0, 0, 58, 58, 3, 16.69%, 0, 0, 2, 11.98
1577701108, 0, 0, 59, 59, 3, 16.69%, 0, 0, 2, 12.08
1577701129, 0, 0, 60, 60, 3, 16.69%, 0, 0, 2, 12.11
1577701164, 0, 0, 62, 62, 3, 16.69%, 0, 0, 2, 12.92
1577701169, 0, 0, 64, 64, 3, 16.69%, 0, 0, 2, 12.95
1577701246, 0, 0, 65, 65, 3, 16.69%, 0, 0, 2, 11.25
1577701333, 0, 0, 67, 67, 3, 16.69%, 0, 0, 2, 11.12
1577701344, 0, 0, 68, 68, 3, 16.70%, 0, 0, 2, 11.11
1577701349, 0, 0, 72, 72, 3, 16.71%, 0, 0, 2, 11.16
1577701354, 0, 0, 74, 74, 3, 16.71%, 0, 0, 2, 11.18
1577701359, 0, 0, 75, 75, 3, 16.71%, 0, 0, 2, 11.10
1577701364, 0, 0, 79, 79, 3, 16.72%, 0, 0, 2, 10.96
1577701380, 0, 0, 81, 81, 3, 16.72%, 0, 0, 2, 11.11
1577701385, 0, 0, 82, 82, 3, 16.72%, 0, 0, 2, 11.13
1577701390, 0, 0, 83, 83, 3, 16.72%, 0, 0, 2, 11.12
1577701400, 0, 0, 84, 84, 3, 16.72%, 0, 0, 2, 11.14
1577701405, 0, 0, 87, 87, 3, 16.72%, 0, 0, 2, 11.07
1577701410, 0, 0, 88, 88, 3, 16.72%, 0, 0, 2, 10.99
1577701425, 0, 0, 90, 90, 3, 16.73%, 0, 0, 2, 11.17
1577701451, 0, 0, 91, 91, 3, 16.73%, 0, 0, 2, 11.19
1577701834, 0, 0, 93, 93, 3, 16.73%, 0, 0, 2, 11.03
1577701911, 0, 0, 95, 95, 3, 16.73%, 0, 0, 2, 11.02
1577701998, 0, 0, 96, 96, 3, 16.73%, 0, 0, 2, 11.14
1577702110, 0, 0, 97, 97, 3, 16.74%, 0, 0, 2, 11.07
1577702130, 0, 0, 99, 99, 3, 16.74%, 0, 0, 2, 10.98
1577702135, 0, 0, 100, 100, 3, 16.74%, 0, 0, 2, 11.08
1577702146, 0, 0, 101, 101, 3, 16.74%, 0, 0, 2, 11.11
1577702151, 0, 0, 102, 102, 3, 16.74%, 0, 0, 2, 11.06
1577702156, 0, 0, 103, 103, 3, 16.74%, 0, 0, 2, 11.14
1577702166, 0, 0, 104, 104, 3, 16.74%, 0, 0, 2, 11.18
1577702176, 0, 0, 106, 106, 3, 16.74%, 0, 0, 2, 11.06
1577702186, 0, 0, 107, 107, 3, 16.74%, 0, 0, 2, 11.04
1577702293, 0, 0, 108, 108, 3, 16.74%, 0, 0, 2, 11.08
1577702508, 0, 0, 109, 109, 3, 16.74%, 0, 0, 2, 11.14
1577702533, 0, 0, 110, 110, 3, 16.75%, 0, 0, 2, 10.95
1577702671, 0, 0, 111, 111, 3, 16.75%, 0, 0, 2, 11.14
1577702910, 0, 0, 112, 112, 3, 16.76%, 0, 0, 2, 11.16
1577703075, 0, 0, 113, 113, 3, 16.81%, 0, 0, 2, 11.47
1577703085, 0, 0, 114, 114, 3, 16.81%, 0, 0, 2, 11.48
1577703096, 0, 0, 116, 116, 3, 16.81%, 0, 0, 2, 11.56
1577703101, 0, 0, 117, 117, 3, 16.81%, 0, 0, 2, 11.50
1577703142, 0, 0, 118, 118, 3, 16.82%, 0, 0, 2, 11.93
1577703168, 0, 0, 119, 119, 3, 16.82%, 0, 0, 2, 12.65
1577703198, 0, 0, 120, 120, 3, 16.82%, 0, 0, 2, 12.06
1577703214, 0, 0, 121, 121, 3, 16.82%, 0, 0, 2, 11.17
1577703306, 0, 0, 122, 122, 3, 16.82%, 0, 0, 2, 7.51
1577703492, 0, 0, 123, 123, 3, 16.82%, 0, 0, 2, 10.82
1577703518, 0, 0, 125, 125, 3, 16.86%, 0, 0, 2, 9.54
1577703523, 0, 0, 128, 128, 3, 16.86%, 0, 0, 2, 10.42
1577703626, 0, 0, 129, 129, 3, 16.87%, 0, 0, 2, 10.66
1577703646, 0, 0, 131, 131, 3, 16.87%, 0, 0, 2, 10.52
1577703651, 0, 0, 133, 133, 3, 16.88%, 0, 0, 2, 10.50
1577703667, 0, 0, 134, 134, 3, 16.88%, 0, 0, 2, 10.60
1577703672, 0, 0, 135, 135, 3, 16.88%, 0, 0, 2, 10.67
1577703677, 0, 0, 136, 136, 3, 16.88%, 0, 0, 2, 10.74
1577703708, 0, 0, 137, 137, 3, 16.88%, 0, 0, 2, 9.86
1577703775, 0, 0, 139, 139, 3, 16.88%, 0, 0, 2, 10.10
1577703801, 0, 0, 140, 140, 3, 16.88%, 0, 0, 2, 7.44
1577704096, 0, 0, 141, 141, 3, 16.89%, 0, 0, 2, 10.43
1577704111, 0, 0, 142, 142, 3, 16.89%, 0, 0, 2, 10.71
1577704116, 0, 0, 143, 143, 3, 16.89%, 0, 0, 2, 10.72
1577704126, 0, 0, 144, 144, 3, 16.89%, 0, 0, 2, 10.38
1577704249, 0, 0, 145, 145, 3, 16.90%, 0, 0, 2, 7.38
1577704264, 0, 0, 146, 146, 3, 16.90%, 0, 0, 2, 10.27
1577705013, 0, 0, 147, 147, 3, 16.90%, 0, 0, 2, 11.31
1577705177, 0, 0, 148, 148, 3, 16.90%, 0, 0, 2, 11.40
1577705198, 0, 0, 149, 149, 3, 16.90%, 0, 0, 2, 11.34
1577705203, 0, 0, 150, 150, 3, 16.90%, 0, 0, 2, 12.05
1577705208, 0, 0, 151, 151, 3, 16.90%, 0, 0, 2, 11.85
1577705213, 0, 0, 152, 152, 3, 16.90%, 0, 0, 2, 11.77
1577705305, 0, 0, 153, 153, 3, 16.90%, 0, 0, 2, 10.89
1577705326, 0, 0, 154, 154, 3, 16.90%, 0, 0, 2, 10.85
1577705336, 0, 0, 156, 156, 3, 16.91%, 0, 0, 2, 9.99
1577705351, 0, 0, 157, 157, 3, 16.91%, 0, 0, 2, 9.58
1577705361, 0, 0, 158, 158, 3, 16.91%, 0, 0, 2, 9.92
1577705387, 0, 0, 159, 159, 3, 16.91%, 0, 0, 2, 11.26
1577705402, 0, 0, 162, 162, 3, 16.91%, 0, 0, 2, 12.35
1577705469, 0, 0, 163, 163, 3, 16.92%, 0, 0, 2, 10.50
1577705505, 0, 0, 165, 165, 3, 16.92%, 0, 0, 2, 11.49
1577705525, 0, 0, 166, 166, 3, 16.92%, 0, 0, 2, 12.36
1577705582, 0, 0, 167, 167, 3, 16.93%, 0, 0, 2, 11.33
1577705628, 0, 0, 168, 168, 3, 16.93%, 0, 0, 2, 11.18
1577705684, 0, 0, 169, 169, 3, 16.93%, 0, 0, 2, 11.16
1577705705, 0, 0, 170, 170, 3, 16.93%, 0, 0, 2, 10.84
1577705771, 0, 0, 175, 175, 3, 16.94%, 0, 0, 2, 10.77
1577705776, 0, 0, 176, 176, 3, 16.94%, 0, 0, 2, 10.81
1577705909, 0, 0, 177, 177, 3, 16.94%, 0, 0, 2, 11.32
1577705934, 0, 0, 178, 178, 3, 16.94%, 0, 0, 2, 11.33
1577705944, 0, 0, 179, 179, 3, 16.96%, 0, 0, 2, 11.49
1577705949, 0, 0, 180, 180, 3, 16.96%, 0, 0, 2, 11.56
1577705960, 0, 0, 181, 181, 3, 16.96%, 0, 0, 2, 11.61
1577705965, 0, 0, 183, 183, 3, 16.96%, 0, 0, 2, 11.46
1577705971, 0, 0, 183, 183, 3, 16.96%, 0, 1, 2, 10.62
1577705976, 0, 0, 184, 184, 3, 16.96%, 0, 2, 2, 11.24
1577705997, 0, 0, 186, 186, 3, 16.97%, 0, 2, 2, 6.96
1577706023, 0, 0, 187, 187, 3, 16.97%, 0, 2, 2, 6.72
1577706063, 0, 0, 188, 188, 3, 16.97%, 0, 2, 2, 5.73
1577706095, 0, 0, 189, 189, 3, 16.97%, 0, 2, 2, 6.13
1577706100, 0, 0, 189, 189, 3, 16.97%, 0, 4, 2, 5.58
1577706121, 0, 0, 190, 190, 3, 16.97%, 0, 5, 2, 6.30
1577706147, 0, 0, 190, 190, 3, 16.97%, 0, 6, 2, 6.20
1577706183, 0, 0, 191, 191, 3, 16.97%, 0, 6, 2, 6.78
1577706204, 0, 0, 192, 192, 3, 16.97%, 0, 6, 2, 8.03
1577706240, 0, 0, 193, 193, 3, 16.97%, 0, 6, 2, 8.21
1577706344, 0, 0, 194, 194, 3, 16.97%, 0, 6, 2, 6.52
1577706360, 0, 0, 195, 195, 3, 16.97%, 0, 6, 2, 6.24
1577706365, 0, 0, 196, 196, 3, 16.97%, 0, 6, 2, 8.64
1577706375, 0, 0, 197, 197, 3, 16.97%, 0, 6, 2, 7.99
1577706406, 0, 0, 198, 198, 3, 16.97%, 0, 6, 2, 11.16
1577706411, 0, 0, 199, 199, 3, 16.97%, 0, 6, 2, 11.26
1577706442, 0, 0, 200, 200, 3, 16.98%, 0, 6, 2, 10.06
1577706484, 0, 0, 201, 201, 3, 16.98%, 0, 6, 2, 10.19
1577706546, 0, 0, 202, 202, 3, 16.98%, 0, 6, 2, 6.69
1577706567, 0, 0, 203, 203, 3, 16.98%, 0, 6, 2, 6.95
1577706588, 0, 0, 204, 204, 3, 16.98%, 0, 6, 2, 7.19
1577706608, 0, 0, 205, 205, 3, 16.98%, 0, 6, 2, 7.42
1577706681, 0, 0, 206, 206, 3, 16.98%, 0, 6, 2, 10.67
1577706810, 0, 0, 207, 207, 3, 16.98%, 0, 6, 2, 6.41
1577706826, 0, 0, 208, 208, 3, 16.98%, 0, 6, 2, 5.89
1577706846, 0, 0, 209, 209, 3, 16.98%, 0, 6, 2, 8.76
1577706976, 0, 0, 210, 210, 3, 16.98%, 0, 6, 2, 5.80
1577706981, 0, 0, 211, 211, 3, 16.98%, 0, 6, 2, 8.52
1577706996, 0, 0, 212, 212, 3, 16.98%, 0, 6, 2, 7.39
1577707136, 0, 0, 213, 213, 3, 16.98%, 0, 6, 2, 8.12
1577707151, 0, 0, 214, 214, 3, 16.98%, 0, 6, 2, 7.81
1577707286, 0, 0, 215, 215, 3, 16.98%, 0, 6, 2, 5.54
1577707416, 0, 0, 216, 216, 3, 16.98%, 0, 6, 2, 6.73
1577707437, 0, 0, 218, 218, 3, 16.99%, 0, 6, 2, 7.50
1577707680, 0, 0, 218, 218, 3, 16.99%, 0, 7, 2, 5.85
1577707950, 0, 0, 219, 219, 3, 16.99%, 0, 7, 2, 6.23
1577708127, 0, 0, 220, 220, 3, 16.99%, 0, 7, 2, 6.84
1577708298, 0, 0, 221, 221, 3, 16.99%, 0, 7, 2, 6.77
1577708770, 0, 0, 222, 222, 3, 17.00%, 0, 7, 2, 7.69
1577708790, 0, 0, 223, 223, 3, 17.00%, 0, 7, 2, 7.56
1577708914, 0, 0, 224, 224, 3, 17.00%, 0, 7, 2, 6.20
1577708930, 0, 0, 225, 225, 3, 17.00%, 0, 7, 2, 6.44
1577709075, 0, 0, 226, 226, 3, 17.00%, 0, 7, 2, 6.03
1577709250, 0, 0, 227, 227, 3, 17.00%, 0, 7, 2, 6.41
1577709271, 0, 0, 228, 228, 3, 17.00%, 0, 7, 2, 6.52
1577709441, 0, 0, 229, 229, 3, 17.00%, 0, 7, 2, 6.13
1577709800, 0, 0, 230, 230, 3, 17.00%, 0, 7, 2, 6.40
1577709965, 0, 0, 231, 231, 3, 17.00%, 0, 7, 2, 6.83
1577709970, 0, 0, 232, 232, 3, 17.00%, 0, 7, 2, 9.82
1577710121, 0, 0, 233, 233, 3, 17.00%, 0, 7, 2, 6.40
1577710136, 0, 0, 234, 234, 3, 17.00%, 0, 7, 2, 7.54
1577710177, 0, 0, 237, 237, 3, 17.00%, 0, 7, 2, 11.59
1577710332, 0, 0, 238, 238, 3, 17.00%, 0, 7, 2, 6.71
1577710504, 0, 0, 239, 239, 3, 17.00%, 0, 7, 2, 6.22
1577710674, 0, 0, 240, 240, 3, 17.00%, 0, 7, 2, 10.04
1577710974, 0, 0, 241, 241, 3, 17.00%, 0, 7, 2, 6.53
1577710979, 0, 0, 242, 242, 3, 17.01%, 0, 7, 2, 10.39
1577711108, 0, 0, 242, 242, 3, 17.01%, 2, 7, 2, 5.78
1577711124, 0, 0, 243, 243, 3, 17.01%, 2, 7, 2, 6.54
1577711274, 0, 0, 244, 244, 3, 17.01%, 2, 7, 2, 9.35
1577711402, 0, 0, 245, 245, 3, 17.01%, 2, 7, 2, 6.44
1577711537, 0, 0, 246, 246, 3, 17.15%, 2, 7, 2, 11.49
1577711542, 0, 0, 247, 247, 3, 17.21%, 2, 7, 2, 12.62
1577711547, 0, 0, 248, 248, 3, 17.21%, 2, 7, 2, 12.92
1577711552, 0, 0, 250, 250, 3, 17.21%, 2, 7, 2, 12.89
1577711557, 0, 0, 251, 251, 3, 17.22%, 2, 7, 2, 12.67
1577711562, 0, 0, 254, 254, 3, 17.23%, 2, 7, 2, 12.89
1577711567, 0, 0, 255, 255, 3, 17.23%, 2, 7, 2, 12.89
1577711572, 0, 0, 258, 258, 3, 17.24%, 2, 7, 2, 12.83
1577711577, 0, 0, 261, 261, 3, 17.24%, 2, 7, 2, 12.83
1577711583, 0, 0, 266, 266, 3, 17.25%, 2, 7, 2, 12.64
1577711588, 0, 0, 268, 268, 3, 17.25%, 2, 7, 2, 12.55
1577711593, 0, 0, 272, 272, 3, 17.26%, 2, 7, 2, 12.50
1577711608, 0, 0, 276, 276, 3, 17.26%, 2, 7, 2, 12.82
1577711613, 0, 0, 277, 277, 3, 17.26%, 2, 7, 2, 12.75
1577711619, 0, 0, 281, 281, 3, 17.27%, 3, 7, 2, 13.04
1577711624, 0, 0, 286, 286, 3, 17.29%, 3, 7, 2, 12.87
1577711634, 0, 0, 293, 293, 3, 17.34%, 3, 7, 2, 12.99
1577711639, 0, 0, 294, 294, 3, 17.34%, 3, 7, 2, 12.90
1577711649, 0, 0, 296, 296, 3, 17.34%, 4, 7, 2, 12.82
1577711660, 0, 0, 297, 297, 3, 17.34%, 4, 7, 2, 12.82
1577711665, 0, 0, 298, 298, 3, 17.35%, 4, 7, 2, 12.80
1577711670, 0, 0, 303, 303, 3, 17.35%, 4, 7, 2, 12.90
1577711675, 0, 0, 306, 306, 3, 17.36%, 4, 7, 2, 12.87
1577711680, 0, 0, 311, 311, 3, 17.37%, 4, 7, 2, 12.84
1577711685, 0, 0, 312, 312, 3, 17.38%, 4, 7, 2, 12.74
1577711732, 0, 0, 314, 314, 3, 17.38%, 4, 7, 2, 12.58
1577711742, 0, 0, 317, 317, 3, 17.38%, 4, 7, 2, 12.87
1577711757, 0, 0, 320, 320, 3, 17.38%, 4, 7, 2, 12.84
1577711762, 0, 0, 321, 321, 3, 17.38%, 4, 7, 2, 12.76
1577711767, 0, 0, 322, 322, 3, 17.38%, 4, 7, 2, 12.53
1577711773, 0, 0, 326, 326, 3, 17.39%, 4, 7, 2, 12.85
1577711788, 0, 0, 327, 327, 3, 17.39%, 4, 7, 2, 12.92
1577711793, 0, 0, 329, 329, 3, 17.39%, 4, 7, 2, 12.84
1577711798, 0, 0, 330, 330, 3, 17.39%, 4, 7, 2, 12.76
1577711814, 0, 0, 332, 332, 3, 17.39%, 4, 7, 2, 12.88
1577711819, 0, 0, 333, 333, 3, 17.39%, 4, 7, 2, 12.89
1577711824, 0, 0, 334, 334, 3, 17.39%, 4, 7, 2, 12.82
1577711855, 0, 0, 336, 336, 3, 17.39%, 4, 7, 2, 12.76
1577711865, 0, 0, 337, 337, 3, 17.39%, 4, 7, 2, 12.78
1577711870, 0, 0, 339, 339, 3, 17.39%, 4, 7, 2, 12.79
1577711875, 0, 0, 341, 341, 3, 17.39%, 4, 7, 2, 12.69
1577711886, 0, 0, 343, 343, 3, 17.39%, 4, 7, 2, 12.64
1577711891, 0, 0, 344, 344, 3, 17.39%, 4, 7, 2, 12.89
1577711896, 0, 0, 346, 346, 3, 17.39%, 4, 7, 2, 12.87
1577711901, 0, 0, 347, 347, 3, 17.39%, 4, 7, 2, 12.75
1577711927, 0, 0, 349, 349, 3, 17.39%, 4, 7, 2, 12.92
1577711932, 0, 0, 350, 350, 3, 17.39%, 4, 7, 2, 12.86
1577711942, 0, 0, 352, 352, 3, 17.39%, 4, 7, 2, 12.75
1577711947, 0, 0, 355, 355, 3, 17.39%, 4, 7, 2, 12.79
1577711958, 0, 0, 356, 356, 3, 17.39%, 4, 7, 2, 12.89
1577711963, 0, 0, 359, 359, 3, 17.39%, 4, 7, 2, 12.83
1577711968, 0, 0, 360, 360, 3, 17.39%, 4, 7, 2, 12.83
1577711973, 0, 0, 362, 362, 3, 17.39%, 4, 7, 2, 12.72
1577711978, 0, 0, 363, 363, 3, 17.39%, 4, 7, 2, 12.79
1577711983, 0, 0, 365, 365, 3, 17.39%, 4, 7, 2, 12.73
1577711994, 0, 0, 367, 367, 3, 17.39%, 4, 7, 2, 12.86
1577712004, 0, 0, 369, 369, 3, 17.39%, 4, 7, 2, 12.82
1577712009, 0, 0, 370, 370, 3, 17.39%, 4, 7, 2, 12.73
1577712014, 0, 0, 372, 372, 3, 17.39%, 4, 7, 2, 12.74
1577712019, 0, 0, 373, 373, 3, 17.39%, 4, 7, 2, 12.69
1577712024, 0, 0, 374, 374, 3, 17.39%, 4, 7, 2, 12.89
1577712030, 0, 0, 376, 376, 3, 17.39%, 4, 7, 2, 12.85
1577712040, 0, 0, 378, 378, 3, 17.39%, 4, 7, 2, 12.82
1577712050, 0, 0, 379, 379, 3, 17.39%, 4, 7, 2, 12.67
1577712060, 0, 0, 382, 382, 3, 17.40%, 4, 7, 2, 12.85
1577712066, 0, 0, 383, 383, 3, 17.40%, 4, 7, 2, 12.83
1577712081, 0, 0, 385, 385, 3, 17.40%, 4, 7, 2, 12.71
1577712086, 0, 0, 387, 387, 3, 17.40%, 4, 7, 2, 12.74
1577712091, 0, 0, 389, 389, 3, 17.40%, 4, 7, 2, 12.72
1577712102, 0, 0, 390, 390, 3, 17.40%, 4, 7, 2, 12.92
1577712107, 0, 0, 391, 391, 3, 17.40%, 4, 7, 2, 12.82
1577712117, 0, 0, 393, 393, 3, 17.40%, 4, 7, 2, 12.67
1577712122, 0, 0, 394, 394, 3, 17.40%, 4, 7, 2, 12.80
1577712127, 0, 0, 395, 395, 3, 17.40%, 4, 7, 2, 12.69
1577712132, 0, 0, 396, 396, 3, 17.41%, 4, 7, 2, 12.74
1577712138, 0, 0, 397, 397, 3, 17.41%, 4, 7, 2, 12.85
1577712143, 0, 0, 398, 398, 3, 17.41%, 5, 7, 2, 12.90
1577712179, 0, 0, 399, 399, 3, 17.41%, 5, 7, 2, 12.78
1577712184, 0, 0, 400, 400, 3, 17.41%, 5, 7, 2, 12.75
1577712189, 0, 0, 401, 401, 3, 17.43%, 5, 7, 2, 12.75
1577712194, 0, 0, 405, 405, 3, 17.43%, 5, 7, 2, 12.73
1577712199, 0, 0, 407, 407, 3, 17.43%, 5, 7, 2, 12.74
1577712215, 0, 0, 408, 408, 3, 17.44%, 5, 7, 2, 12.85
1577712225, 0, 0, 411, 411, 3, 17.45%, 5, 7, 2, 12.81
1577712230, 0, 0, 412, 412, 3, 17.46%, 5, 7, 2, 12.75
1577712235, 0, 0, 413, 413, 3, 17.46%, 5, 7, 2, 12.67
1577712241, 0, 0, 417, 417, 3, 17.48%, 5, 7, 2, 12.87
1577712246, 0, 0, 422, 422, 3, 17.48%, 5, 7, 2, 12.84
1577712251, 0, 0, 424, 424, 3, 17.49%, 5, 7, 2, 12.82
1577712256, 0, 0, 425, 425, 3, 17.49%, 5, 7, 2, 12.79
1577712292, 0, 0, 427, 427, 3, 17.49%, 5, 7, 2, 12.81
1577712297, 0, 0, 429, 429, 3, 17.49%, 5, 7, 2, 12.78
1577712302, 0, 0, 430, 430, 3, 17.50%, 5, 7, 2, 12.77
1577712312, 0, 0, 431, 431, 3, 17.50%, 5, 7, 2, 12.88
1577712333, 0, 0, 434, 434, 3, 17.50%, 5, 7, 2, 12.74
1577712338, 0, 0, 435, 435, 3, 17.50%, 5, 7, 2, 12.72
1577712343, 0, 0, 435, 435, 3, 17.50%, 6, 7, 2, 13.15
1577712349, 0, 0, 437, 437, 3, 17.51%, 6, 7, 2, 12.96
1577712354, 0, 0, 441, 441, 3, 17.52%, 6, 7, 2, 12.85
1577712359, 0, 0, 443, 443, 3, 17.52%, 6, 7, 2, 12.69
1577712405, 0, 0, 444, 444, 3, 17.52%, 6, 7, 2, 12.70
1577712411, 0, 0, 445, 445, 3, 17.52%, 6, 7, 2, 12.67
1577712457, 0, 0, 448, 448, 3, 17.52%, 8, 7, 2, 14.28
1577712462, 0, 0, 449, 449, 3, 17.52%, 8, 7, 2, 13.24
1577712508, 0, 0, 450, 450, 3, 17.52%, 8, 7, 2, 12.73
1577712570, 0, 0, 451, 451, 3, 17.52%, 8, 7, 2, 12.80
1577712575, 0, 0, 452, 452, 3, 17.52%, 8, 7, 2, 12.67
1577712580, 0, 0, 454, 454, 3, 17.54%, 8, 7, 2, 12.72
1577712586, 0, 0, 458, 458, 3, 17.54%, 8, 7, 2, 12.78
1577712591, 0, 0, 459, 459, 3, 17.54%, 8, 7, 2, 12.73
1577712606, 0, 0, 461, 461, 3, 17.54%, 8, 7, 2, 12.88
1577712611, 0, 0, 463, 463, 3, 17.55%, 8, 7, 2, 12.89
1577712621, 0, 0, 464, 464, 3, 17.55%, 8, 7, 2, 12.84
1577712637, 0, 0, 465, 465, 3, 17.55%, 8, 7, 2, 12.73
1577712647, 0, 0, 466, 466, 3, 17.55%, 8, 7, 2, 12.75
1577712657, 0, 0, 470, 470, 3, 17.56%, 8, 7, 2, 12.85
1577712662, 0, 0, 474, 474, 3, 17.56%, 8, 7, 2, 12.73
1577712678, 0, 0, 475, 475, 3, 17.56%, 8, 7, 2, 12.84
1577712683, 0, 0, 477, 477, 3, 17.57%, 8, 7, 2, 12.83
1577712688, 0, 0, 478, 478, 3, 17.57%, 8, 7, 2, 12.81
1577712693, 0, 0, 480, 480, 3, 17.57%, 8, 7, 2, 12.74
1577712699, 0, 0, 482, 482, 3, 17.57%, 8, 7, 2, 12.75
1577712704, 0, 0, 483, 483, 3, 17.57%, 8, 7, 2, 12.73
1577712740, 0, 0, 484, 484, 3, 17.57%, 8, 7, 2, 12.58
1577712745, 0, 0, 485, 485, 3, 17.58%, 8, 7, 2, 12.87
1577712750, 0, 0, 486, 486, 3, 17.58%, 8, 7, 2, 12.85
1577712755, 0, 0, 487, 487, 3, 17.58%, 8, 7, 2, 12.86
1577712765, 0, 0, 490, 490, 3, 17.58%, 8, 7, 2, 12.67
1577712775, 0, 0, 494, 494, 3, 17.58%, 8, 7, 2, 12.61
1577712786, 0, 0, 496, 496, 3, 17.59%, 8, 7, 2, 12.81
1577712791, 0, 0, 497, 497, 3, 17.59%, 8, 7, 2, 12.77
1577712801, 0, 0, 500, 500, 3, 17.59%, 8, 7, 2, 12.72
1577712807, 0, 0, 503, 503, 3, 17.59%, 8, 7, 2, 12.73
1577712822, 0, 0, 504, 504, 3, 17.59%, 8, 7, 2, 12.80
1577712827, 0, 0, 506, 506, 3, 17.59%, 8, 7, 2, 12.80
1577712832, 0, 0, 507, 507, 3, 17.59%, 8, 7, 2, 12.77
1577712837, 0, 0, 508, 508, 3, 17.59%, 8, 7, 2, 12.73
1577712843, 0, 0, 510, 510, 3, 17.59%, 8, 7, 2, 12.76
1577712879, 0, 0, 511, 511, 3, 17.59%, 8, 7, 2, 12.73
1577712889, 0, 0, 513, 513, 3, 17.59%, 8, 7, 2, 12.87
1577712894, 0, 0, 514, 514, 3, 17.59%, 8, 7, 2, 12.84
1577712910, 0, 0, 515, 515, 3, 17.59%, 8, 7, 2, 12.71
1577712920, 0, 0, 516, 516, 3, 17.59%, 8, 7, 2, 12.71
1577712930, 0, 0, 518, 518, 3, 17.59%, 8, 7, 2, 12.85
1577712935, 0, 0, 519, 519, 3, 17.59%, 8, 7, 2, 12.83
1577712940, 0, 0, 520, 520, 3, 17.59%, 8, 7, 2, 12.80
1577712945, 0, 0, 523, 523, 3, 17.59%, 8, 7, 2, 12.78
1577712951, 0, 0, 524, 524, 3, 17.59%, 8, 7, 2, 12.76
1577712966, 0, 0, 525, 525, 3, 17.59%, 8, 7, 2, 12.61
1577712976, 0, 0, 526, 526, 3, 17.59%, 8, 7, 2, 12.77
1577712982, 0, 0, 528, 528, 3, 17.59%, 8, 7, 2, 12.80
1577713023, 0, 0, 529, 529, 3, 17.59%, 8, 7, 2, 12.70
1577713028, 0, 0, 530, 530, 3, 17.59%, 8, 7, 2, 12.73
1577713038, 0, 0, 531, 531, 3, 17.59%, 8, 7, 2, 12.87
1577713059, 0, 0, 533, 533, 3, 17.59%, 8, 7, 2, 12.79
1577713069, 0, 0, 534, 534, 3, 17.59%, 8, 7, 2, 12.71
1577713074, 0, 0, 535, 535, 3, 17.59%, 8, 7, 2, 12.88
1577713079, 0, 0, 536, 536, 3, 17.59%, 8, 7, 2, 12.87
1577713085, 0, 0, 538, 538, 3, 17.59%, 8, 7, 2, 12.82
1577713090, 0, 0, 540, 540, 3, 17.59%, 8, 7, 2, 12.81
1577713131, 0, 0, 541, 541, 3, 17.59%, 8, 7, 2, 12.78
1577713136, 0, 0, 542, 542, 3, 17.59%, 8, 7, 2, 12.76
1577713141, 0, 0, 543, 543, 3, 17.59%, 8, 7, 2, 12.73
1577713152, 0, 0, 544, 544, 3, 17.59%, 8, 7, 2, 12.82
1577713172, 0, 0, 546, 546, 3, 17.59%, 8, 7, 2, 12.68
1577713182, 0, 0, 547, 547, 3, 17.59%, 8, 7, 2, 12.84
1577713203, 0, 0, 549, 549, 3, 17.59%, 8, 7, 2, 12.61
1577713208, 0, 0, 552, 552, 3, 17.59%, 8, 7, 2, 12.69
1577713265, 0, 0, 554, 554, 3, 17.59%, 8, 7, 2, 12.83
1577713301, 0, 0, 555, 555, 3, 17.59%, 8, 7, 2, 12.85
1577713311, 0, 0, 556, 556, 3, 17.59%, 8, 7, 2, 12.86
1577713327, 0, 0, 558, 558, 3, 17.59%, 9, 7, 2, 12.81
1577713332, 0, 0, 560, 560, 3, 17.61%, 9, 7, 2, 12.90
1577713378, 0, 0, 561, 561, 3, 17.61%, 9, 7, 2, 12.71
1577713389, 0, 0, 563, 563, 3, 17.62%, 9, 7, 2, 12.71
1577713394, 0, 0, 565, 565, 3, 17.62%, 9, 7, 2, 12.75
1577713399, 0, 0, 566, 566, 3, 17.62%, 9, 7, 2, 12.82
1577713425, 0, 0, 567, 567, 3, 17.62%, 9, 7, 2, 12.71
1577713430, 0, 0, 568, 568, 3, 17.63%, 9, 7, 2, 12.71
1577713435, 0, 0, 571, 571, 3, 17.64%, 9, 7, 2, 12.68
1577713440, 0, 0, 573, 573, 3, 17.64%, 9, 7, 2, 12.83
1577713492, 0, 0, 574, 574, 3, 17.64%, 9, 7, 2, 12.81
1577713564, 0, 0, 575, 575, 3, 17.64%, 9, 7, 2, 12.83
1577713569, 0, 0, 576, 576, 3, 17.65%, 9, 7, 2, 12.81
1577713574, 0, 0, 577, 577, 3, 17.65%, 9, 7, 2, 12.77
1577713579, 0, 0, 578, 578, 3, 17.65%, 9, 7, 2, 12.80
1577713600, 0, 0, 580, 580, 3, 17.65%, 9, 7, 2, 12.80
1577713605, 0, 0, 581, 581, 3, 17.65%, 9, 7, 2, 12.70
1577713621, 0, 0, 582, 582, 3, 17.66%, 9, 7, 2, 12.86
1577713626, 0, 0, 583, 583, 3, 17.66%, 9, 7, 2, 12.86
1577713631, 0, 0, 584, 584, 3, 17.67%, 9, 7, 2, 12.86
1577713636, 0, 0, 585, 585, 3, 17.67%, 9, 7, 2, 12.86
1577713662, 0, 0, 586, 586, 3, 17.67%, 9, 7, 2, 12.84
1577713677, 0, 0, 588, 588, 3, 17.67%, 9, 7, 2, 12.79
1577713683, 0, 0, 589, 589, 3, 17.67%, 9, 7, 2, 12.55
1577713688, 0, 0, 591, 591, 3, 17.68%, 9, 7, 2, 12.66
1577713693, 0, 0, 592, 592, 3, 17.68%, 9, 7, 2, 12.75
1577713698, 0, 0, 593, 593, 3, 17.68%, 9, 7, 2, 12.89
1577713714, 0, 0, 594, 594, 3, 17.68%, 9, 7, 2, 12.83
1577713729, 0, 0, 595, 595, 3, 17.69%, 9, 7, 2, 12.85
1577713734, 0, 0, 598, 598, 3, 17.70%, 10, 7, 2, 13.84
1577713739, 0, 0, 599, 599, 3, 17.70%, 10, 7, 2, 13.09
1577713744, 0, 0, 600, 600, 3, 17.70%, 10, 7, 2, 12.90
1577713780, 0, 0, 601, 601, 3, 17.70%, 10, 7, 2, 12.87
1577713801, 0, 0, 602, 602, 3, 17.70%, 10, 7, 2, 12.68
1577713806, 0, 0, 604, 604, 3, 17.70%, 10, 7, 2, 12.85
1577713811, 0, 0, 606, 606, 3, 17.70%, 10, 7, 2, 12.86
1577713817, 0, 0, 607, 607, 3, 17.70%, 10, 7, 2, 12.75
1577713853, 0, 0, 608, 608, 3, 17.70%, 10, 7, 2, 12.82
1577713868, 0, 0, 610, 610, 3, 17.70%, 10, 7, 2, 12.84
1577713884, 0, 0, 611, 611, 3, 17.70%, 10, 7, 2, 12.85
1577713889, 0, 0, 612, 612, 3, 17.70%, 10, 7, 2, 12.85
1577713894, 0, 0, 614, 614, 3, 17.70%, 10, 7, 2, 12.81
1577713899, 0, 0, 615, 615, 3, 17.70%, 10, 7, 2, 12.80
1577713935, 0, 0, 616, 616, 3, 17.70%, 10, 7, 2, 12.80
1577713976, 0, 0, 618, 618, 3, 17.70%, 10, 7, 2, 12.82
1577713981, 0, 0, 621, 621, 3, 17.70%, 10, 7, 2, 12.85
1577714033, 0, 0, 622, 622, 3, 17.70%, 10, 7, 2, 12.78
1577714053, 0, 0, 625, 625, 3, 17.70%, 10, 7, 2, 12.89
1577714064, 0, 0, 626, 626, 3, 17.70%, 10, 7, 2, 12.85
1577714121, 0, 0, 627, 627, 3, 17.70%, 10, 7, 2, 12.78
1577714136, 0, 0, 630, 630, 3, 17.70%, 10, 7, 2, 12.99
1577714218, 0, 0, 631, 631, 3, 17.70%, 10, 7, 2, 12.87
1577714296, 0, 0, 632, 632, 3, 17.70%, 10, 7, 2, 12.77
1577714379, 0, 0, 635, 635, 3, 17.70%, 10, 7, 2, 12.63
1577714461, 0, 0, 636, 636, 3, 17.70%, 10, 7, 2, 12.83
1577714471, 0, 0, 637, 637, 3, 17.72%, 10, 7, 2, 12.80
1577714476, 0, 0, 641, 641, 3, 17.72%, 10, 7, 2, 12.77
1577714481, 0, 0, 642, 642, 3, 17.72%, 10, 7, 2, 12.76
1577714487, 0, 0, 643, 643, 3, 17.72%, 10, 7, 2, 12.51
1577714502, 0, 0, 644, 644, 3, 17.72%, 10, 7, 2, 12.75
1577714523, 0, 0, 645, 645, 3, 17.72%, 10, 7, 2, 12.70
1577714528, 0, 0, 648, 648, 3, 17.73%, 10, 7, 2, 12.78
1577714533, 0, 0, 651, 651, 3, 17.74%, 10, 7, 2, 12.73
1577714538, 0, 0, 654, 654, 3, 17.75%, 10, 7, 2, 12.89
1577714548, 0, 0, 655, 655, 3, 17.76%, 10, 7, 2, 12.86
1577714554, 0, 0, 657, 657, 3, 17.77%, 10, 7, 2, 12.75
1577714559, 0, 0, 661, 661, 3, 17.78%, 10, 7, 2, 12.67
1577714564, 0, 0, 664, 664, 3, 17.78%, 10, 7, 2, 12.75
1577714579, 0, 0, 666, 666, 3, 17.78%, 10, 7, 2, 12.81
1577714584, 0, 0, 669, 669, 3, 17.79%, 10, 7, 2, 12.84
1577714590, 0, 0, 670, 670, 3, 17.79%, 10, 7, 2, 12.81
1577714595, 0, 0, 671, 671, 3, 17.79%, 10, 7, 2, 12.76
1577714600, 0, 0, 674, 674, 3, 17.79%, 10, 7, 2, 12.78
1577714605, 0, 0, 676, 676, 3, 17.79%, 10, 7, 2, 12.60
1577714610, 0, 0, 677, 677, 3, 17.79%, 10, 7, 2, 12.88
1577714615, 0, 0, 678, 678, 3, 17.79%, 10, 7, 2, 12.72
1577714621, 0, 0, 681, 681, 3, 17.79%, 10, 7, 2, 12.82
1577714631, 0, 0, 682, 682, 3, 17.79%, 10, 7, 2, 12.62
1577714636, 0, 0, 683, 683, 3, 17.79%, 10, 7, 2, 12.62
1577714641, 0, 0, 685, 685, 3, 17.79%, 10, 7, 2, 12.76
1577714646, 0, 0, 686, 686, 3, 17.79%, 10, 7, 2, 12.87
1577714652, 0, 0, 688, 688, 3, 17.79%, 10, 7, 2, 12.83
1577714662, 0, 0, 689, 689, 3, 17.79%, 10, 7, 2, 12.71
1577714708, 0, 0, 690, 690, 3, 17.79%, 10, 7, 2, 12.78
1577714729, 0, 0, 691, 691, 3, 17.79%, 10, 7, 2, 12.85
1577714775, 0, 0, 693, 693, 3, 17.79%, 10, 7, 2, 12.76
1577714785, 0, 0, 694, 694, 3, 17.79%, 10, 7, 2, 12.77
1577714790, 0, 0, 695, 695, 3, 17.80%, 10, 7, 2, 12.54
1577714795, 0, 0, 697, 697, 3, 17.81%, 10, 7, 2, 12.76
1577714821, 0, 0, 699, 699, 3, 17.81%, 10, 7, 2, 12.85
1577714826, 0, 0, 700, 700, 3, 17.81%, 10, 7, 2, 12.86
1577714832, 0, 0, 701, 701, 3, 17.81%, 10, 7, 2, 12.82
1577714842, 0, 0, 702, 702, 3, 17.81%, 10, 7, 2, 12.53
1577714888, 0, 0, 705, 705, 3, 17.83%, 10, 7, 2, 12.73
1577714893, 0, 0, 708, 708, 3, 17.83%, 10, 7, 2, 12.69
1577714914, 0, 0, 709, 709, 3, 17.83%, 10, 7, 2, 12.98
1577714924, 0, 0, 710, 710, 3, 17.85%, 10, 7, 2, 13.06
1577714929, 0, 0, 713, 713, 3, 17.85%, 10, 7, 2, 12.90
1577714949, 0, 0, 714, 714, 3, 17.86%, 10, 7, 2, 12.83
1577714960, 0, 0, 718, 718, 3, 17.88%, 10, 7, 2, 12.96
1577714965, 0, 0, 719, 719, 3, 17.91%, 10, 7, 2, 13.12
1577714975, 0, 0, 722, 722, 3, 17.94%, 10, 7, 2, 13.06
1577714980, 0, 0, 726, 726, 3, 17.94%, 10, 7, 2, 12.87
1577714985, 0, 0, 730, 730, 3, 17.95%, 10, 7, 2, 12.97
1577714990, 0, 0, 731, 731, 3, 17.95%, 10, 7, 2, 12.83
1577715005, 0, 0, 732, 732, 3, 17.96%, 10, 7, 2, 12.89
1577715011, 0, 0, 733, 733, 3, 17.96%, 10, 7, 2, 12.95
1577715016, 0, 0, 735, 735, 3, 17.96%, 10, 7, 2, 12.86
1577715021, 0, 0, 736, 736, 3, 17.96%, 10, 7, 2, 12.94
1577715057, 0, 0, 738, 738, 3, 17.97%, 10, 7, 2, 12.88
1577715067, 0, 0, 740, 740, 3, 17.97%, 10, 7, 2, 12.73
1577715072, 0, 0, 741, 741, 3, 17.97%, 10, 7, 2, 12.88
1577715077, 0, 0, 743, 743, 3, 17.97%, 10, 7, 2, 13.69
1577715087, 0, 0, 744, 744, 3, 17.97%, 10, 7, 2, 13.12
1577715092, 0, 0, 747, 747, 3, 17.98%, 10, 7, 2, 12.97
1577715097, 0, 0, 750, 750, 3, 17.98%, 10, 7, 2, 12.93
1577715102, 0, 0, 752, 752, 3, 17.98%, 10, 7, 2, 12.83
1577715108, 0, 0, 754, 754, 3, 17.98%, 10, 7, 2, 12.77
1577715143, 0, 0, 756, 756, 3, 17.98%, 10, 7, 2, 12.92
1577715154, 0, 0, 757, 757, 3, 17.98%, 10, 7, 2, 12.79
1577715159, 0, 0, 759, 759, 3, 17.98%, 10, 7, 2, 12.87
1577715164, 0, 0, 760, 760, 3, 17.98%, 10, 7, 2, 12.97
1577715174, 0, 0, 763, 763, 3, 17.98%, 10, 7, 2, 13.06
1577715179, 0, 0, 766, 766, 3, 17.98%, 10, 7, 2, 12.93
1577715184, 0, 0, 767, 767, 3, 17.98%, 10, 7, 2, 12.91
1577715190, 0, 0, 768, 768, 3, 17.98%, 10, 7, 2, 12.96
1577715210, 0, 0, 769, 769, 3, 17.98%, 10, 7, 2, 12.92
1577715225, 0, 0, 770, 770, 3, 17.98%, 10, 7, 2, 12.94
1577715241, 0, 0, 772, 772, 3, 17.98%, 10, 7, 2, 12.64
1577715256, 0, 0, 774, 774, 3, 17.98%, 10, 7, 2, 12.85
1577715261, 0, 0, 777, 777, 3, 17.98%, 10, 7, 2, 12.74
1577715266, 0, 0, 778, 778, 3, 17.98%, 10, 7, 2, 12.90
1577715271, 0, 0, 780, 780, 3, 17.98%, 10, 7, 2, 12.90
1577715292, 0, 0, 781, 781, 3, 17.98%, 10, 7, 2, 12.84
1577715307, 0, 0, 783, 783, 3, 17.98%, 10, 7, 2, 12.73
1577715317, 0, 0, 786, 786, 3, 17.98%, 10, 7, 2, 12.96
1577715322, 0, 0, 788, 788, 3, 17.98%, 10, 7, 2, 12.92
1577715487, 0, 0, 791, 791, 3, 17.99%, 10, 7, 2, 12.84
1577715492, 0, 0, 793, 793, 3, 18.00%, 10, 7, 2, 12.91
1577715652, 0, 0, 794, 794, 3, 18.00%, 10, 7, 2, 12.77
1577715657, 0, 0, 797, 797, 3, 18.00%, 10, 7, 2, 12.85
1577715821, 0, 0, 800, 800, 3, 18.00%, 10, 7, 2, 12.96
1577715986, 0, 0, 803, 803, 3, 18.00%, 10, 7, 2, 12.86
1577716151, 0, 0, 805, 805, 3, 18.00%, 10, 7, 2, 12.87
1577716156, 0, 0, 806, 806, 3, 18.00%, 10, 7, 2, 12.85
1577716316, 0, 0, 807, 807, 3, 18.00%, 10, 7, 2, 12.90
1577716321, 0, 0, 808, 808, 3, 18.00%, 10, 7, 2, 12.93
1577716481, 0, 0, 809, 809, 3, 18.00%, 10, 7, 2, 12.90
1577716486, 0, 0, 810, 810, 3, 18.00%, 10, 7, 2, 12.79
1577716646, 0, 0, 812, 812, 3, 18.00%, 10, 7, 2, 12.92
1577716651, 0, 0, 813, 813, 3, 18.00%, 10, 7, 2, 12.94
1577716975, 0, 0, 814, 814, 3, 18.00%, 10, 7, 2, 12.83
1577717628, 0, 0, 816, 816, 3, 18.00%, 10, 7, 2, 12.91
1577717793, 0, 0, 818, 818, 3, 18.00%, 10, 7, 2, 12.87
1577717958, 0, 0, 820, 820, 3, 18.00%, 10, 7, 2, 12.97
1577718030, 0, 0, 821, 821, 3, 18.00%, 10, 7, 2, 12.94
1577718035, 0, 0, 822, 822, 3, 18.00%, 10, 7, 2, 12.92
1577718045, 0, 0, 825, 825, 3, 18.01%, 10, 7, 2, 12.83
1577718050, 0, 0, 827, 827, 3, 18.01%, 10, 7, 2, 12.84
1577718055, 0, 0, 828, 828, 3, 18.01%, 10, 7, 2, 12.83
1577718060, 0, 0, 830, 830, 3, 18.01%, 10, 7, 2, 12.99
1577718065, 0, 0, 832, 832, 3, 18.01%, 11, 7, 2, 13.23
1577718071, 0, 0, 835, 835, 3, 18.01%, 11, 7, 2, 12.95
1577718076, 0, 0, 837, 837, 3, 18.01%, 11, 7, 2, 13.14
1577718091, 0, 0, 838, 838, 3, 18.01%, 11, 7, 2, 12.88
1577718096, 0, 0, 841, 841, 3, 18.01%, 11, 7, 2, 12.96
1577718101, 0, 0, 843, 843, 3, 18.01%, 11, 7, 2, 13.23
1577718122, 0, 0, 844, 844, 3, 18.01%, 11, 7, 2, 12.84
1577718127, 0, 0, 845, 845, 3, 18.01%, 11, 7, 2, 12.86
1577718137, 0, 0, 847, 847, 3, 18.01%, 11, 7, 2, 12.97
1577718142, 0, 0, 849, 849, 3, 18.01%, 11, 7, 2, 12.85
1577718199, 0, 0, 850, 850, 3, 18.01%, 11, 7, 2, 12.89
1577718369, 0, 0, 851, 851, 3, 18.01%, 11, 7, 2, 12.82
1577718529, 0, 0, 852, 852, 3, 18.01%, 11, 7, 2, 12.85
1577718534, 0, 0, 853, 853, 3, 18.01%, 11, 7, 2, 12.91
1577718694, 0, 0, 854, 854, 3, 18.01%, 11, 7, 2, 12.76
1577719023, 0, 0, 855, 855, 3, 18.01%, 11, 7, 2, 12.71
1577719669, 0, 0, 856, 856, 3, 18.01%, 11, 7, 2, 13.10
1577719988, 0, 0, 857, 857, 3, 18.01%, 11, 7, 2, 13.08
1577720313, 0, 0, 858, 858, 3, 18.01%, 11, 7, 2, 13.03
1577720470, 0, 0, 859, 859, 3, 18.01%, 11, 7, 2, 13.03
1577720632, 0, 0, 861, 861, 3, 18.01%, 11, 7, 2, 13.07
1577720871, 0, 0, 863, 863, 3, 18.01%, 11, 7, 2, 13.08
1577720881, 0, 0, 864, 864, 3, 18.01%, 11, 7, 2, 12.86
1577720886, 0, 0, 865, 865, 3, 18.01%, 11, 7, 2, 12.91
1577720891, 0, 0, 866, 866, 3, 18.01%, 11, 7, 2, 13.01
1577720901, 0, 0, 867, 867, 3, 18.01%, 11, 7, 2, 13.01
1577720912, 0, 0, 868, 868, 3, 18.01%, 11, 7, 2, 13.04
1577720922, 0, 0, 869, 869, 3, 18.01%, 11, 7, 2, 13.02
1577720998, 0, 0, 870, 870, 3, 18.01%, 11, 7, 2, 13.06
1577721003, 0, 0, 873, 873, 3, 18.01%, 11, 7, 2, 13.02
1577721008, 0, 0, 875, 875, 3, 18.01%, 11, 7, 2, 13.03
1577721059, 0, 0, 876, 876, 3, 18.01%, 11, 7, 2, 13.05
1577721074, 0, 0, 879, 879, 3, 18.01%, 11, 7, 2, 13.06
1577721079, 0, 0, 881, 881, 3, 18.01%, 11, 7, 2, 13.07
1577721119, 0, 0, 882, 882, 3, 18.01%, 11, 7, 2, 13.05
1577721130, 0, 0, 883, 883, 3, 18.01%, 11, 7, 2, 13.04
1577721145, 0, 0, 885, 885, 3, 18.01%, 11, 7, 2, 13.08
1577721150, 0, 0, 888, 888, 3, 18.01%, 11, 7, 2, 13.05
1577721155, 0, 0, 889, 889, 3, 18.01%, 11, 7, 2, 13.04
1577721200, 0, 0, 890, 890, 3, 18.01%, 11, 7, 2, 13.04
1577721221, 0, 0, 892, 892, 3, 18.01%, 11, 7, 2, 13.05
1577721276, 0, 0, 893, 893, 3, 18.01%, 11, 7, 2, 13.04
1577721291, 0, 0, 894, 894, 3, 18.01%, 11, 7, 2, 13.06
1577721352, 0, 0, 895, 895, 3, 18.01%, 11, 7, 2, 13.08
1577721357, 0, 0, 896, 896, 3, 18.01%, 11, 7, 2, 13.07
1577721413, 0, 0, 897, 897, 3, 18.01%, 11, 7, 2, 13.04
1577721428, 0, 0, 898, 898, 3, 18.01%, 11, 7, 2, 13.08
1577721489, 0, 0, 899, 899, 3, 18.01%, 11, 7, 2, 13.07
1577721499, 0, 0, 900, 900, 3, 18.01%, 11, 7, 2, 12.85
1577721550, 0, 0, 902, 902, 3, 18.01%, 11, 7, 2, 12.95
1577721560, 0, 0, 904, 904, 3, 18.01%, 11, 7, 2, 12.91
1577721570, 0, 0, 905, 905, 3, 18.01%, 11, 7, 2, 12.97
1577721631, 0, 0, 906, 906, 3, 18.01%, 11, 7, 2, 13.05
1577721636, 0, 0, 907, 907, 3, 18.01%, 11, 7, 2, 13.02
1577721702, 0, 0, 909, 909, 3, 18.01%, 11, 7, 2, 13.03
1577721707, 0, 0, 910, 910, 3, 18.01%, 11, 7, 2, 13.03
1577721748, 0, 0, 911, 911, 3, 18.01%, 11, 7, 2, 13.03
1577721768, 0, 0, 912, 912, 3, 18.01%, 11, 7, 2, 13.03
1577721783, 0, 0, 913, 913, 3, 18.02%, 11, 7, 2, 13.01
1577721793, 0, 0, 915, 915, 3, 18.02%, 11, 7, 2, 13.45
1577721799, 0, 0, 916, 916, 3, 18.02%, 11, 7, 2, 13.43
1577721809, 0, 0, 918, 918, 3, 18.02%, 11, 7, 2, 13.63
1577721819, 0, 0, 919, 919, 3, 18.04%, 17, 7, 2, 14.86
1577721824, 0, 0, 922, 922, 3, 18.05%, 19, 7, 2, 15.99
1577721829, 0, 0, 925, 925, 3, 18.05%, 21, 7, 2, 15.95
1577721834, 0, 0, 928, 928, 3, 18.05%, 21, 7, 2, 13.73
1577721839, 0, 0, 928, 928, 3, 18.05%, 25, 7, 2, 13.05
1577721844, 0, 0, 928, 928, 3, 18.05%, 26, 7, 2, 85.00
1577721855, 0, 0, 928, 928, 3, 18.05%, 28, 7, 2, 79.07
1577721865, 0, 0, 928, 928, 3, 18.05%, 30, 7, 2, 14.06
1577721875, 0, 0, 928, 928, 3, 18.05%, 31, 7, 2, 15.07
1577721890, 0, 0, 929, 929, 3, 18.05%, 31, 7, 2, 14.55
1577721901, 0, 0, 930, 930, 3, 18.05%, 31, 7, 2, 13.79
1577721906, 0, 0, 931, 931, 3, 18.05%, 31, 7, 2, 14.17
1577721911, 0, 0, 931, 931, 3, 18.05%, 32, 7, 2, 15.65
1577721916, 0, 0, 934, 934, 3, 18.06%, 32, 7, 2, 13.80
1577721921, 0, 0, 935, 935, 3, 18.06%, 32, 7, 2, 13.49
1577721926, 0, 0, 935, 935, 3, 18.06%, 33, 7, 2, 14.20
1577721936, 0, 0, 935, 935, 3, 18.06%, 35, 7, 2, 14.03
1577721957, 0, 0, 936, 936, 3, 18.06%, 36, 7, 2, 18.45
1577721962, 0, 0, 937, 937, 3, 18.06%, 37, 7, 2, 17.19
1577722043, 0, 0, 938, 938, 3, 18.06%, 37, 7, 2, 14.42
1577722048, 0, 0, 938, 938, 3, 18.06%, 38, 7, 2, 14.12
1577722095, 0, 0, 940, 940, 3, 18.07%, 38, 7, 2, 23.74
1577722120, 0, 0, 940, 940, 3, 18.07%, 39, 7, 2, 14.14
1577722166, 0, 0, 941, 941, 3, 18.07%, 39, 7, 2, 14.04
1577722171, 0, 0, 942, 942, 3, 18.07%, 39, 7, 2, 15.28
1577722176, 0, 0, 942, 942, 3, 18.07%, 40, 7, 2, 15.01
1577722228, 0, 0, 943, 943, 3, 18.07%, 40, 7, 2, 14.67
1577722243, 0, 0, 943, 943, 3, 18.07%, 41, 7, 2, 15.11
1577722248, 0, 0, 943, 943, 3, 18.07%, 42, 7, 2, 15.04
1577722253, 0, 0, 944, 944, 3, 18.08%, 43, 7, 2, 15.16
1577722289, 0, 0, 944, 944, 3, 18.08%, 44, 7, 2, 15.04
1577722340, 0, 0, 945, 945, 3, 18.08%, 44, 7, 2, 14.79
1577722350, 0, 0, 946, 946, 3, 18.08%, 44, 7, 2, 14.75
1577722412, 0, 0, 946, 946, 3, 18.08%, 45, 7, 2, 15.06
1577722417, 0, 0, 946, 946, 3, 18.08%, 46, 7, 2, 15.02
1577722422, 0, 0, 947, 947, 3, 18.08%, 46, 7, 2, 14.53
1577722427, 0, 0, 947, 947, 3, 18.08%, 47, 7, 2, 14.79
1577722432, 0, 0, 948, 948, 3, 18.09%, 47, 7, 2, 15.07
1577722438, 0, 0, 948, 948, 3, 18.09%, 49, 7, 2, 15.24
1577722443, 0, 0, 948, 948, 3, 18.09%, 51, 7, 2, 14.80
1577722463, 0, 0, 948, 948, 3, 18.09%, 52, 7, 2, 15.39
1577722468, 0, 0, 948, 948, 3, 18.09%, 53, 7, 2, 15.17
1577722479, 0, 0, 949, 949, 3, 18.09%, 53, 7, 2, 14.41
1577722509, 0, 0, 949, 949, 3, 18.09%, 54, 7, 2, 15.11
1577722525, 0, 0, 950, 950, 3, 18.10%, 54, 7, 2, 15.15
1577722586, 0, 0, 950, 950, 3, 18.10%, 55, 7, 2, 12.95
1577722653, 0, 0, 952, 952, 3, 18.10%, 55, 7, 2, 14.24
1577722709, 0, 0, 952, 952, 3, 18.10%, 56, 7, 2, 15.10
1577722725, 0, 0, 953, 953, 3, 18.11%, 56, 7, 2, 14.76
1577722755, 0, 0, 954, 954, 3, 18.11%, 56, 7, 2, 15.04
1577722950, 0, 0, 955, 955, 3, 18.11%, 56, 7, 2, 14.79
1577722960, 0, 0, 956, 956, 3, 18.11%, 56, 7, 2, 14.72
1577723084, 0, 0, 957, 957, 3, 18.11%, 56, 7, 2, 15.23
1577723089, 0, 0, 958, 958, 3, 18.11%, 57, 7, 2, 15.84
1577723130, 0, 0, 961, 961, 3, 18.11%, 57, 7, 2, 13.42
1577723145, 0, 0, 962, 962, 3, 18.12%, 57, 7, 2, 14.89
1577723150, 0, 0, 963, 963, 3, 18.13%, 57, 7, 2, 14.74
1577723165, 0, 0, 964, 964, 3, 18.13%, 57, 7, 2, 14.66
1577723212, 0, 0, 965, 965, 3, 18.13%, 57, 7, 2, 13.82
1577723349, 0, 0, 967, 967, 3, 18.13%, 57, 7, 2, 13.88
1577723421, 0, 0, 968, 968, 3, 18.13%, 57, 7, 2, 14.48
1577723867, 0, 0, 968, 968, 3, 18.13%, 58, 7, 2, 14.47
1577724404, 0, 0, 969, 969, 3, 18.13%, 58, 7, 2, 12.86
1577724481, 0, 0, 970, 970, 3, 18.15%, 58, 7, 2, 13.67
1577724502, 0, 0, 971, 971, 3, 18.15%, 58, 7, 2, 13.33
1577724507, 0, 0, 972, 972, 3, 18.15%, 58, 7, 2, 14.83
1577724512, 0, 0, 973, 973, 3, 18.15%, 59, 7, 2, 14.70
1577724517, 0, 0, 974, 974, 3, 18.15%, 60, 7, 2, 14.60
1577724522, 0, 0, 975, 975, 3, 18.15%, 60, 7, 2, 14.64
1577724553, 0, 0, 975, 975, 3, 18.15%, 61, 7, 2, 14.69
1577724701, 0, 0, 976, 976, 3, 18.16%, 61, 7, 2, 14.57
1577724859, 0, 0, 978, 978, 3, 18.16%, 61, 7, 2, 14.63
1577724869, 0, 0, 979, 979, 3, 18.16%, 61, 7, 2, 13.97
1577725233, 0, 0, 980, 980, 3, 18.16%, 62, 7, 2, 15.82
1577725243, 0, 0, 980, 980, 3, 18.16%, 63, 7, 2, 13.79
1577725289, 0, 0, 981, 981, 3, 18.17%, 63, 7, 2, 14.02
1577725309, 0, 0, 982, 982, 3, 18.18%, 63, 7, 2, 14.84
1577725329, 0, 0, 982, 982, 3, 18.18%, 64, 7, 2, 15.21
1577725345, 0, 0, 983, 983, 3, 18.19%, 64, 7, 2, 15.17
1577725375, 0, 0, 984, 984, 3, 18.19%, 64, 7, 2, 14.50
1577725411, 0, 0, 985, 985, 3, 18.19%, 64, 7, 2, 14.36
1577725723, 0, 0, 985, 985, 3, 18.19%, 65, 7, 2, 15.42
1577725805, 0, 0, 986, 986, 3, 18.19%, 65, 7, 2, 13.86
1577725933, 0, 0, 987, 987, 3, 18.19%, 65, 7, 2, 14.06
1577726194, 0, 0, 988, 988, 3, 18.19%, 65, 7, 2, 15.54
1577726205, 0, 0, 988, 988, 3, 18.19%, 66, 7, 2, 14.09
1577726567, 0, 0, 989, 989, 3, 18.19%, 66, 7, 2, 13.96
1577726572, 0, 0, 990, 990, 3, 18.19%, 66, 7, 2, 14.07
1577726762, 0, 0, 991, 991, 3, 18.19%, 66, 7, 2, 14.30
1577726870, 0, 0, 991, 991, 3, 18.19%, 67, 7, 2, 14.74
1577726983, 0, 0, 992, 992, 3, 18.19%, 67, 7, 2, 13.83
1577727301, 0, 0, 992, 992, 3, 18.19%, 68, 7, 2, 71.38
1577727306, 0, 0, 993, 993, 3, 18.19%, 68, 7, 2, 12.78
1577727377, 0, 0, 994, 994, 3, 18.19%, 68, 7, 2, 13.78
1577727494, 0, 0, 995, 995, 3, 18.19%, 68, 7, 2, 15.25
1577727504, 0, 0, 995, 995, 3, 18.19%, 69, 7, 2, 14.65
1577727607, 0, 0, 996, 996, 3, 18.19%, 69, 7, 2, 15.30
1577727899, 0, 0, 996, 996, 3, 18.19%, 70, 7, 2, 14.14
1577727965, 0, 0, 996, 996, 3, 18.19%, 71, 7, 2, 15.93
1577728487, 0, 0, 996, 996, 3, 18.19%, 72, 7, 2, 15.23
1577729343, 0, 0, 996, 996, 3, 18.19%, 73, 7, 2, 1.77
1577729527, 0, 0, 997, 997, 3, 18.19%, 73, 7, 2, 13.12
1577730350, 0, 0, 998, 998, 3, 18.19%, 73, 7, 2, 13.15
1577730493, 0, 0, 999, 999, 3, 18.19%, 73, 7, 2, 13.34
1577730841, 0, 0, 1000, 1000, 3, 18.19%, 73, 7, 2, 14.64
1577731198, 0, 0, 1000, 1000, 3, 18.19%, 74, 7, 2, 23.40
1577731208, 0, 0, 1000, 1000, 3, 18.19%, 75, 7, 2, 14.82
1577731280, 0, 0, 1001, 1001, 3, 18.19%, 75, 7, 2, 13.85
1577732124, 0, 0, 1002, 1002, 3, 18.19%, 75, 7, 2, 13.69
1577732196, 0, 0, 1003, 1003, 3, 18.19%, 75, 7, 2, 14.28
1577732585, 0, 0, 1005, 1005, 3, 18.19%, 75, 7, 2, 13.45
1577732712, 0, 0, 1006, 1006, 3, 18.19%, 75, 7, 2, 13.71
1577732840, 0, 0, 1007, 1007, 3, 18.19%, 75, 7, 2, 13.52
1577732963, 0, 0, 1008, 1008, 3, 18.19%, 75, 7, 2, 13.65
1577732969, 0, 0, 1009, 1009, 3, 18.19%, 75, 7, 2, 13.26
1577733148, 0, 0, 1010, 1010, 3, 18.19%, 75, 7, 2, 13.89
1577733332, 0, 0, 1011, 1011, 3, 18.19%, 75, 7, 2, 13.83
1577733337, 0, 0, 1012, 1012, 3, 18.19%, 75, 7, 2, 13.27
1577733470, 0, 0, 1013, 1013, 3, 18.19%, 75, 7, 2, 13.32
1577733563, 0, 0, 1014, 1014, 3, 18.19%, 75, 7, 2, 13.50
1577733655, 0, 0, 1015, 1015, 3, 18.19%, 75, 7, 2, 13.69
1577733752, 0, 0, 1016, 1016, 3, 18.19%, 75, 7, 2, 13.48
1577733865, 0, 0, 1017, 1017, 3, 18.19%, 75, 7, 2, 13.82
1577733890, 0, 0, 1018, 1018, 3, 18.19%, 75, 7, 2, 13.92
1577733998, 0, 0, 1019, 1019, 3, 18.19%, 75, 7, 2, 13.60
1577734126, 0, 0, 1020, 1020, 3, 18.19%, 75, 7, 2, 13.65
1577734254, 0, 0, 1021, 1021, 3, 18.19%, 75, 7, 2, 13.76
1577734444, 0, 0, 1022, 1022, 3, 18.19%, 75, 7, 2, 13.64
1577734628, 0, 0, 1023, 1023, 3, 18.19%, 75, 7, 2, 13.44
1577734761, 0, 0, 1024, 1024, 3, 18.19%, 75, 7, 2, 13.92
1577734859, 0, 0, 1025, 1025, 3, 18.19%, 75, 7, 2, 13.44
1577734951, 0, 0, 1026, 1026, 3, 18.19%, 75, 7, 2, 13.50
1577735043, 0, 0, 1027, 1027, 3, 18.19%, 75, 7, 2, 13.69
1577735974, 0, 0, 1027, 1027, 3, 18.19%, 76, 7, 2, 15.12
1577736337, 0, 0, 1027, 1027, 3, 18.19%, 77, 7, 2, 17.22
1577736358, 0, 0, 1027, 1027, 3, 18.19%, 78, 7, 2, 13.05
1577736404, 0, 0, 1028, 1028, 3, 18.19%, 78, 7, 2, 13.81
1577736409, 0, 0, 1029, 1029, 3, 18.19%, 78, 7, 2, 15.29
1577736419, 0, 0, 1030, 1030, 3, 18.19%, 78, 7, 2, 13.39
1577736496, 0, 0, 1030, 1030, 3, 18.19%, 79, 7, 2, 15.18
1577736782, 0, 0, 1031, 1031, 3, 18.19%, 79, 7, 2, 13.77
1577736787, 0, 0, 1032, 1032, 3, 18.19%, 79, 7, 2, 13.29
1577737171, 0, 0, 1033, 1033, 3, 18.19%, 79, 7, 2, 13.07
1577737663, 0, 0, 1034, 1034, 3, 18.19%, 79, 7, 2, 14.57
1577737735, 0, 0, 1035, 1035, 3, 18.19%, 79, 7, 2, 13.36
1577740496, 0, 0, 1036, 1036, 3, 18.19%, 79, 7, 2, 12.03
1577740521, 0, 0, 1037, 1037, 3, 18.19%, 79, 7, 2, 13.88
1577741160, 0, 0, 1038, 1038, 3, 18.19%, 79, 7, 2, 13.14
1577741170, 0, 0, 1039, 1039, 3, 18.20%, 79, 7, 2, 13.79
1577741283, 0, 0, 1040, 1040, 3, 18.20%, 79, 7, 2, 14.66
1577741288, 0, 0, 1043, 1043, 3, 18.20%, 79, 7, 2, 15.25
1577741298, 0, 0, 1045, 1045, 3, 18.22%, 79, 7, 2, 13.38
1577741303, 0, 0, 1047, 1047, 3, 18.22%, 79, 7, 2, 14.97
1577741308, 0, 0, 1048, 1048, 3, 18.23%, 79, 7, 2, 12.62
1577741313, 0, 0, 1051, 1051, 3, 18.23%, 80, 7, 2, 12.98
1577741319, 0, 0, 1054, 1054, 3, 18.23%, 80, 7, 2, 14.61
1577741329, 0, 0, 1055, 1055, 3, 18.23%, 80, 7, 2, 12.62
1577741334, 0, 0, 1057, 1057, 3, 18.23%, 80, 7, 2, 13.24
1577741344, 0, 0, 1060, 1060, 3, 18.23%, 80, 7, 2, 14.03
1577741355, 0, 0, 1062, 1062, 3, 18.23%, 80, 7, 2, 13.76
1577741365, 0, 0, 1063, 1063, 3, 18.23%, 80, 7, 2, 13.99
1577741375, 0, 0, 1064, 1064, 3, 18.23%, 80, 7, 2, 14.12
1577741380, 0, 0, 1065, 1065, 3, 18.23%, 80, 7, 2, 14.22
1577741391, 0, 0, 1067, 1067, 3, 18.23%, 80, 7, 2, 14.32
1577741416, 0, 0, 1069, 1069, 3, 18.23%, 80, 7, 2, 12.33
1577741427, 0, 0, 1070, 1070, 3, 18.23%, 80, 7, 2, 12.60
1577741432, 0, 0, 1072, 1072, 3, 18.23%, 80, 7, 2, 14.90
1577741437, 0, 0, 1073, 1073, 3, 18.23%, 80, 7, 2, 13.11
1577741447, 0, 0, 1075, 1075, 3, 18.23%, 80, 7, 2, 13.52
1577741457, 0, 0, 1076, 1076, 3, 18.23%, 80, 7, 2, 13.55
1577741488, 0, 0, 1077, 1077, 3, 18.23%, 80, 7, 2, 14.56
1577741509, 0, 0, 1078, 1078, 3, 18.23%, 80, 7, 2, 14.29
1577741514, 0, 0, 1079, 1079, 3, 18.23%, 80, 7, 2, 14.08
1577741550, 0, 0, 1080, 1080, 3, 18.23%, 80, 7, 2, 13.06
1577741555, 0, 0, 1080, 1080, 3, 18.23%, 81, 7, 2, 15.62
1577741565, 0, 0, 1081, 1081, 3, 18.23%, 81, 7, 2, 12.30
1577741570, 0, 0, 1081, 1081, 3, 18.23%, 82, 7, 2, 13.79
1577741580, 0, 0, 1081, 1081, 3, 18.23%, 83, 7, 2, 13.53
1577741585, 0, 0, 1081, 1081, 3, 18.23%, 84, 7, 2, 12.47
1577741601, 0, 0, 1083, 1083, 3, 18.23%, 84, 7, 2, 14.68
1577741606, 0, 0, 1084, 1084, 3, 18.23%, 85, 7, 2, 16.08
1577741611, 0, 0, 1086, 1086, 3, 18.23%, 85, 7, 2, 15.11
1577741616, 0, 0, 1087, 1087, 3, 18.23%, 85, 7, 2, 15.12
1577741621, 0, 0, 1092, 1092, 3, 18.24%, 85, 7, 2, 14.18
1577741627, 0, 0, 1094, 1094, 3, 18.24%, 86, 7, 2, 15.13
1577741632, 0, 0, 1096, 1096, 3, 18.24%, 86, 7, 2, 14.71
1577741642, 0, 0, 1098, 1098, 3, 18.24%, 86, 7, 2, 15.11
1577741647, 0, 0, 1099, 1099, 3, 18.24%, 86, 7, 2, 14.64
1577741657, 0, 0, 1101, 1101, 3, 18.24%, 86, 7, 2, 15.07
1577741662, 0, 0, 1102, 1102, 3, 18.24%, 86, 7, 2, 14.67
1577741673, 0, 0, 1104, 1104, 3, 18.24%, 86, 7, 2, 14.29
1577741678, 0, 0, 1105, 1105, 3, 18.24%, 86, 7, 2, 14.10
1577741683, 0, 0, 1106, 1106, 3, 18.24%, 86, 7, 2, 14.00
1577741688, 0, 0, 1108, 1108, 3, 18.24%, 86, 7, 2, 14.98
1577741703, 0, 0, 1110, 1110, 3, 18.24%, 86, 7, 2, 15.29
1577741718, 0, 0, 1112, 1112, 3, 18.24%, 86, 7, 2, 14.50
1577741734, 0, 0, 1115, 1115, 3, 18.24%, 86, 7, 2, 14.96
1577741739, 0, 0, 1117, 1117, 3, 18.24%, 86, 7, 2, 14.02
1577741744, 0, 0, 1118, 1118, 3, 18.24%, 86, 7, 2, 13.51
1577741749, 0, 0, 1119, 1119, 3, 18.24%, 86, 7, 2, 14.02
1577741755, 0, 0, 1120, 1120, 3, 18.24%, 86, 7, 2, 14.22
1577741765, 0, 0, 1121, 1121, 3, 18.24%, 86, 7, 2, 14.53
1577741770, 0, 0, 1122, 1122, 3, 18.24%, 86, 7, 2, 14.26
1577741775, 0, 0, 1123, 1123, 3, 18.24%, 87, 7, 2, 14.44
1577741796, 0, 0, 1124, 1124, 3, 18.24%, 87, 7, 2, 13.83
1577741806, 0, 0, 1125, 1125, 3, 18.24%, 87, 7, 2, 14.50
1577741821, 0, 0, 1126, 1126, 3, 18.24%, 87, 7, 2, 12.97
1577741826, 0, 0, 1127, 1127, 3, 18.24%, 87, 7, 2, 11.79
1577741841, 0, 0, 1128, 1128, 3, 18.24%, 87, 7, 2, 15.09
1577741852, 0, 0, 1128, 1128, 3, 18.24%, 88, 7, 2, 14.02
1577741867, 0, 0, 1129, 1129, 3, 18.25%, 88, 7, 2, 12.80
1577741877, 0, 0, 1130, 1130, 3, 18.25%, 88, 7, 2, 12.43
1577741913, 0, 0, 1132, 1132, 3, 18.25%, 89, 7, 2, 14.74
1577741918, 0, 0, 1133, 1133, 3, 18.25%, 89, 7, 2, 15.47
1577741924, 0, 0, 1134, 1134, 3, 18.25%, 89, 7, 2, 15.26
1577741929, 0, 0, 1136, 1136, 3, 18.25%, 89, 7, 2, 15.15
1577741939, 0, 0, 1137, 1137, 3, 18.25%, 89, 7, 2, 14.39
1577741949, 0, 0, 1138, 1138, 3, 18.25%, 89, 7, 2, 14.98
1577741964, 0, 0, 1139, 1139, 3, 18.25%, 89, 7, 2, 14.54
1577741985, 0, 0, 1140, 1140, 3, 18.25%, 89, 7, 2, 14.19
1577741995, 0, 0, 1141, 1141, 3, 18.25%, 89, 7, 2, 14.57
1577742067, 0, 0, 1142, 1142, 3, 18.25%, 89, 7, 2, 14.09
1577742108, 0, 0, 1143, 1143, 3, 18.25%, 89, 7, 2, 15.17
1577742144, 0, 0, 1143, 1143, 3, 18.25%, 90, 7, 2, 13.26
1577742155, 0, 0, 1144, 1144, 3, 18.25%, 90, 7, 2, 14.81
1577742160, 0, 0, 1145, 1145, 3, 18.25%, 90, 7, 2, 15.26
1577742165, 0, 0, 1146, 1146, 3, 18.25%, 90, 7, 2, 15.01
1577742170, 0, 0, 1148, 1148, 3, 18.25%, 90, 7, 2, 14.91
1577742180, 0, 0, 1148, 1148, 3, 18.25%, 91, 7, 2, 14.38
1577742211, 0, 0, 1149, 1149, 3, 18.25%, 91, 7, 2, 14.19
1577742232, 0, 0, 1151, 1151, 3, 18.25%, 91, 7, 2, 15.00
1577742247, 0, 0, 1152, 1152, 3, 18.25%, 91, 7, 2, 13.98
1577742252, 0, 0, 1153, 1153, 3, 18.25%, 91, 7, 2, 13.84
1577742288, 0, 0, 1158, 1158, 3, 18.26%, 91, 7, 2, 15.57
1577742308, 0, 0, 1161, 1161, 3, 18.26%, 91, 7, 2, 16.62
1577742313, 0, 0, 1162, 1162, 3, 18.26%, 91, 7, 2, 15.83
1577742318, 0, 0, 1163, 1163, 3, 18.26%, 91, 7, 2, 16.63
1577742324, 0, 0, 1165, 1165, 3, 18.26%, 91, 7, 2, 17.57
1577742329, 0, 0, 1166, 1166, 3, 18.26%, 92, 7, 2, 19.21
1577742334, 0, 0, 1167, 1167, 3, 18.26%, 92, 7, 2, 15.93
1577742339, 0, 0, 1169, 1169, 3, 18.26%, 92, 7, 2, 15.48
1577742344, 0, 0, 1173, 1173, 3, 18.26%, 92, 7, 2, 17.02
1577742349, 0, 0, 1174, 1174, 3, 18.26%, 92, 7, 2, 14.81
1577742354, 0, 0, 1176, 1176, 3, 18.26%, 92, 7, 2, 14.88
1577742360, 0, 0, 1178, 1178, 3, 18.26%, 92, 7, 2, 15.26
1577742365, 0, 0, 1180, 1180, 3, 18.26%, 92, 7, 2, 16.86
1577742375, 0, 0, 1181, 1181, 3, 18.26%, 92, 7, 2, 17.06
1577742380, 0, 0, 1182, 1182, 3, 18.26%, 92, 7, 2, 14.94
1577742385, 0, 0, 1183, 1183, 3, 18.26%, 92, 7, 2, 15.27
1577742395, 0, 0, 1186, 1186, 3, 18.26%, 92, 7, 2, 16.27
1577742400, 0, 0, 1187, 1187, 3, 18.26%, 92, 7, 2, 17.14
1577742427, 0, 0, 1189, 1189, 3, 18.26%, 92, 7, 2, 14.65
1577742447, 0, 0, 1190, 1190, 3, 18.26%, 92, 7, 2, 14.63
1577742457, 0, 0, 1191, 1191, 3, 18.26%, 92, 7, 2, 12.09
1577742463, 0, 0, 1192, 1192, 3, 18.26%, 92, 7, 2, 13.28
1577742473, 0, 0, 1193, 1193, 3, 18.26%, 92, 7, 2, 13.64
1577742483, 0, 0, 1194, 1194, 3, 18.26%, 92, 7, 2, 14.00
1577742498, 0, 0, 1195, 1195, 3, 18.26%, 92, 7, 2, 13.80
1577742519, 0, 0, 1196, 1196, 3, 18.26%, 92, 7, 2, 13.92
1577742529, 0, 0, 1197, 1197, 3, 18.26%, 92, 7, 2, 14.89
1577742539, 0, 0, 1198, 1198, 3, 18.26%, 92, 7, 2, 14.15
1577742581, 0, 0, 1199, 1199, 3, 18.26%, 92, 7, 2, 11.34
1577742586, 0, 0, 1200, 1200, 3, 18.26%, 92, 7, 2, 13.76
1577742591, 0, 0, 1201, 1201, 3, 18.26%, 92, 7, 2, 16.17
1577742601, 0, 0, 1201, 1201, 3, 18.26%, 93, 7, 2, 12.62
1577742637, 0, 0, 1202, 1202, 3, 18.26%, 93, 7, 2, 14.62
1577742642, 0, 0, 1204, 1204, 3, 18.26%, 93, 7, 2, 14.91
1577742647, 0, 0, 1205, 1205, 3, 18.26%, 93, 7, 2, 15.00
1577742652, 0, 0, 1207, 1207, 3, 18.26%, 93, 7, 2, 14.99
1577742683, 0, 0, 1207, 1207, 3, 18.26%, 94, 7, 2, 15.22
1577742688, 0, 0, 1209, 1209, 3, 18.26%, 96, 7, 2, 14.54
1577742723, 0, 0, 1210, 1210, 3, 18.26%, 97, 7, 2, 14.68
1577742764, 0, 0, 1212, 1212, 3, 18.26%, 97, 7, 2, 14.65
1577742800, 0, 0, 1213, 1213, 3, 18.26%, 97, 7, 2, 14.68
1577742805, 0, 0, 1214, 1214, 3, 18.26%, 97, 7, 2, 14.11
1577742842, 0, 0, 1215, 1215, 3, 18.26%, 97, 7, 2, 14.38
1577742882, 0, 0, 1216, 1216, 3, 18.26%, 97, 7, 2, 14.24
1577742913, 0, 0, 1217, 1217, 3, 18.26%, 97, 7, 2, 14.55
1577742954, 0, 0, 1218, 1218, 3, 18.26%, 97, 7, 2, 14.19
1577742980, 0, 0, 1219, 1219, 3, 18.26%, 97, 7, 2, 14.48
1577742995, 0, 0, 1220, 1220, 3, 18.26%, 97, 7, 2, 14.45
1577743010, 0, 0, 1221, 1221, 3, 18.26%, 97, 7, 2, 14.19
1577743221, 0, 0, 1222, 1222, 3, 18.26%, 97, 7, 2, 14.67
1577743256, 0, 0, 1223, 1223, 3, 18.26%, 97, 7, 2, 14.38
1577743261, 0, 0, 1224, 1224, 3, 18.26%, 97, 7, 2, 14.47
1577743296, 0, 0, 1224, 1224, 3, 18.26%, 98, 7, 2, 16.02
1577743306, 0, 0, 1225, 1225, 3, 18.26%, 98, 7, 2, 16.52
1577743342, 0, 0, 1226, 1226, 3, 18.26%, 98, 7, 2, 16.25
1577743414, 0, 0, 1227, 1227, 3, 18.26%, 98, 7, 2, 16.02
1577743445, 0, 0, 1228, 1228, 3, 18.26%, 98, 7, 2, 16.14
1577743455, 0, 0, 1229, 1229, 3, 18.26%, 98, 7, 2, 16.13
1577743486, 0, 0, 1230, 1230, 3, 18.26%, 98, 7, 2, 15.82
1577743552, 0, 0, 1231, 1231, 3, 18.26%, 98, 7, 2, 16.10
1577743588, 0, 0, 1232, 1232, 3, 18.26%, 99, 7, 2, 16.07
1577743593, 0, 0, 1234, 1234, 3, 18.27%, 99, 7, 2, 16.78
1577743598, 0, 0, 1236, 1236, 3, 18.27%, 99, 7, 2, 14.92
1577743603, 0, 0, 1237, 1237, 3, 18.27%, 99, 7, 2, 15.39
1577743608, 0, 0, 1238, 1238, 3, 18.27%, 99, 7, 2, 14.56
1577743623, 0, 0, 1239, 1239, 3, 18.27%, 100, 7, 2, 16.74
1577743633, 0, 0, 1240, 1240, 3, 18.28%, 100, 7, 2, 15.83
1577743639, 0, 0, 1242, 1242, 3, 18.28%, 100, 7, 2, 16.99
1577743644, 0, 0, 1244, 1244, 3, 18.28%, 100, 7, 2, 16.53
1577743649, 0, 0, 1246, 1246, 3, 18.28%, 100, 7, 2, 16.20
1577743654, 0, 0, 1250, 1250, 3, 18.28%, 100, 7, 2, 16.56
1577743659, 0, 0, 1255, 1255, 3, 18.29%, 100, 7, 2, 16.47
1577743664, 0, 0, 1259, 1259, 3, 18.29%, 100, 7, 2, 16.28
1577743669, 0, 0, 1260, 1260, 3, 18.30%, 100, 7, 2, 16.24
1577743674, 0, 0, 1263, 1263, 3, 18.30%, 101, 7, 2, 16.83
1577743679, 0, 0, 1266, 1266, 3, 18.30%, 101, 7, 2, 18.23
1577743684, 0, 0, 1268, 1268, 3, 18.30%, 102, 7, 2, 18.54
1577743689, 0, 0, 1270, 1270, 3, 18.30%, 102, 7, 2, 17.13
1577743705, 0, 0, 1272, 1272, 3, 18.30%, 102, 7, 2, 15.85
1577743725, 0, 0, 1275, 1275, 3, 18.30%, 102, 7, 2, 16.36
1577743730, 0, 0, 1276, 1276, 3, 18.30%, 102, 7, 2, 16.02
1577743740, 0, 0, 1277, 1277, 3, 18.30%, 102, 7, 2, 16.19
1577743750, 0, 0, 1279, 1279, 3, 18.30%, 102, 7, 2, 15.85
1577743755, 0, 0, 1281, 1281, 3, 18.30%, 102, 7, 2, 16.75
1577743761, 0, 0, 1282, 1282, 3, 18.30%, 102, 7, 2, 16.60
1577743766, 0, 0, 1283, 1283, 3, 18.30%, 102, 7, 2, 15.88
1577743776, 0, 0, 1284, 1284, 3, 18.30%, 102, 7, 2, 16.42
1577743791, 0, 0, 1285, 1285, 3, 18.30%, 103, 7, 2, 16.82
1577743796, 0, 0, 1287, 1287, 3, 18.30%, 103, 7, 2, 17.12
1577743801, 0, 0, 1289, 1289, 3, 18.30%, 103, 7, 2, 17.40
1577743806, 0, 0, 1291, 1291, 3, 18.30%, 103, 7, 2, 17.41
1577743811, 0, 0, 1292, 1292, 3, 18.30%, 103, 7, 2, 18.28
1577743822, 0, 0, 1293, 1293, 3, 18.30%, 103, 7, 2, 18.80
1577743837, 0, 0, 1295, 1295, 3, 18.30%, 103, 7, 2, 17.18
1577743858, 0, 0, 1296, 1296, 3, 18.30%, 103, 7, 2, 18.11
1577743868, 0, 0, 1297, 1297, 3, 18.30%, 103, 7, 2, 16.69
1577743883, 0, 0, 1298, 1298, 3, 18.30%, 103, 7, 2, 17.15
1577743893, 0, 0, 1299, 1299, 3, 18.30%, 104, 7, 2, 18.20
1577743904, 0, 0, 1301, 1301, 3, 18.30%, 104, 7, 2, 16.38
1577743909, 0, 0, 1302, 1302, 3, 18.30%, 104, 7, 2, 15.90
1577743919, 0, 0, 1304, 1304, 3, 18.30%, 104, 7, 2, 17.03
1577743929, 0, 0, 1305, 1305, 3, 18.30%, 104, 7, 2, 16.51
1577743934, 0, 0, 1306, 1306, 3, 18.30%, 104, 7, 2, 16.32
1577743940, 0, 0, 1307, 1307, 3, 18.30%, 104, 7, 2, 16.41
1577743950, 0, 0, 1308, 1308, 3, 18.30%, 104, 7, 2, 16.69
1577743960, 0, 0, 1309, 1309, 3, 18.30%, 104, 7, 2, 16.32
1577743965, 0, 0, 1311, 1311, 3, 18.30%, 104, 7, 2, 16.63
1577743970, 0, 0, 1312, 1312, 3, 18.30%, 104, 7, 2, 16.63
1577743980, 0, 0, 1313, 1313, 3, 18.30%, 104, 7, 2, 17.13
1577743996, 0, 0, 1315, 1315, 3, 18.30%, 104, 7, 2, 16.38
1577744001, 0, 0, 1316, 1316, 3, 18.30%, 104, 7, 2, 16.25
1577744011, 0, 0, 1317, 1317, 3, 18.30%, 104, 7, 2, 17.06
1577744026, 0, 0, 1318, 1318, 3, 18.30%, 104, 7, 2, 16.58
1577744057, 0, 0, 1319, 1319, 3, 18.30%, 104, 7, 2, 16.10
1577744088, 0, 0, 1320, 1320, 3, 18.30%, 104, 7, 2, 15.89
1577744119, 0, 0, 1321, 1321, 3, 18.30%, 104, 7, 2, 16.14
1577744140, 0, 0, 1322, 1322, 3, 18.30%, 104, 7, 2, 16.40
1577744145, 0, 0, 1323, 1323, 3, 18.30%, 104, 7, 2, 16.48
1577744150, 0, 0, 1324, 1324, 3, 18.30%, 104, 7, 2, 15.98
1577744160, 0, 0, 1325, 1325, 3, 18.30%, 104, 7, 2, 16.75
1577744170, 0, 0, 1326, 1326, 3, 18.30%, 104, 7, 2, 16.52
1577744175, 0, 0, 1327, 1327, 3, 18.30%, 104, 7, 2, 16.07
1577744191, 0, 0, 1328, 1328, 3, 18.30%, 104, 7, 2, 16.57
1577744201, 0, 0, 1330, 1330, 3, 18.30%, 104, 7, 2, 15.95
1577744206, 0, 0, 1331, 1331, 3, 18.30%, 104, 7, 2, 16.13
1577744211, 0, 0, 1333, 1333, 3, 18.30%, 104, 7, 2, 16.42
1577744221, 0, 0, 1334, 1334, 3, 18.30%, 104, 7, 2, 16.75
1577744226, 0, 0, 1335, 1335, 3, 18.30%, 104, 7, 2, 16.19
1577744237, 0, 0, 1336, 1336, 3, 18.30%, 104, 7, 2, 16.38
1577744252, 0, 0, 1337, 1337, 3, 18.30%, 104, 7, 2, 16.69
1577744267, 0, 0, 1338, 1338, 3, 18.30%, 104, 7, 2, 16.41
1577744329, 0, 0, 1339, 1339, 3, 18.30%, 104, 7, 2, 13.31
1577744375, 0, 0, 1340, 1340, 3, 18.30%, 104, 7, 2, 15.69
1577744391, 0, 0, 1341, 1341, 3, 18.30%, 104, 7, 2, 17.06
1577744499, 0, 0, 1342, 1342, 3, 18.30%, 104, 7, 2, 17.08
1577744514, 0, 0, 1344, 1344, 3, 18.30%, 104, 7, 2, 15.26
1577744524, 0, 0, 1345, 1345, 3, 18.30%, 104, 7, 2, 14.51
1577744560, 0, 0, 1346, 1346, 3, 18.30%, 104, 7, 2, 15.79
1577744565, 0, 0, 1347, 1347, 3, 18.30%, 104, 7, 2, 16.43
1577744570, 0, 0, 1348, 1348, 3, 18.30%, 104, 7, 2, 16.12
1577744600, 0, 0, 1351, 1351, 3, 18.30%, 104, 7, 2, 16.72
1577744610, 0, 0, 1353, 1353, 3, 18.30%, 104, 7, 2, 15.97
1577744656, 0, 0, 1354, 1354, 3, 18.31%, 104, 7, 2, 13.45
1577744661, 0, 0, 1355, 1355, 3, 18.31%, 104, 7, 2, 16.91
1577744666, 0, 0, 1356, 1356, 3, 18.31%, 104, 7, 2, 14.05
1577744677, 0, 0, 1358, 1358, 3, 18.32%, 104, 7, 2, 14.88
1577744687, 0, 0, 1359, 1359, 3, 18.32%, 104, 7, 2, 14.27
1577744707, 0, 0, 1360, 1360, 3, 18.32%, 104, 7, 2, 14.11
1577744712, 0, 0, 1362, 1362, 3, 18.32%, 104, 7, 2, 15.69
1577744717, 0, 0, 1365, 1365, 3, 18.32%, 104, 7, 2, 16.35
1577744733, 0, 0, 1367, 1367, 3, 18.32%, 104, 7, 2, 14.39
1577744738, 0, 0, 1369, 1369, 3, 18.32%, 104, 7, 2, 14.57
1577744743, 0, 0, 1371, 1371, 3, 18.32%, 104, 7, 2, 13.81
1577744748, 0, 0, 1372, 1372, 3, 18.32%, 104, 7, 2, 13.77
1577744773, 0, 0, 1375, 1375, 3, 18.32%, 104, 7, 2, 15.36
1577744778, 0, 0, 1376, 1376, 3, 18.32%, 104, 7, 2, 13.69
1577744809, 0, 0, 1377, 1377, 3, 18.32%, 104, 7, 2, 14.82
1577744814, 0, 0, 1378, 1378, 3, 18.32%, 104, 7, 2, 14.09
1577744839, 0, 0, 1379, 1379, 3, 18.32%, 104, 7, 2, 14.03
1577744860, 0, 0, 1381, 1381, 3, 18.32%, 104, 7, 2, 13.83
1577744935, 0, 0, 1382, 1382, 3, 18.32%, 104, 7, 2, 13.36
1577744961, 0, 0, 1383, 1383, 3, 18.32%, 104, 7, 2, 15.13
1577745062, 0, 0, 1384, 1384, 3, 18.32%, 104, 7, 2, 14.69
1577745098, 0, 0, 1386, 1386, 3, 18.32%, 104, 7, 2, 14.64
1577745143, 0, 0, 1387, 1387, 3, 18.32%, 104, 7, 2, 13.11
1577745214, 0, 0, 1388, 1388, 3, 18.32%, 104, 7, 2, 15.06
1577745265, 0, 0, 1389, 1389, 3, 18.32%, 104, 7, 2, 14.40
1577745371, 0, 0, 1390, 1390, 3, 18.32%, 104, 7, 2, 13.03
1577745407, 0, 0, 1391, 1391, 3, 18.32%, 104, 7, 2, 15.20
1577745422, 0, 0, 1392, 1392, 3, 18.32%, 104, 7, 2, 13.05
1577745554, 0, 0, 1394, 1394, 3, 18.32%, 104, 7, 2, 14.89
1577745610, 0, 0, 1395, 1395, 3, 18.32%, 104, 7, 2, 14.35
1577745843, 0, 0, 1396, 1396, 3, 18.32%, 104, 7, 2, 14.43
1577745848, 0, 0, 1396, 1396, 3, 18.32%, 105, 7, 2, 13.79
1577745859, 0, 0, 1397, 1397, 3, 18.32%, 105, 7, 2, 13.92
1577745864, 0, 0, 1398, 1398, 3, 18.32%, 105, 7, 2, 14.51
1577745879, 0, 0, 1398, 1398, 3, 18.32%, 106, 7, 2, 16.54
1577745915, 0, 0, 1399, 1399, 3, 18.32%, 106, 7, 2, 16.28
1577745920, 0, 0, 1400, 1400, 3, 18.32%, 106, 7, 2, 14.93
1577745925, 0, 0, 1401, 1401, 3, 18.32%, 106, 7, 2, 14.93
1577745945, 0, 0, 1402, 1402, 3, 18.32%, 106, 7, 2, 16.12
1577745965, 0, 0, 1403, 1403, 3, 18.32%, 106, 7, 2, 16.15
1577746021, 0, 0, 1405, 1405, 3, 18.32%, 106, 7, 2, 14.28
1577746026, 0, 0, 1406, 1406, 3, 18.32%, 106, 7, 2, 16.13
1577746031, 0, 0, 1406, 1406, 3, 18.32%, 107, 7, 2, 14.71
1577746046, 0, 0, 1407, 1407, 3, 18.32%, 107, 7, 2, 15.49
1577746057, 0, 0, 1407, 1407, 3, 18.32%, 108, 7, 2, 15.01
1577746077, 0, 0, 1408, 1408, 3, 18.32%, 108, 7, 2, 16.84
1577746087, 0, 0, 1409, 1409, 3, 18.32%, 108, 7, 2, 16.49
1577746103, 0, 0, 1410, 1410, 3, 18.32%, 108, 7, 2, 16.36
1577746113, 0, 0, 1412, 1412, 3, 18.32%, 108, 7, 2, 16.60
1577746164, 0, 0, 1413, 1413, 3, 18.32%, 108, 7, 2, 15.93
1577746174, 0, 0, 1414, 1414, 3, 18.32%, 108, 7, 2, 14.15
1577746179, 0, 0, 1416, 1416, 3, 18.33%, 108, 7, 2, 16.84
1577746215, 0, 0, 1417, 1417, 3, 18.33%, 108, 7, 2, 15.79
1577746230, 0, 0, 1420, 1420, 3, 18.33%, 108, 7, 2, 16.45
1577746246, 0, 0, 1421, 1421, 3, 18.33%, 108, 7, 2, 16.24
1577746276, 0, 0, 1422, 1422, 3, 18.33%, 108, 7, 2, 15.44
1577746281, 0, 0, 1423, 1423, 3, 18.33%, 109, 7, 2, 17.18
1577746291, 0, 0, 1424, 1424, 3, 18.33%, 109, 7, 2, 16.17
1577746312, 0, 0, 1424, 1424, 3, 18.33%, 110, 7, 2, 14.44
1577746342, 0, 0, 1426, 1426, 3, 18.33%, 110, 7, 2, 16.24
1577746403, 0, 0, 1427, 1427, 3, 18.33%, 110, 7, 2, 13.91
1577746408, 0, 0, 1429, 1429, 3, 18.34%, 110, 7, 2, 16.66
1577746413, 0, 0, 1430, 1430, 3, 18.34%, 110, 7, 2, 15.25
1577746418, 0, 0, 1431, 1431, 3, 18.34%, 110, 7, 2, 14.36
1577746454, 0, 0, 1432, 1432, 3, 18.34%, 110, 7, 2, 15.40
1577746464, 0, 0, 1433, 1433, 3, 18.34%, 110, 7, 2, 14.26
1577746469, 0, 0, 1434, 1434, 3, 18.34%, 110, 7, 2, 16.58
1577746485, 0, 0, 1435, 1435, 3, 18.34%, 110, 7, 2, 16.23
1577746500, 0, 0, 1436, 1436, 3, 18.34%, 110, 7, 2, 14.82
1577746505, 0, 0, 1437, 1437, 3, 18.35%, 111, 7, 2, 17.68
1577746510, 0, 0, 1439, 1439, 3, 18.35%, 111, 7, 2, 18.95
1577746515, 0, 0, 1440, 1440, 3, 18.35%, 111, 7, 2, 17.32
1577746525, 0, 0, 1441, 1441, 3, 18.35%, 111, 7, 2, 15.45
1577746556, 0, 0, 1442, 1442, 3, 18.35%, 111, 7, 2, 16.71
1577746577, 0, 0, 1443, 1443, 3, 18.35%, 111, 7, 2, 15.69
1577746627, 0, 0, 1445, 1445, 3, 18.35%, 111, 7, 2, 14.16
1577746632, 0, 0, 1446, 1446, 3, 18.35%, 111, 7, 2, 17.03
1577746637, 0, 0, 1447, 1447, 3, 18.36%, 111, 7, 2, 18.30
1577746642, 0, 0, 1450, 1450, 3, 18.36%, 111, 7, 2, 14.88
1577746647, 0, 0, 1452, 1452, 3, 18.36%, 111, 7, 2, 15.47
1577746668, 0, 0, 1454, 1454, 3, 18.36%, 111, 7, 2, 15.10
1577746673, 0, 0, 1454, 1454, 3, 18.36%, 112, 7, 2, 18.08
1577746713, 0, 0, 1455, 1455, 3, 18.36%, 112, 7, 2, 16.83
1577746775, 0, 0, 1455, 1455, 3, 18.36%, 113, 7, 2, 15.89
1577746877, 0, 0, 1456, 1456, 3, 18.36%, 113, 7, 2, 15.86
1577746882, 0, 0, 1457, 1457, 3, 18.36%, 113, 7, 2, 17.50
1577747035, 0, 0, 1457, 1457, 3, 18.36%, 114, 7, 2, 13.43
1577747071, 0, 0, 1458, 1458, 3, 18.36%, 114, 7, 2, 16.62
1577747236, 0, 0, 1459, 1459, 3, 18.36%, 114, 7, 2, 16.09
1577747241, 0, 0, 1460, 1460, 3, 18.36%, 114, 7, 2, 15.74
1577747589, 0, 0, 1461, 1461, 3, 18.36%, 114, 7, 2, 14.88
1577747594, 0, 0, 1462, 1462, 3, 18.36%, 114, 7, 2, 14.44
1577747599, 0, 0, 1463, 1463, 3, 18.36%, 114, 7, 2, 16.21
1577747650, 0, 0, 1465, 1465, 3, 18.36%, 114, 7, 2, 16.42
1577747655, 0, 0, 1466, 1466, 3, 18.36%, 114, 7, 2, 16.26
1577747686, 0, 0, 1467, 1467, 3, 18.36%, 114, 7, 2, 13.23
1577747691, 0, 0, 1468, 1468, 3, 18.36%, 114, 7, 2, 16.66
1577747696, 0, 0, 1469, 1469, 3, 18.36%, 114, 7, 2, 14.24
1577747701, 0, 0, 1471, 1471, 3, 18.36%, 114, 7, 2, 14.34
1577747706, 0, 0, 1472, 1472, 3, 18.36%, 114, 7, 2, 15.69
1577747716, 0, 0, 1473, 1473, 3, 18.36%, 114, 7, 2, 15.04
1577747741, 0, 0, 1474, 1474, 3, 18.36%, 114, 7, 2, 14.12
1577747762, 0, 0, 1475, 1475, 3, 18.36%, 114, 7, 2, 15.56
1577747787, 0, 0, 1477, 1477, 3, 18.36%, 114, 7, 2, 16.74
1577747797, 0, 0, 1479, 1479, 3, 18.36%, 114, 7, 2, 14.16
1577747812, 0, 0, 1480, 1480, 3, 18.36%, 114, 7, 2, 14.55
1577747837, 0, 0, 1481, 1481, 3, 18.36%, 114, 7, 2, 13.85
1577747848, 0, 0, 1482, 1482, 3, 18.36%, 114, 7, 2, 16.47
1577747858, 0, 0, 1483, 1483, 3, 18.36%, 114, 7, 2, 15.96
1577747878, 0, 0, 1484, 1484, 3, 18.36%, 114, 7, 2, 14.22
1577747883, 0, 0, 1485, 1485, 3, 18.36%, 114, 7, 2, 16.88
1577747899, 0, 0, 1486, 1486, 3, 18.36%, 114, 7, 2, 14.29
1577747909, 0, 0, 1487, 1487, 3, 18.36%, 114, 7, 2, 14.06
1577747914, 0, 0, 1488, 1488, 3, 18.36%, 115, 7, 2, 16.51
1577747929, 0, 0, 1489, 1489, 3, 18.36%, 115, 7, 2, 15.34
1577747939, 0, 0, 1490, 1490, 3, 18.36%, 116, 7, 2, 15.66
1577747944, 0, 0, 1491, 1491, 3, 18.36%, 116, 7, 2, 16.61
1577747980, 0, 0, 1492, 1492, 3, 18.36%, 116, 7, 2, 15.81
1577747990, 0, 0, 1494, 1494, 3, 18.36%, 116, 7, 2, 15.99
1577748005, 0, 0, 1495, 1495, 3, 18.36%, 116, 7, 2, 13.82
1577748036, 0, 0, 1496, 1496, 3, 18.36%, 116, 7, 2, 16.63
1577748071, 0, 0, 1497, 1497, 3, 18.36%, 116, 7, 2, 16.45
1577748087, 0, 0, 1498, 1498, 3, 18.36%, 116, 7, 2, 14.85
1577748163, 0, 0, 1499, 1499, 3, 18.36%, 116, 7, 2, 16.08
1577748169, 0, 0, 1500, 1500, 3, 18.36%, 116, 7, 2, 15.00
1577748174, 0, 0, 1502, 1502, 3, 18.36%, 116, 7, 2, 14.83
1577748179, 0, 0, 1504, 1504, 3, 18.36%, 116, 7, 2, 16.76
1577748225, 0, 0, 1505, 1505, 3, 18.36%, 116, 7, 2, 16.51
1577748235, 0, 0, 1506, 1506, 3, 18.36%, 116, 7, 2, 16.57
1577748260, 0, 0, 1507, 1507, 3, 18.36%, 116, 7, 2, 16.76
1577748270, 0, 0, 1508, 1508, 3, 18.36%, 116, 7, 2, 13.81
1577748275, 0, 0, 1509, 1509, 3, 18.36%, 116, 7, 2, 14.78
1577748286, 0, 0, 1510, 1510, 3, 18.36%, 116, 7, 2, 14.35
1577748291, 0, 0, 1510, 1510, 3, 18.36%, 117, 7, 2, 15.46
1577748306, 0, 0, 1511, 1511, 3, 18.36%, 117, 7, 2, 15.14
1577748356, 0, 0, 1512, 1512, 3, 18.36%, 117, 7, 2, 15.81
1577748362, 0, 0, 1513, 1513, 3, 18.36%, 118, 7, 2, 14.96
1577748367, 0, 0, 1514, 1514, 3, 18.36%, 118, 7, 2, 16.00
1577748443, 0, 0, 1516, 1516, 3, 18.36%, 118, 7, 2, 13.22
1577748448, 0, 0, 1518, 1518, 3, 18.37%, 118, 7, 2, 16.35
1577748453, 0, 0, 1521, 1521, 3, 18.38%, 118, 7, 2, 15.09
1577748459, 0, 0, 1524, 1524, 3, 18.38%, 118, 7, 2, 14.73
1577748504, 0, 0, 1527, 1527, 3, 18.38%, 118, 7, 2, 15.66
1577748509, 0, 0, 1528, 1528, 3, 18.38%, 118, 7, 2, 16.33
1577748514, 0, 0, 1529, 1529, 3, 18.38%, 118, 7, 2, 16.51
1577748530, 0, 0, 1531, 1531, 3, 18.39%, 119, 7, 2, 22.47
1577748535, 0, 0, 1532, 1532, 3, 18.39%, 120, 7, 2, 22.27
1577748540, 0, 0, 1534, 1534, 3, 18.39%, 120, 7, 2, 22.92
1577748545, 0, 0, 1537, 1537, 3, 18.40%, 120, 7, 2, 17.70
1577748550, 0, 0, 1539, 1539, 3, 18.40%, 121, 7, 2, 22.70
1577748555, 0, 0, 1543, 1543, 3, 18.46%, 123, 7, 2, 25.80
1577748560, 0, 0, 1547, 1547, 3, 18.51%, 123, 7, 2, 23.98
1577748566, 0, 0, 1551, 1551, 3, 18.54%, 123, 7, 2, 19.35
1577748571, 0, 0, 1555, 1555, 3, 18.55%, 123, 7, 2, 17.45
1577748586, 0, 0, 1557, 1557, 3, 18.55%, 123, 7, 2, 16.32
1577748596, 0, 0, 1560, 1560, 3, 18.56%, 123, 7, 2, 16.06
1577748601, 0, 0, 1561, 1561, 3, 18.56%, 123, 7, 2, 16.12
1577748611, 0, 0, 1564, 1564, 3, 18.56%, 123, 7, 2, 16.54
1577748616, 0, 0, 1565, 1565, 3, 18.56%, 123, 7, 2, 15.98
1577748622, 0, 0, 1566, 1566, 3, 18.56%, 123, 7, 2, 22.43
1577748627, 0, 0, 1569, 1569, 3, 18.56%, 123, 7, 2, 18.82
1577748632, 0, 0, 1571, 1571, 3, 18.56%, 123, 7, 2, 17.23
1577748642, 0, 0, 1573, 1573, 3, 18.56%, 123, 7, 2, 17.08
1577748658, 0, 0, 1575, 1575, 3, 18.56%, 123, 7, 2, 16.08
1577748668, 0, 0, 1577, 1577, 3, 18.56%, 123, 7, 2, 17.02
1577748673, 0, 0, 1578, 1578, 3, 18.56%, 123, 7, 2, 16.33
1577748683, 0, 0, 1581, 1581, 3, 18.56%, 123, 7, 2, 19.73
1577748688, 0, 0, 1584, 1584, 3, 18.56%, 123, 7, 2, 17.73
1577748703, 0, 0, 1585, 1585, 3, 18.56%, 123, 7, 2, 16.25
1577748714, 0, 0, 1588, 1588, 3, 18.56%, 123, 7, 2, 15.82
1577748729, 0, 0, 1590, 1590, 3, 18.56%, 123, 7, 2, 16.36
1577748739, 0, 0, 1591, 1591, 3, 18.56%, 123, 7, 2, 15.39
1577748744, 0, 0, 1592, 1592, 3, 18.56%, 123, 7, 2, 16.14
1577748749, 0, 0, 1593, 1593, 3, 18.56%, 123, 7, 2, 15.86
1577748770, 0, 0, 1594, 1594, 3, 18.56%, 124, 7, 2, 16.85
1577748897, 0, 0, 1595, 1595, 3, 18.57%, 124, 7, 2, 15.80
1577748902, 0, 0, 1599, 1599, 3, 18.58%, 124, 7, 2, 15.06
1577748907, 0, 0, 1600, 1600, 3, 18.58%, 124, 7, 2, 16.54
1577748913, 0, 0, 1601, 1601, 3, 18.58%, 124, 7, 2, 14.12
1577748918, 0, 0, 1604, 1604, 3, 18.59%, 124, 7, 2, 15.51
1577748923, 0, 0, 1605, 1605, 3, 18.59%, 124, 7, 2, 16.32
1577748928, 0, 0, 1606, 1606, 3, 18.59%, 124, 7, 2, 16.68
1577748933, 0, 0, 1607, 1607, 3, 18.59%, 124, 7, 2, 16.22
1577748938, 0, 0, 1608, 1608, 3, 18.59%, 124, 7, 2, 15.99
1577748943, 0, 0, 1609, 1609, 3, 18.59%, 124, 7, 2, 16.74
1577748948, 0, 0, 1610, 1610, 3, 18.59%, 125, 7, 2, 16.88
1577748953, 0, 0, 1614, 1614, 3, 18.61%, 125, 7, 2, 15.48
1577748959, 0, 0, 1615, 1615, 3, 18.61%, 127, 7, 2, 16.55
1577748964, 0, 0, 1619, 1619, 3, 18.61%, 128, 7, 2, 15.29
1577748969, 0, 0, 1621, 1621, 3, 18.61%, 128, 7, 2, 15.59
1577748974, 0, 0, 1624, 1624, 3, 18.62%, 128, 7, 2, 15.29
1577748979, 0, 0, 1627, 1627, 3, 18.62%, 128, 7, 2, 15.53
1577748984, 0, 0, 1629, 1629, 3, 18.62%, 128, 7, 2, 15.36
1577748994, 0, 0, 1632, 1632, 3, 18.63%, 129, 7, 2, 16.16
1577748999, 0, 0, 1636, 1636, 3, 18.63%, 129, 7, 2, 15.50
1577749005, 0, 0, 1637, 1637, 3, 18.63%, 129, 7, 2, 15.78
1577749010, 0, 0, 1639, 1639, 3, 18.63%, 129, 7, 2, 16.22
1577749015, 0, 0, 1640, 1640, 3, 18.63%, 129, 7, 2, 15.83
1577749025, 0, 0, 1640, 1640, 3, 18.63%, 130, 7, 2, 16.44
1577749040, 0, 0, 1640, 1640, 3, 18.63%, 131, 7, 2, 16.40
1577749050, 0, 0, 1641, 1641, 3, 18.63%, 132, 7, 2, 18.40
1577749061, 0, 0, 1642, 1642, 3, 18.63%, 132, 7, 2, 16.43
1577749071, 0, 0, 1643, 1643, 3, 18.63%, 132, 7, 2, 17.55
1577749076, 0, 0, 1646, 1646, 3, 18.63%, 135, 7, 2, 16.35
1577749086, 0, 0, 1647, 1647, 3, 18.63%, 135, 7, 2, 13.42
1577749091, 0, 0, 1647, 1647, 3, 18.63%, 136, 7, 2, 16.10
1577749096, 0, 0, 1648, 1648, 3, 18.63%, 136, 7, 2, 15.23
1577749116, 0, 0, 1649, 1649, 3, 18.63%, 136, 7, 2, 16.22
1577749127, 0, 0, 1650, 1650, 3, 18.63%, 136, 7, 2, 15.25
1577749183, 0, 0, 1651, 1651, 3, 18.63%, 136, 7, 2, 16.18
1577749213, 0, 0, 1652, 1652, 3, 18.63%, 136, 7, 2, 15.19
1577749218, 0, 0, 1654, 1654, 3, 18.63%, 136, 7, 2, 16.73
1577749224, 0, 0, 1655, 1655, 3, 18.63%, 136, 7, 2, 16.75
1577749239, 0, 0, 1656, 1656, 3, 18.63%, 136, 7, 2, 15.98
1577749244, 0, 0, 1657, 1657, 3, 18.63%, 136, 7, 2, 15.65
1577749269, 0, 0, 1658, 1658, 3, 18.63%, 136, 7, 2, 15.40
1577749284, 0, 0, 1659, 1659, 3, 18.63%, 136, 7, 2, 15.97
1577749341, 0, 0, 1660, 1660, 3, 18.63%, 136, 7, 2, 16.39
1577749346, 0, 0, 1662, 1662, 3, 18.63%, 136, 7, 2, 15.33
1577749351, 0, 0, 1663, 1663, 3, 18.63%, 136, 7, 2, 15.07
1577749361, 0, 0, 1663, 1663, 3, 18.63%, 137, 7, 2, 16.40
1577749366, 0, 0, 1664, 1664, 3, 18.63%, 137, 7, 2, 16.24
1577749371, 0, 0, 1665, 1665, 3, 18.63%, 137, 7, 2, 14.54
1577749468, 0, 0, 1666, 1666, 3, 18.63%, 138, 7, 2, 15.98
1577749488, 0, 0, 1667, 1667, 3, 18.63%, 138, 7, 2, 16.79
1577749498, 0, 0, 1668, 1668, 3, 18.63%, 138, 7, 2, 15.64
1577749590, 0, 0, 1669, 1669, 3, 18.63%, 138, 7, 2, 15.57
1577749595, 0, 0, 1670, 1670, 3, 18.63%, 138, 7, 2, 15.67
1577749712, 0, 0, 1671, 1671, 3, 18.63%, 139, 7, 2, 16.73
1577749732, 0, 0, 1672, 1672, 3, 18.63%, 139, 7, 2, 16.93
1577749743, 0, 0, 1673, 1673, 3, 18.63%, 139, 7, 2, 16.36
1577749834, 0, 0, 1674, 1674, 3, 18.63%, 139, 7, 2, 17.61
1577749839, 0, 0, 1675, 1675, 3, 18.63%, 139, 7, 2, 16.82
1577749855, 0, 0, 1676, 1676, 3, 18.63%, 139, 7, 2, 15.76
1577749860, 0, 0, 1677, 1677, 3, 18.63%, 139, 7, 2, 15.87
1577749865, 0, 0, 1678, 1678, 3, 18.63%, 139, 7, 2, 14.88
1577749885, 0, 0, 1678, 1678, 3, 18.63%, 140, 7, 2, 15.34
1577749921, 0, 0, 1679, 1679, 3, 18.63%, 140, 7, 2, 16.96
1577749936, 0, 0, 1680, 1680, 3, 18.63%, 140, 7, 2, 16.01
1577749957, 0, 0, 1682, 1682, 3, 18.63%, 140, 7, 2, 15.67
1577749962, 0, 0, 1683, 1683, 3, 18.64%, 140, 7, 2, 17.33
1577749967, 0, 0, 1685, 1685, 3, 18.64%, 140, 7, 2, 15.56
1577749972, 0, 0, 1688, 1688, 3, 18.64%, 140, 7, 2, 15.62
1577749982, 0, 0, 1689, 1689, 3, 18.64%, 140, 7, 2, 14.64
1577749992, 0, 0, 1691, 1691, 3, 18.64%, 140, 7, 2, 14.48
1577749997, 0, 0, 1693, 1693, 3, 18.64%, 140, 7, 2, 16.15
1577750003, 0, 0, 1696, 1696, 3, 18.66%, 140, 7, 2, 15.58
1577750008, 0, 0, 1698, 1698, 3, 18.67%, 140, 7, 2, 13.76
1577750164, 0, 0, 1700, 1700, 3, 18.68%, 140, 7, 2, 13.94
1577750326, 0, 0, 1703, 1703, 3, 18.68%, 140, 7, 2, 14.95
1577750427, 0, 0, 1705, 1705, 3, 18.68%, 140, 7, 2, 15.44
1577750448, 0, 0, 1707, 1707, 3, 18.68%, 141, 7, 2, 16.55
1577750458, 0, 0, 1708, 1708, 3, 18.68%, 141, 7, 2, 16.27
1577750478, 0, 0, 1709, 1709, 3, 18.68%, 141, 7, 2, 16.57
1577750499, 0, 0, 1710, 1710, 3, 18.68%, 141, 7, 2, 16.23
1577750504, 0, 0, 1711, 1711, 3, 18.68%, 141, 7, 2, 16.87
1577750530, 0, 0, 1713, 1713, 3, 18.68%, 141, 7, 2, 16.35
1577750535, 0, 0, 1714, 1714, 3, 18.68%, 141, 7, 2, 15.36
1577750545, 0, 0, 1715, 1715, 3, 18.68%, 142, 7, 2, 17.12
1577750575, 0, 0, 1716, 1716, 3, 18.68%, 142, 7, 2, 16.66
1577750585, 0, 0, 1719, 1719, 3, 18.68%, 142, 7, 2, 19.45
1577750601, 0, 0, 1721, 1721, 3, 18.68%, 142, 7, 2, 16.26
1577750611, 0, 0, 1722, 1722, 3, 18.68%, 142, 7, 2, 15.81
1577750616, 0, 0, 1723, 1723, 3, 18.68%, 142, 7, 2, 16.09
1577750621, 0, 0, 1725, 1725, 3, 18.68%, 142, 7, 2, 16.41
1577750626, 0, 0, 1726, 1726, 3, 18.68%, 142, 7, 2, 15.81
1577750637, 0, 0, 1727, 1727, 3, 18.68%, 142, 7, 2, 16.02
1577750647, 0, 0, 1728, 1728, 3, 18.68%, 142, 7, 2, 16.21
1577750662, 0, 0, 1729, 1729, 3, 18.68%, 142, 7, 2, 16.32
1577750749, 0, 0, 1730, 1730, 3, 18.68%, 142, 7, 2, 16.15
1577750754, 0, 0, 1730, 1730, 3, 18.68%, 143, 7, 2, 15.96
1577750765, 0, 0, 1731, 1731, 3, 18.68%, 143, 7, 2, 16.17
1577750780, 0, 0, 1732, 1732, 3, 18.68%, 143, 7, 2, 15.77
1577750826, 0, 0, 1732, 1732, 3, 18.68%, 144, 7, 2, 16.14
1577750902, 0, 0, 1733, 1733, 3, 18.68%, 144, 7, 2, 13.57
1577750912, 0, 0, 1734, 1734, 3, 18.68%, 144, 7, 2, 15.02
1577750917, 0, 0, 1735, 1735, 3, 18.68%, 144, 7, 2, 14.50
1577750938, 0, 0, 1736, 1736, 3, 18.68%, 144, 7, 2, 15.22
1577750948, 0, 0, 1738, 1738, 3, 18.68%, 144, 7, 2, 15.31
1577750963, 0, 0, 1738, 1738, 3, 18.68%, 145, 7, 2, 16.17
1577750968, 0, 0, 1739, 1739, 3, 18.68%, 145, 7, 2, 16.17
1577750973, 0, 0, 1740, 1740, 3, 18.68%, 145, 7, 2, 15.66
1577750989, 0, 0, 1741, 1741, 3, 18.68%, 145, 7, 2, 16.90
1577751004, 0, 0, 1743, 1743, 3, 18.68%, 145, 7, 2, 15.88
1577751035, 0, 0, 1744, 1744, 3, 18.68%, 145, 7, 2, 16.10
1577751065, 0, 0, 1745, 1745, 3, 18.68%, 145, 7, 2, 14.05
1577751075, 0, 0, 1746, 1746, 3, 18.68%, 145, 7, 2, 15.39
1577751137, 0, 0, 1747, 1747, 3, 18.68%, 145, 7, 2, 15.57
1577751162, 0, 0, 1748, 1748, 3, 18.68%, 145, 7, 2, 15.79
1577751167, 0, 0, 1749, 1749, 3, 18.68%, 145, 7, 2, 15.68
1577751182, 0, 0, 1750, 1750, 3, 18.68%, 145, 7, 2, 16.35
1577751193, 0, 0, 1751, 1751, 3, 18.68%, 145, 7, 2, 15.96
1577751213, 0, 0, 1752, 1752, 3, 18.68%, 145, 7, 2, 16.32
1577751223, 0, 0, 1753, 1753, 3, 18.68%, 145, 7, 2, 15.67
1577751234, 0, 0, 1754, 1754, 3, 18.68%, 145, 7, 2, 17.12
1577751239, 0, 0, 1755, 1755, 3, 18.68%, 145, 7, 2, 14.44
1577751249, 0, 0, 1757, 1757, 3, 18.68%, 145, 7, 2, 15.45
1577751289, 0, 0, 1759, 1759, 3, 18.68%, 145, 7, 2, 15.42
1577751304, 0, 0, 1760, 1760, 3, 18.68%, 145, 7, 2, 14.71
1577751375, 0, 0, 1761, 1761, 3, 18.68%, 145, 7, 2, 14.76
1577751426, 0, 0, 1762, 1762, 3, 18.68%, 145, 7, 2, 13.41
1577751623, 0, 0, 1763, 1763, 3, 18.68%, 145, 7, 2, 13.07
1577752984, 0, 0, 1764, 1764, 3, 18.68%, 145, 7, 2, 14.55
1577755911, 0, 0, 1765, 1765, 3, 18.68%, 145, 7, 2, 13.60
1577757684, 0, 0, 1768, 1768, 3, 18.68%, 145, 7, 2, 48.12
1577757689, 0, 0, 1770, 1770, 3, 18.69%, 146, 7, 2, 28.09
1577757694, 0, 0, 1771, 1771, 3, 18.70%, 146, 7, 2, 19.39
1577757715, 0, 0, 1772, 1772, 3, 18.70%, 146, 7, 2, 22.61
1577757720, 0, 0, 1773, 1773, 3, 18.70%, 146, 7, 2, 23.63
1577757725, 0, 0, 1774, 1774, 3, 18.70%, 146, 7, 2, 20.71
1577757730, 0, 0, 1776, 1776, 3, 18.70%, 146, 7, 2, 25.36
1577757735, 0, 0, 1777, 1777, 3, 18.70%, 146, 7, 2, 25.63
1577757740, 0, 0, 1778, 1778, 3, 18.70%, 146, 7, 2, 21.54
1577757756, 0, 0, 1780, 1780, 3, 18.70%, 146, 7, 2, 14.62
1577757761, 0, 0, 1781, 1781, 3, 18.70%, 146, 7, 2, 16.41
1577759346, 0, 0, 1782, 1782, 3, 18.70%, 146, 7, 2, 17.29
1577759371, 0, 0, 1784, 1784, 3, 18.70%, 146, 7, 2, 40.56
1577759377, 0, 0, 1786, 1786, 3, 18.70%, 146, 7, 2, 26.40
1577759392, 0, 0, 1788, 1788, 3, 18.70%, 146, 7, 2, 17.81
1577759402, 0, 0, 1790, 1790, 3, 18.70%, 146, 7, 2, 18.21
1577759407, 0, 0, 1791, 1791, 3, 18.70%, 146, 7, 2, 19.21
1577759448, 0, 0, 1793, 1793, 3, 18.70%, 146, 7, 2, 13.58
1577759453, 0, 0, 1794, 1794, 3, 18.71%, 146, 7, 2, 16.42
1577759458, 0, 0, 1797, 1797, 3, 18.71%, 146, 7, 2, 15.28
1577759463, 0, 0, 1799, 1799, 3, 18.71%, 146, 7, 2, 16.44
1577759478, 0, 0, 1800, 1800, 3, 18.71%, 146, 7, 2, 14.09
1577759494, 0, 0, 1801, 1801, 3, 18.71%, 146, 7, 2, 14.58
1577759509, 0, 0, 1802, 1802, 3, 18.71%, 146, 7, 2, 15.70
1577759540, 0, 0, 1803, 1803, 3, 18.71%, 146, 7, 2, 16.54
1577759555, 0, 0, 1804, 1804, 3, 18.71%, 146, 7, 2, 15.84
1577759560, 0, 0, 1804, 1804, 3, 18.71%, 147, 7, 2, 16.06
1577759565, 0, 0, 1804, 1804, 3, 18.71%, 148, 7, 2, 15.72
1577759580, 0, 0, 1805, 1805, 3, 18.71%, 148, 7, 2, 16.11
1577759585, 0, 0, 1806, 1806, 3, 18.71%, 148, 7, 2, 22.37
1577759591, 0, 0, 1807, 1807, 3, 18.71%, 149, 7, 2, 22.58
1577759616, 0, 0, 1809, 1809, 3, 18.71%, 149, 7, 2, 15.77
1577759632, 0, 0, 1810, 1810, 3, 18.71%, 149, 7, 2, 13.62
1577759698, 0, 0, 1811, 1811, 3, 18.71%, 149, 7, 2, 15.66
1577759718, 0, 0, 1812, 1812, 3, 18.71%, 149, 7, 2, 14.00
1577759775, 0, 0, 1813, 1813, 3, 18.71%, 149, 7, 2, 16.04
1577759841, 0, 0, 1814, 1814, 3, 18.71%, 149, 7, 2, 15.74
1577759846, 0, 0, 1815, 1815, 3, 18.71%, 149, 7, 2, 16.85
1577759866, 0, 0, 1817, 1817, 3, 18.71%, 149, 7, 2, 14.03
1577759871, 0, 0, 1818, 1818, 3, 18.71%, 149, 7, 2, 13.48
1577759897, 0, 0, 1819, 1819, 3, 18.71%, 149, 7, 2, 15.31
1577759907, 0, 0, 1822, 1822, 3, 18.71%, 149, 7, 2, 15.43
1577759927, 0, 0, 1824, 1824, 3, 18.72%, 149, 7, 2, 16.28
1577759932, 0, 0, 1826, 1826, 3, 18.72%, 149, 7, 2, 15.38
1577759937, 0, 0, 1827, 1827, 3, 18.72%, 149, 7, 2, 14.49
1577760094, 0, 0, 1830, 1830, 3, 18.72%, 149, 7, 2, 14.86
1577760099, 0, 0, 1831, 1831, 3, 18.72%, 149, 7, 2, 13.99
1577760256, 0, 0, 1833, 1833, 3, 18.72%, 149, 7, 2, 14.64
1577760575, 0, 0, 1834, 1834, 3, 18.72%, 149, 7, 2, 13.87
1577760738, 0, 0, 1835, 1835, 3, 18.72%, 149, 7, 2, 13.83
1577760900, 0, 0, 1836, 1836, 3, 18.72%, 149, 7, 2, 13.56
1577761057, 0, 0, 1837, 1837, 3, 18.72%, 149, 7, 2, 14.12
1577761700, 0, 0, 1837, 1837, 3, 18.72%, 150, 7, 2, 14.08
1577761857, 0, 0, 1839, 1839, 3, 18.72%, 150, 7, 2, 14.51
1577762019, 0, 0, 1841, 1841, 3, 18.72%, 150, 7, 2, 14.69
1577762181, 0, 0, 1842, 1842, 3, 18.72%, 150, 7, 2, 13.41
1577762338, 0, 0, 1843, 1843, 3, 18.72%, 150, 7, 2, 13.81
1577762450, 0, 0, 1844, 1844, 3, 18.72%, 150, 7, 2, 16.42
1577762460, 0, 0, 1845, 1845, 3, 18.72%, 150, 7, 2, 15.93
1577762480, 0, 0, 1846, 1846, 3, 18.72%, 150, 7, 2, 15.83
1577762491, 0, 0, 1847, 1847, 3, 18.72%, 150, 7, 2, 15.80
1577762496, 0, 0, 1849, 1849, 3, 18.72%, 151, 7, 2, 23.01
1577762501, 0, 0, 1850, 1850, 3, 18.72%, 151, 7, 2, 23.25
1577762598, 0, 0, 1852, 1852, 3, 18.72%, 151, 7, 2, 16.04
1577762608, 0, 0, 1853, 1853, 3, 18.72%, 151, 7, 2, 16.09
1577762624, 0, 0, 1854, 1854, 3, 18.72%, 151, 7, 2, 15.85
1577762629, 0, 0, 1855, 1855, 3, 18.72%, 151, 7, 2, 16.23
1577762736, 0, 0, 1856, 1856, 3, 18.72%, 152, 7, 2, 15.74
1577762751, 0, 0, 1857, 1857, 3, 18.72%, 152, 7, 2, 14.36
1577762817, 0, 0, 1858, 1858, 3, 18.72%, 152, 7, 2, 15.64
1577762971, 0, 0, 1860, 1860, 3, 18.80%, 152, 7, 2, 15.46
1577762976, 0, 0, 1861, 1861, 3, 18.80%, 152, 7, 2, 15.87
1577762991, 0, 0, 1862, 1862, 3, 18.80%, 152, 7, 2, 13.99
1577763007, 0, 0, 1864, 1864, 3, 18.80%, 152, 7, 2, 14.52
1577763022, 0, 0, 1865, 1865, 3, 18.80%, 152, 7, 2, 14.75
1577763027, 0, 0, 1866, 1866, 3, 18.80%, 152, 7, 2, 13.98
1577763037, 0, 0, 1868, 1868, 3, 18.80%, 152, 7, 2, 14.93
1577763042, 0, 0, 1869, 1869, 3, 18.80%, 152, 7, 2, 15.76
1577763052, 0, 0, 1870, 1870, 3, 18.80%, 152, 7, 2, 15.78
1577763058, 0, 0, 1871, 1871, 3, 18.80%, 152, 7, 2, 15.44
1577763068, 0, 0, 1872, 1872, 3, 18.80%, 152, 7, 2, 13.29
1577763078, 0, 0, 1873, 1873, 3, 18.85%, 152, 7, 2, 14.55
1577763083, 0, 0, 1874, 1874, 3, 18.85%, 152, 7, 2, 14.59
1577763088, 0, 0, 1876, 1876, 3, 18.85%, 152, 7, 2, 15.74
1577763109, 0, 0, 1877, 1877, 3, 18.85%, 152, 7, 2, 14.44
1577763119, 0, 0, 1878, 1878, 3, 18.85%, 152, 7, 2, 14.26
1577763134, 0, 0, 1879, 1879, 3, 18.85%, 153, 7, 2, 15.90
1577763175, 0, 0, 1880, 1880, 3, 18.85%, 153, 7, 2, 16.19
1577763185, 0, 0, 1881, 1881, 3, 18.85%, 153, 7, 2, 14.15
1577763191, 0, 0, 1883, 1883, 3, 18.85%, 153, 7, 2, 15.02
1577763211, 0, 0, 1884, 1884, 3, 18.85%, 153, 7, 2, 14.02
1577763231, 0, 0, 1885, 1885, 3, 18.85%, 153, 7, 2, 15.52
1577763277, 0, 0, 1886, 1886, 3, 18.85%, 153, 7, 2, 15.71
1577763308, 0, 0, 1886, 1886, 3, 18.85%, 154, 7, 2, 15.66
1577763328, 0, 0, 1887, 1887, 3, 18.85%, 154, 7, 2, 15.23
1577763395, 0, 0, 1888, 1888, 3, 18.85%, 154, 7, 2, 16.17
1577763425, 0, 0, 1889, 1889, 3, 18.85%, 154, 7, 2, 15.85
1577763497, 0, 0, 1891, 1891, 3, 18.86%, 154, 7, 2, 14.78
1577763502, 0, 0, 1892, 1892, 3, 18.86%, 154, 7, 2, 15.03
1577763507, 0, 0, 1896, 1896, 3, 18.86%, 154, 7, 2, 14.48
1577763532, 0, 0, 1898, 1898, 3, 18.86%, 154, 7, 2, 15.59
1577763538, 0, 0, 1900, 1900, 3, 18.86%, 154, 7, 2, 15.54
1577763543, 0, 0, 1901, 1901, 3, 18.86%, 154, 7, 2, 15.26
1577763558, 0, 0, 1902, 1902, 3, 18.86%, 154, 7, 2, 14.33
1577763563, 0, 0, 1904, 1904, 3, 18.86%, 154, 7, 2, 14.68
1577763583, 0, 0, 1905, 1905, 3, 18.86%, 154, 7, 2, 14.18
1577763599, 0, 0, 1906, 1906, 3, 18.86%, 155, 7, 2, 14.41
1577763614, 0, 0, 1907, 1907, 3, 18.86%, 155, 7, 2, 15.81
1577763650, 0, 0, 1907, 1907, 3, 18.86%, 156, 7, 2, 15.81
1577763675, 0, 0, 1910, 1910, 3, 18.86%, 156, 7, 2, 23.78
1577763721, 0, 0, 1911, 1911, 3, 18.86%, 156, 7, 2, 16.27
1577763782, 0, 0, 1913, 1913, 3, 18.87%, 156, 7, 2, 13.24
1577763792, 0, 0, 1915, 1915, 3, 18.87%, 156, 7, 2, 14.56
1577763802, 0, 0, 1916, 1916, 3, 18.87%, 156, 7, 2, 15.45
1577763823, 0, 0, 1917, 1917, 3, 18.87%, 156, 7, 2, 14.41
1577763879, 0, 0, 1918, 1918, 3, 18.87%, 156, 7, 2, 18.73
1577763884, 0, 0, 1919, 1919, 3, 18.87%, 156, 7, 2, 20.13
1577763889, 0, 0, 1920, 1920, 3, 18.87%, 156, 7, 2, 19.67
1577763915, 0, 0, 1921, 1921, 3, 18.87%, 156, 7, 2, 13.87
1577763930, 0, 0, 1922, 1922, 3, 18.87%, 156, 7, 2, 15.69
1577763992, 0, 0, 1923, 1923, 3, 18.87%, 156, 7, 2, 15.91
1577763997, 0, 0, 1924, 1924, 3, 18.87%, 156, 7, 2, 15.78
1577764017, 0, 0, 1926, 1926, 3, 18.87%, 156, 7, 2, 14.71
1577764022, 0, 0, 1927, 1927, 3, 18.87%, 157, 7, 2, 15.91
1577764043, 0, 0, 1928, 1928, 3, 18.87%, 157, 7, 2, 14.88
1577764073, 0, 0, 1929, 1929, 3, 18.87%, 157, 7, 2, 14.86
1577764114, 0, 0, 1930, 1930, 3, 18.87%, 157, 7, 2, 15.81
1577764227, 0, 0, 1931, 1931, 3, 18.87%, 157, 7, 2, 15.53
1577764232, 0, 0, 1932, 1932, 3, 18.87%, 157, 7, 2, 15.90
1577764242, 0, 0, 1933, 1933, 3, 18.87%, 157, 7, 2, 16.36
1577764263, 0, 0, 1934, 1934, 3, 18.87%, 157, 7, 2, 15.67
1577764319, 0, 0, 1934, 1934, 3, 18.87%, 158, 7, 2, 13.44
1577764329, 0, 0, 1935, 1935, 3, 18.87%, 158, 7, 2, 14.99
1577764334, 0, 0, 1936, 1936, 3, 18.87%, 158, 7, 2, 15.39
1577764349, 0, 0, 1938, 1938, 3, 18.87%, 158, 7, 2, 14.47
1577764355, 0, 0, 1939, 1939, 3, 18.87%, 158, 7, 2, 15.39
1577764467, 0, 0, 1940, 1940, 3, 18.87%, 159, 7, 2, 18.76
1577764538, 0, 0, 1941, 1941, 3, 18.87%, 159, 7, 2, 15.62
1577764635, 0, 0, 1942, 1942, 3, 18.87%, 159, 7, 2, 16.14
1577764691, 0, 0, 1943, 1943, 3, 18.87%, 159, 7, 2, 15.86
1577764722, 0, 0, 1944, 1944, 3, 18.87%, 159, 7, 2, 15.87
1577764727, 0, 0, 1945, 1945, 3, 18.87%, 159, 7, 2, 15.73
1577764763, 0, 0, 1946, 1946, 3, 18.96%, 159, 7, 2, 14.51
1577764779, 0, 0, 1947, 1947, 3, 18.96%, 159, 7, 2, 14.42
1577764784, 0, 0, 1947, 1947, 3, 18.96%, 160, 7, 2, 15.31
1577764855, 0, 0, 1948, 1948, 3, 18.96%, 160, 7, 2, 13.06
1577764860, 0, 0, 1949, 1949, 3, 18.96%, 160, 7, 2, 15.63
1577765009, 0, 0, 1950, 1950, 3, 18.96%, 160, 7, 2, 22.01
1577765055, 0, 0, 1951, 1951, 3, 18.96%, 160, 7, 2, 14.00
1577765141, 0, 0, 1952, 1952, 3, 18.96%, 160, 7, 2, 16.67
1577765192, 0, 0, 1953, 1953, 3, 18.96%, 160, 7, 2, 14.05
1577765274, 0, 0, 1954, 1954, 3, 18.96%, 160, 7, 2, 16.45
1577765341, 0, 0, 1955, 1955, 3, 18.96%, 160, 7, 2, 14.08
1577765371, 0, 0, 1956, 1956, 3, 18.96%, 160, 7, 2, 15.60
1577765397, 0, 0, 1957, 1957, 3, 18.96%, 160, 7, 2, 15.94
1577765428, 0, 0, 1958, 1958, 3, 18.96%, 160, 7, 2, 14.95
1577765433, 0, 0, 1960, 1960, 3, 18.96%, 160, 7, 2, 16.23
1577765468, 0, 0, 1961, 1961, 3, 18.96%, 160, 7, 2, 14.23
1577765484, 0, 0, 1961, 1961, 3, 18.96%, 161, 7, 2, 15.74
1577765535, 0, 0, 1962, 1962, 3, 18.96%, 161, 7, 2, 15.61
1577765546, 0, 0, 1963, 1963, 3, 18.96%, 161, 7, 2, 15.60
1577765561, 0, 0, 1964, 1964, 3, 18.96%, 161, 7, 2, 16.01
1577765607, 0, 0, 1965, 1965, 3, 18.96%, 161, 7, 2, 15.08
1577765613, 0, 0, 1966, 1966, 3, 18.96%, 161, 7, 2, 14.20
1577765658, 0, 0, 1968, 1968, 3, 18.96%, 161, 7, 2, 16.22
1577765704, 0, 0, 1969, 1969, 3, 18.96%, 161, 7, 2, 14.96
1577765709, 0, 0, 1970, 1970, 3, 18.96%, 161, 7, 2, 14.51
1577765720, 0, 0, 1971, 1971, 3, 18.96%, 161, 7, 2, 15.43
1577765730, 0, 0, 1972, 1972, 3, 18.96%, 161, 7, 2, 14.80
1577765796, 0, 0, 1973, 1973, 3, 18.97%, 161, 7, 2, 15.17
1577765806, 0, 0, 1975, 1975, 3, 18.97%, 161, 7, 2, 20.90
1577765817, 0, 0, 1976, 1976, 3, 18.97%, 161, 7, 2, 16.23
1577765853, 0, 0, 1977, 1977, 3, 19.00%, 161, 7, 2, 15.35
1577765858, 0, 0, 1979, 1979, 3, 19.00%, 161, 7, 2, 15.36
1577765878, 0, 0, 1980, 1980, 3, 19.00%, 161, 7, 2, 14.97
1577765888, 0, 0, 1982, 1982, 3, 19.00%, 161, 7, 2, 15.50
1577765904, 0, 0, 1985, 1985, 3, 19.01%, 161, 7, 2, 14.64
1577765914, 0, 0, 1986, 1986, 3, 19.01%, 161, 7, 2, 15.74
1577765919, 0, 0, 1988, 1988, 3, 19.01%, 161, 7, 2, 15.63
1577765924, 0, 0, 1991, 1991, 3, 19.01%, 161, 7, 2, 15.75
1577765929, 0, 0, 1992, 1992, 3, 19.01%, 161, 7, 2, 15.20
1577765940, 0, 0, 1993, 1993, 3, 19.01%, 161, 7, 2, 15.76
1577765950, 0, 0, 1994, 1994, 3, 19.01%, 161, 7, 2, 13.34
1577765955, 0, 0, 1995, 1995, 3, 19.01%, 161, 7, 2, 15.38
1577765960, 0, 0, 1996, 1996, 3, 19.01%, 161, 7, 2, 14.74
1577765965, 0, 0, 1997, 1997, 3, 19.01%, 161, 7, 2, 13.97
1577765970, 0, 0, 1999, 1999, 3, 19.01%, 161, 7, 2, 14.91
1577765986, 0, 0, 2000, 2000, 3, 19.01%, 161, 7, 2, 13.79
1577765991, 0, 0, 2001, 2001, 3, 19.01%, 161, 7, 2, 15.91
1577766016, 0, 0, 2002, 2002, 3, 19.01%, 161, 7, 2, 15.61
1577766021, 0, 0, 2003, 2003, 3, 19.01%, 161, 7, 2, 16.13
1577766031, 0, 0, 2004, 2004, 3, 19.01%, 161, 7, 2, 16.23
1577766072, 0, 0, 2005, 2005, 3, 19.01%, 162, 7, 2, 15.00
1577766077, 0, 0, 2007, 2007, 3, 19.01%, 162, 7, 2, 14.32
1577766118, 0, 0, 2008, 2008, 3, 19.01%, 162, 7, 2, 15.62
1577766164, 0, 0, 2009, 2009, 3, 19.01%, 162, 7, 2, 14.87
1577766195, 0, 0, 2010, 2010, 3, 19.01%, 162, 7, 2, 14.74
1577766220, 0, 0, 2011, 2011, 3, 19.01%, 162, 7, 2, 16.05
1577766246, 0, 0, 2012, 2012, 3, 19.01%, 162, 7, 2, 15.66
1577766276, 0, 0, 2013, 2013, 3, 19.01%, 162, 7, 2, 15.05
1577766348, 0, 0, 2014, 2014, 3, 19.01%, 162, 7, 2, 15.66
1577766373, 0, 0, 2015, 2015, 3, 19.01%, 162, 7, 2, 15.17
1577766445, 0, 0, 2016, 2016, 3, 19.01%, 162, 7, 2, 15.63
1577766475, 0, 0, 2017, 2017, 3, 19.01%, 162, 7, 2, 15.35
1577766496, 0, 0, 2017, 2017, 3, 19.01%, 163, 7, 2, 14.16
1577766547, 0, 0, 2018, 2018, 3, 19.01%, 163, 7, 2, 15.60
1577766557, 0, 0, 2019, 2019, 3, 19.01%, 163, 7, 2, 13.42
1577766578, 0, 0, 2020, 2020, 3, 19.01%, 163, 7, 2, 14.50
1577766608, 0, 0, 2024, 2024, 3, 19.01%, 163, 7, 2, 15.45
1577766613, 0, 0, 2026, 2026, 3, 19.01%, 163, 7, 2, 15.82
1577766619, 0, 0, 2027, 2027, 3, 19.01%, 163, 7, 2, 15.82
1577766629, 0, 0, 2028, 2028, 3, 19.01%, 163, 7, 2, 15.53
1577766634, 0, 0, 2029, 2029, 3, 19.01%, 163, 7, 2, 14.59
1577766654, 0, 0, 2029, 2029, 3, 19.01%, 164, 7, 2, 13.65
1577766659, 0, 0, 2030, 2030, 3, 19.01%, 164, 7, 2, 15.03
1577766690, 0, 0, 2031, 2031, 3, 19.01%, 164, 7, 2, 14.81
1577766705, 0, 0, 2032, 2032, 3, 19.01%, 164, 7, 2, 15.07
1577766715, 0, 0, 2033, 2033, 3, 19.01%, 164, 7, 2, 15.92
1577766720, 0, 0, 2034, 2034, 3, 19.01%, 164, 7, 2, 14.81
1577766736, 0, 0, 2035, 2035, 3, 19.01%, 164, 7, 2, 14.49
1577766746, 0, 0, 2036, 2036, 3, 19.01%, 164, 7, 2, 15.50
1577766792, 0, 0, 2037, 2037, 3, 19.01%, 164, 7, 2, 14.93
1577766833, 0, 0, 2039, 2039, 3, 19.01%, 164, 7, 2, 15.63
1577766843, 0, 0, 2040, 2040, 3, 19.01%, 164, 7, 2, 13.30
1577766848, 0, 0, 2041, 2041, 3, 19.01%, 164, 7, 2, 14.59
1577766869, 0, 0, 2042, 2042, 3, 19.01%, 164, 7, 2, 14.85
1577766874, 0, 0, 2043, 2043, 3, 19.01%, 164, 7, 2, 14.72
1577766879, 0, 0, 2044, 2044, 3, 19.01%, 164, 7, 2, 14.33
1577766884, 0, 0, 2045, 2045, 3, 19.01%, 164, 7, 2, 16.12
1577767038, 0, 0, 2046, 2046, 3, 19.01%, 164, 7, 2, 16.29
1577767053, 0, 0, 2047, 2047, 3, 19.01%, 164, 7, 2, 14.25
1577767139, 0, 0, 2050, 2050, 3, 19.01%, 164, 7, 2, 15.52
1577767145, 0, 0, 2052, 2052, 3, 19.02%, 164, 7, 2, 16.34
1577767165, 0, 0, 2053, 2053, 3, 19.02%, 164, 7, 2, 14.78
1577767180, 0, 0, 2054, 2054, 3, 19.02%, 165, 7, 2, 15.53
1577767201, 0, 0, 2056, 2056, 3, 19.02%, 165, 7, 2, 16.12
1577767206, 0, 0, 2058, 2058, 3, 19.02%, 165, 7, 2, 15.10
1577767211, 0, 0, 2059, 2059, 3, 19.02%, 165, 7, 2, 14.65
1577767687, 0, 0, 2060, 2060, 3, 19.02%, 165, 7, 2, 13.03
1577768012, 0, 0, 2061, 2061, 3, 19.02%, 165, 7, 2, 13.29
1577768331, 0, 0, 2062, 2062, 3, 19.02%, 165, 7, 2, 14.62
1577768493, 0, 0, 2063, 2063, 3, 19.02%, 165, 7, 2, 13.67
1577768969, 0, 0, 2064, 2064, 3, 19.02%, 165, 7, 2, 13.91
1577769131, 0, 0, 2066, 2066, 3, 19.02%, 165, 7, 2, 13.47
1577769293, 0, 0, 2067, 2067, 3, 19.02%, 165, 7, 2, 13.33
1577769613, 0, 0, 2069, 2069, 3, 19.02%, 165, 7, 2, 13.35
1577770256, 0, 0, 2072, 2072, 3, 19.02%, 165, 7, 2, 13.71
1577770413, 0, 0, 2073, 2073, 3, 19.02%, 165, 7, 2, 14.67
1577770418, 0, 0, 2075, 2075, 3, 19.02%, 165, 7, 2, 13.75
1577770576, 0, 0, 2077, 2077, 3, 19.02%, 165, 7, 2, 13.78
1577770738, 0, 0, 2078, 2078, 3, 19.02%, 165, 7, 2, 14.20
1577770900, 0, 0, 2079, 2079, 3, 19.02%, 165, 7, 2, 13.70
1577771057, 0, 0, 2080, 2080, 3, 19.02%, 165, 7, 2, 13.86
1577771219, 0, 0, 2081, 2081, 3, 19.02%, 165, 7, 2, 13.42
1577771381, 0, 0, 2082, 2082, 3, 19.02%, 165, 7, 2, 13.27
1577771538, 0, 0, 2083, 2083, 3, 19.02%, 165, 7, 2, 14.69
1577771700, 0, 0, 2084, 2084, 3, 19.02%, 165, 7, 2, 14.07
1577772019, 0, 0, 2086, 2086, 3, 19.02%, 165, 7, 2, 13.38
1577773138, 0, 0, 2087, 2087, 3, 19.02%, 165, 7, 2, 14.32
1577774020, 0, 0, 2088, 2088, 3, 19.02%, 165, 7, 2, 13.65
1577774040, 0, 0, 2090, 2090, 3, 19.02%, 165, 7, 2, 15.22
1577774066, 0, 0, 2091, 2091, 3, 19.02%, 165, 7, 2, 15.96
1577774076, 0, 0, 2092, 2092, 3, 19.02%, 165, 7, 2, 16.17
1577774122, 0, 0, 2093, 2093, 3, 19.02%, 165, 7, 2, 15.59
1577774167, 0, 0, 2094, 2094, 3, 19.02%, 165, 7, 2, 15.69
1577774223, 0, 0, 2095, 2095, 3, 19.02%, 165, 7, 2, 16.19
1577774228, 0, 0, 2096, 2096, 3, 19.02%, 165, 7, 2, 15.85
1577774305, 0, 0, 2097, 2097, 3, 19.03%, 165, 7, 2, 15.64
1577774346, 0, 0, 2098, 2098, 3, 19.03%, 165, 7, 2, 16.11
1577774586, 0, 0, 2100, 2100, 3, 19.03%, 165, 7, 2, 16.21
1577774616, 0, 0, 2101, 2101, 3, 19.03%, 165, 7, 2, 15.57
1577774621, 0, 0, 2102, 2102, 3, 19.03%, 165, 7, 2, 15.00
1577774627, 0, 0, 2103, 2103, 3, 19.03%, 165, 7, 2, 15.87
1577774632, 0, 0, 2104, 2104, 3, 19.03%, 165, 7, 2, 15.95
1577774637, 0, 0, 2105, 2105, 3, 19.03%, 165, 7, 2, 16.02
1577774642, 0, 0, 2106, 2106, 3, 19.03%, 165, 7, 2, 15.89
1577774652, 0, 0, 2108, 2108, 3, 19.03%, 165, 7, 2, 15.97
1577774667, 0, 0, 2109, 2109, 3, 19.03%, 165, 7, 2, 16.03
1577774672, 0, 0, 2110, 2110, 3, 19.03%, 165, 7, 2, 15.99
1577774683, 0, 0, 2111, 2111, 3, 19.03%, 165, 7, 2, 15.60
1577774688, 0, 0, 2112, 2112, 3, 19.03%, 165, 7, 2, 15.48
1577774713, 0, 0, 2113, 2113, 3, 19.03%, 165, 7, 2, 15.94
1577774718, 0, 0, 2114, 2114, 3, 19.03%, 165, 7, 2, 16.06
1577774723, 0, 0, 2115, 2115, 3, 19.03%, 165, 7, 2, 15.95
1577774739, 0, 0, 2116, 2116, 3, 19.03%, 165, 7, 2, 16.02
1577774744, 0, 0, 2117, 2117, 3, 19.03%, 165, 7, 2, 16.05
1577774754, 0, 0, 2120, 2120, 3, 19.03%, 165, 7, 2, 15.42
1577774764, 0, 0, 2121, 2121, 3, 19.03%, 165, 7, 2, 16.09
1577774779, 0, 0, 2122, 2122, 3, 19.03%, 165, 7, 2, 15.82
1577774887, 0, 0, 2123, 2123, 3, 19.03%, 165, 7, 2, 15.71
1577774902, 0, 0, 2124, 2124, 3, 19.03%, 165, 7, 2, 15.89
1577774923, 0, 0, 2124, 2124, 3, 19.03%, 166, 7, 2, 16.00
1577775066, 0, 0, 2127, 2127, 3, 19.03%, 166, 7, 2, 15.36
1577775082, 0, 0, 2128, 2128, 3, 19.03%, 166, 7, 2, 15.86
1577775092, 0, 0, 2129, 2129, 3, 19.03%, 166, 7, 2, 16.07
1577775153, 0, 0, 2130, 2130, 3, 19.03%, 166, 7, 2, 15.66
1577775337, 0, 0, 2131, 2131, 3, 19.03%, 166, 7, 2, 15.92
1577775363, 0, 0, 2132, 2132, 3, 19.03%, 166, 7, 2, 15.87
1577775368, 0, 0, 2133, 2133, 3, 19.03%, 166, 7, 2, 15.83
1577775379, 0, 0, 2136, 2136, 3, 19.03%, 166, 7, 2, 15.32
1577775404, 0, 0, 2138, 2138, 3, 19.03%, 166, 7, 2, 15.95
1577775425, 0, 0, 2139, 2139, 3, 19.03%, 166, 7, 2, 16.03
1577775435, 0, 0, 2140, 2140, 3, 19.03%, 166, 7, 2, 15.59
1577775440, 0, 0, 2141, 2141, 3, 19.03%, 166, 7, 2, 14.92
1577775446, 0, 0, 2143, 2143, 3, 19.03%, 166, 7, 2, 15.21
1577775461, 0, 0, 2144, 2144, 3, 19.03%, 166, 7, 2, 15.65
1577775471, 0, 0, 2146, 2146, 3, 19.03%, 166, 7, 2, 15.97
1577775507, 0, 0, 2147, 2147, 3, 19.03%, 166, 7, 2, 14.72
1577775512, 0, 0, 2148, 2148, 3, 19.03%, 166, 7, 2, 15.61
1577776977, 0, 0, 2149, 2149, 3, 19.03%, 166, 7, 2, 15.37
1577777038, 0, 0, 2150, 2150, 3, 19.03%, 166, 7, 2, 15.65
1577777104, 0, 0, 2151, 2151, 3, 19.03%, 166, 7, 2, 15.20
1577777171, 0, 0, 2152, 2152, 3, 19.03%, 166, 7, 2, 15.09
1577777431, 0, 0, 2153, 2153, 3, 19.03%, 166, 7, 2, 15.22
1577777964, 0, 0, 2154, 2154, 3, 19.03%, 166, 7, 2, 14.49
1577779844, 0, 0, 2155, 2155, 3, 19.03%, 166, 7, 2, 14.57
1577779910, 0, 0, 2156, 2156, 3, 19.03%, 166, 7, 2, 14.77
1577779977, 0, 0, 2157, 2157, 3, 19.03%, 166, 7, 2, 14.76
1577780043, 0, 0, 2158, 2158, 3, 19.03%, 166, 7, 2, 14.74
1577780176, 0, 0, 2159, 2159, 3, 19.03%, 166, 7, 2, 14.71
1577780238, 0, 0, 2160, 2160, 3, 19.03%, 166, 7, 2, 15.00
1577780304, 0, 0, 2161, 2161, 3, 19.03%, 166, 7, 2, 14.95
1577780371, 0, 0, 2162, 2162, 3, 19.03%, 166, 7, 2, 14.95
1577780442, 0, 0, 2163, 2163, 3, 19.03%, 166, 7, 2, 14.63
1577780509, 0, 0, 2164, 2164, 3, 19.03%, 166, 7, 2, 14.78
1577780575, 0, 0, 2165, 2165, 3, 19.03%, 166, 7, 2, 14.79
1577780642, 0, 0, 2166, 2166, 3, 19.03%, 166, 7, 2, 14.53
1577780708, 0, 0, 2167, 2167, 3, 19.03%, 166, 7, 2, 14.38
1577780774, 0, 0, 2168, 2168, 3, 19.03%, 166, 7, 2, 14.45
1577780846, 0, 0, 2169, 2169, 3, 19.03%, 166, 7, 2, 14.34
1577780912, 0, 0, 2170, 2170, 3, 19.03%, 166, 7, 2, 13.51
1577780983, 0, 0, 2171, 2171, 3, 19.03%, 166, 7, 2, 14.08
1577781050, 0, 0, 2172, 2172, 3, 19.03%, 166, 7, 2, 14.10
1577781121, 0, 0, 2173, 2173, 3, 19.03%, 166, 7, 2, 14.61
1577781188, 0, 0, 2174, 2174, 3, 19.03%, 166, 7, 2, 14.49
1577781254, 0, 0, 2175, 2175, 3, 19.03%, 166, 7, 2, 14.35
1577781392, 0, 0, 2176, 2176, 3, 19.03%, 166, 7, 2, 14.37
1577781525, 0, 0, 2177, 2177, 3, 19.03%, 166, 7, 2, 14.45
1577781596, 0, 0, 2178, 2178, 3, 19.03%, 166, 7, 2, 14.33
1577781734, 0, 0, 2179, 2179, 3, 19.03%, 166, 7, 2, 14.32
1577781806, 0, 0, 2180, 2180, 3, 19.03%, 166, 7, 2, 12.83
1577782092, 0, 0, 2181, 2181, 3, 19.03%, 166, 7, 2, 13.01
1577784451, 0, 0, 2182, 2182, 3, 19.03%, 166, 7, 2, 14.24
1577784522, 0, 0, 2183, 2183, 3, 19.03%, 166, 7, 2, 14.02
1577784594, 0, 0, 2184, 2184, 3, 19.03%, 166, 7, 2, 14.00
1577784665, 0, 0, 2185, 2185, 3, 19.03%, 166, 7, 2, 13.99
1577784939, 0, 0, 2186, 2186, 3, 19.03%, 166, 7, 2, 14.00
1577785608, 0, 0, 2186, 2186, 3, 19.03%, 167, 7, 2, 13.69
1577786518, 0, 0, 2187, 2187, 3, 19.03%, 167, 7, 2, 13.26
1577786528, 0, 0, 2188, 2188, 3, 19.05%, 167, 8, 2, 2.56
1577786534, 0, 0, 2188, 2188, 3, 19.05%, 168, 8, 2, 17.55
1577786554, 0, 0, 2188, 2188, 3, 19.05%, 168, 9, 2, 10.67
1577786559, 0, 0, 2188, 2188, 3, 19.05%, 169, 9, 2, 11.34
1577786564, 0, 0, 2188, 2188, 3, 19.05%, 169, 10, 2, 10.14
1577786574, 0, 0, 2188, 2188, 3, 19.05%, 170, 11, 2, 10.02
1577786590, 0, 0, 2189, 2189, 3, 19.05%, 170, 11, 2, 13.05
1577786606, 0, 0, 2190, 2190, 3, 19.05%, 170, 12, 2, 1.93
1577786611, 0, 0, 2190, 2190, 3, 19.05%, 170, 13, 2, 6.99
1577786773, 0, 0, 2190, 2190, 3, 19.05%, 170, 14, 2, 8.68
1577786778, 0, 0, 2190, 2190, 3, 19.05%, 170, 15, 2, 7.96
1577787260, 0, 0, 2191, 2191, 3, 19.05%, 170, 15, 2, 11.21
1577787574, 0, 0, 2192, 2192, 3, 19.06%, 170, 15, 2, 12.15
1577787584, 0, 0, 2192, 2192, 3, 19.06%, 170, 16, 2, 1.69
1577787615, 0, 0, 2198, 2198, 3, 19.06%, 170, 16, 2, 11.22
1577787625, 0, 0, 2203, 2203, 3, 19.07%, 170, 16, 2, 12.85
1577787631, 0, 0, 2204, 2204, 3, 19.07%, 170, 16, 2, 13.38
1577787641, 0, 0, 2208, 2208, 3, 19.07%, 171, 16, 2, 13.73
1577787646, 0, 0, 2209, 2209, 3, 19.07%, 171, 16, 2, 13.49
1577787656, 0, 0, 2211, 2211, 3, 19.07%, 171, 16, 2, 13.46
1577787661, 0, 0, 2216, 2216, 3, 19.07%, 171, 16, 2, 13.30
1577787666, 0, 0, 2217, 2217, 3, 19.07%, 171, 16, 2, 13.37
1577787672, 0, 0, 2219, 2219, 3, 19.07%, 171, 16, 2, 13.40
1577787677, 0, 0, 2224, 2224, 3, 19.08%, 171, 16, 2, 13.36
1577787687, 0, 0, 2225, 2225, 3, 19.08%, 171, 16, 2, 13.54
1577787692, 0, 0, 2230, 2230, 3, 19.08%, 171, 16, 2, 13.43
1577787702, 0, 0, 2233, 2233, 3, 19.08%, 171, 16, 2, 13.46
1577787713, 0, 0, 2234, 2234, 3, 19.08%, 171, 16, 2, 13.63
1577787718, 0, 0, 2235, 2235, 3, 19.08%, 171, 16, 2, 13.70
1577787728, 0, 0, 2239, 2239, 3, 19.08%, 171, 16, 2, 13.31
1577787733, 0, 0, 2240, 2240, 3, 19.08%, 171, 16, 2, 13.52
1577787738, 0, 0, 2241, 2241, 3, 19.09%, 171, 16, 2, 13.68
1577787748, 0, 0, 2242, 2242, 3, 19.09%, 171, 16, 2, 13.28
1577787754, 0, 0, 2243, 2243, 3, 19.09%, 171, 16, 2, 13.40
1577787759, 0, 0, 2246, 2246, 3, 19.09%, 171, 16, 2, 13.40
1577787764, 0, 0, 2248, 2248, 3, 19.09%, 171, 16, 2, 13.35
1577787774, 0, 0, 2251, 2251, 3, 19.10%, 172, 16, 2, 13.30
1577787779, 0, 0, 2252, 2252, 3, 19.10%, 172, 16, 2, 13.30
1577787795, 0, 0, 2254, 2254, 3, 19.11%, 172, 16, 2, 13.82
1577787810, 0, 0, 2255, 2255, 3, 19.11%, 172, 16, 2, 13.47
1577787815, 0, 0, 2256, 2256, 3, 19.11%, 172, 16, 2, 13.47
1577787836, 0, 0, 2257, 2257, 3, 19.11%, 172, 16, 2, 13.42
1577787841, 0, 0, 2258, 2258, 3, 19.11%, 172, 16, 2, 13.44
1577787867, 0, 0, 2259, 2259, 3, 19.11%, 172, 16, 2, 13.56
1577787877, 0, 0, 2261, 2261, 3, 19.11%, 172, 16, 2, 13.46
1577787887, 0, 0, 2262, 2262, 3, 19.11%, 172, 16, 2, 13.63
1577787897, 0, 0, 2263, 2263, 3, 19.11%, 172, 16, 2, 13.68
1577787913, 0, 0, 2265, 2265, 3, 19.11%, 172, 16, 2, 13.62
1577787918, 0, 0, 2266, 2266, 3, 19.11%, 172, 16, 2, 13.53
1577787923, 0, 0, 2267, 2267, 3, 19.11%, 172, 16, 2, 13.60
1577787928, 0, 0, 2268, 2268, 3, 19.11%, 172, 16, 2, 13.59
1577787933, 0, 0, 2271, 2271, 3, 19.11%, 172, 16, 2, 13.44
1577787943, 0, 0, 2272, 2272, 3, 19.11%, 172, 16, 2, 13.53
1577787959, 0, 0, 2273, 2273, 3, 19.11%, 172, 16, 2, 13.59
1577788000, 0, 0, 2276, 2276, 3, 19.12%, 172, 16, 2, 13.66
1577788005, 0, 0, 2277, 2277, 3, 19.12%, 172, 16, 2, 13.52
1577788020, 0, 0, 2279, 2279, 3, 19.12%, 172, 16, 2, 13.48
1577788031, 0, 0, 2280, 2280, 3, 19.12%, 172, 16, 2, 13.79
1577788082, 0, 0, 2283, 2283, 3, 19.12%, 172, 16, 2, 13.62
1577788092, 0, 0, 2286, 2286, 3, 19.13%, 173, 16, 2, 13.19
1577788097, 0, 0, 2287, 2287, 3, 19.15%, 173, 16, 2, 13.07
1577788102, 0, 0, 2290, 2290, 3, 19.15%, 174, 16, 2, 13.07
1577788107, 0, 0, 2293, 2293, 3, 19.16%, 174, 16, 2, 13.03
1577788112, 0, 0, 2295, 2295, 3, 19.16%, 174, 16, 2, 13.00
1577788118, 0, 0, 2296, 2296, 3, 19.16%, 175, 16, 2, 13.09
1577788128, 0, 0, 2298, 2298, 3, 19.16%, 177, 16, 2, 16.25
1577788143, 0, 0, 2301, 2301, 3, 19.16%, 177, 16, 2, 13.30
1577788148, 0, 0, 2303, 2303, 3, 19.16%, 177, 16, 2, 13.20
1577788189, 0, 0, 2307, 2307, 3, 19.16%, 177, 16, 2, 13.19
1577788199, 0, 0, 2308, 2308, 3, 19.17%, 177, 16, 2, 12.79
1577788205, 0, 0, 2309, 2309, 3, 19.17%, 181, 16, 2, 13.57
1577788210, 0, 0, 2310, 2310, 3, 19.17%, 181, 16, 2, 13.07
1577788220, 0, 0, 2313, 2313, 3, 19.17%, 183, 16, 2, 13.19
1577788235, 0, 0, 2316, 2316, 3, 19.18%, 183, 16, 2, 13.02
1577788240, 0, 0, 2316, 2316, 3, 19.18%, 185, 16, 2, 13.13
1577788246, 0, 0, 2318, 2318, 3, 19.20%, 185, 16, 2, 12.94
1577788256, 0, 0, 2318, 2318, 3, 19.20%, 187, 16, 2, 13.15
1577788261, 0, 0, 2320, 2320, 3, 19.20%, 187, 16, 2, 13.20
1577788266, 0, 0, 2320, 2320, 3, 19.20%, 189, 16, 2, 13.03
1577788271, 0, 0, 2321, 2321, 3, 19.20%, 189, 16, 2, 9.98
1577788276, 0, 0, 2324, 2324, 3, 19.21%, 189, 16, 2, 11.12
1577788281, 0, 0, 2324, 2324, 3, 19.21%, 190, 16, 2, 12.18
1577788318, 0, 0, 2326, 2326, 3, 19.22%, 190, 16, 2, 8.70
1577788323, 0, 0, 2327, 2327, 3, 19.22%, 190, 16, 2, 9.12
1577788328, 0, 0, 2327, 2327, 3, 19.22%, 190, 17, 2, 8.85
1577788338, 0, 0, 2328, 2328, 3, 19.22%, 190, 17, 2, 9.70
1577788384, 0, 0, 2329, 2329, 3, 19.23%, 190, 17, 2, 9.90
1577788389, 0, 0, 2330, 2330, 3, 19.23%, 190, 17, 2, 10.61
1577788409, 0, 0, 2330, 2330, 3, 19.23%, 190, 18, 2, 10.64
1577788445, 0, 0, 2331, 2331, 3, 19.23%, 190, 18, 2, 13.11
1577788486, 0, 0, 2332, 2332, 3, 19.23%, 190, 18, 2, 12.10
1577788553, 0, 0, 2333, 2333, 3, 19.23%, 190, 18, 2, 11.43
1577788589, 0, 0, 2334, 2334, 3, 19.23%, 191, 18, 2, 12.51
1577788594, 0, 0, 2335, 2335, 3, 19.23%, 191, 18, 2, 12.81
1577788599, 0, 0, 2336, 2336, 3, 19.23%, 191, 18, 2, 12.51
1577788614, 0, 0, 2337, 2337, 3, 19.23%, 191, 18, 2, 12.60
1577788676, 0, 0, 2340, 2340, 3, 19.26%, 192, 18, 2, 12.78
1577788696, 0, 0, 2341, 2341, 3, 19.26%, 192, 18, 2, 12.60
1577788747, 0, 0, 2342, 2342, 3, 19.26%, 192, 18, 2, 13.90
1577788753, 0, 0, 2343, 2343, 3, 19.26%, 192, 18, 2, 14.96
1577788758, 0, 0, 2344, 2344, 3, 19.26%, 192, 18, 2, 13.83
1577788769, 0, 0, 2344, 2344, 3, 19.26%, 192, 19, 2, 1.96
1577788774, 0, 0, 2345, 2345, 3, 19.26%, 192, 19, 2, 10.50
1577788836, 0, 0, 2346, 2346, 3, 19.26%, 192, 19, 2, 11.95
1577788861, 0, 0, 2347, 2347, 3, 19.26%, 192, 19, 2, 11.69
1577788918, 0, 0, 2348, 2348, 3, 19.26%, 192, 19, 2, 10.96
1577788938, 0, 0, 2349, 2349, 3, 19.26%, 192, 19, 2, 12.58
1577788948, 0, 0, 2351, 2351, 3, 19.26%, 192, 19, 2, 12.12
1577788974, 0, 0, 2352, 2352, 3, 19.26%, 192, 19, 2, 11.18
1577788979, 0, 0, 2353, 2353, 3, 19.26%, 192, 19, 2, 11.38
1577788984, 0, 0, 2354, 2354, 3, 19.26%, 192, 19, 2, 11.67
1577789000, 0, 0, 2355, 2355, 3, 19.26%, 192, 19, 2, 12.83
1577789015, 0, 0, 2357, 2357, 3, 19.26%, 192, 19, 2, 12.37
1577789020, 0, 0, 2358, 2358, 3, 19.26%, 192, 19, 2, 12.19
1577789025, 0, 0, 2359, 2359, 3, 19.26%, 192, 19, 2, 12.48
1577789035, 0, 0, 2360, 2360, 3, 19.26%, 192, 19, 2, 12.29
1577789610, 0, 0, 2361, 2361, 3, 19.26%, 192, 19, 2, 13.89
1577789615, 0, 0, 2362, 2362, 3, 19.26%, 192, 19, 2, 13.69
1577789621, 0, 0, 2363, 2363, 3, 19.26%, 192, 19, 2, 13.09
1577789733, 0, 0, 2364, 2364, 3, 19.26%, 192, 19, 2, 13.50
1577789775, 0, 0, 2365, 2365, 3, 19.26%, 192, 19, 2, 13.47
1577789863, 0, 0, 2365, 2365, 3, 19.26%, 193, 19, 2, 13.49
1577789930, 0, 0, 2366, 2366, 3, 19.26%, 193, 19, 2, 13.56
1577790249, 0, 0, 2367, 2367, 3, 19.26%, 193, 19, 2, 12.41
1577790806, 0, 0, 2368, 2368, 3, 19.26%, 193, 19, 2, 11.58
1577792756, 0, 0, 2369, 2369, 3, 19.26%, 193, 19, 2, 12.29
