# unix_time, cycles_done, cur_path, paths_total, pending_total, pending_favs, map_size, unique_crashes, unique_hangs, max_depth, execs_per_sec
1586190517, 18446744073709551615, 0, 3, 3, 3, 0.00%, 0, 0, 1, 0.00
1586190521, 0, 0, 3, 3, 3, 39.49%, 0, 0, 1, inf
1586190878, 0, 0, 5, 5, 3, 39.49%, 0, 0, 2, 5.71
1586190883, 0, 0, 8, 8, 3, 39.90%, 0, 0, 2, 5.79
1586190888, 0, 0, 10, 10, 3, 39.90%, 0, 0, 2, 5.84
1586190903, 0, 0, 12, 12, 3, 39.90%, 0, 0, 2, 5.76
1586190908, 0, 0, 13, 13, 3, 39.90%, 0, 0, 2, 5.83
1586190914, 0, 0, 14, 14, 3, 39.90%, 0, 0, 2, 5.70
1586190929, 0, 0, 15, 15, 3, 39.91%, 0, 0, 2, 5.87
1586190934, 0, 0, 17, 17, 3, 39.92%, 0, 0, 2, 5.87
1586190939, 0, 0, 18, 18, 3, 39.92%, 0, 0, 2, 5.88
1586190954, 0, 0, 20, 20, 3, 39.93%, 0, 0, 2, 5.88
1586190960, 0, 0, 21, 21, 3, 39.93%, 0, 0, 2, 5.89
1586190975, 0, 0, 22, 22, 3, 39.93%, 0, 0, 2, 5.71
1586190980, 0, 0, 24, 24, 3, 39.93%, 0, 0, 2, 5.75
1586190985, 0, 0, 25, 25, 3, 39.93%, 0, 0, 2, 5.81
1586191006, 0, 0, 26, 26, 3, 39.93%, 0, 0, 2, 5.60
1586191011, 0, 0, 27, 27, 3, 39.94%, 0, 0, 2, 5.69
1586191016, 0, 0, 28, 28, 3, 39.94%, 0, 0, 2, 4.98
1586191021, 0, 0, 30, 30, 3, 39.94%, 0, 0, 2, 4.84
1586191032, 0, 0, 31, 31, 3, 39.94%, 0, 0, 2, 5.54
1586191042, 0, 0, 32, 32, 3, 39.94%, 0, 0, 2, 5.66
1586191074, 0, 0, 33, 33, 3, 39.94%, 0, 0, 2, 5.54
1586191080, 0, 0, 34, 34, 3, 39.94%, 0, 0, 2, 5.60
1586191095, 0, 0, 36, 36, 3, 39.95%, 0, 0, 2, 5.62
1586191100, 0, 0, 38, 38, 3, 39.95%, 0, 0, 2, 5.61
1586191106, 0, 0, 39, 39, 3, 39.95%, 0, 0, 2, 5.48
1586191142, 0, 0, 40, 40, 3, 39.95%, 0, 0, 2, 5.03
1586191157, 0, 0, 41, 41, 3, 39.95%, 0, 0, 2, 4.74
1586191162, 0, 0, 42, 42, 3, 39.95%, 0, 0, 2, 4.60
1586191167, 0, 0, 44, 44, 3, 39.95%, 0, 0, 2, 4.63
1586191173, 0, 0, 45, 45, 3, 39.95%, 0, 0, 2, 4.81
1586191188, 0, 0, 46, 46, 3, 39.95%, 0, 0, 2, 5.17
1586191193, 0, 0, 47, 47, 3, 39.95%, 0, 0, 2, 5.48
1586191240, 0, 0, 48, 48, 3, 39.95%, 0, 0, 2, 4.96
1586191338, 0, 0, 49, 49, 3, 39.95%, 0, 0, 2, 5.23
1586191483, 0, 0, 50, 50, 3, 39.95%, 0, 0, 2, 5.56
1586191551, 0, 0, 51, 51, 3, 39.95%, 0, 0, 2, 4.73
1586191649, 0, 0, 52, 52, 3, 39.95%, 0, 0, 2, 5.25
1586191813, 0, 0, 53, 53, 3, 39.95%, 0, 0, 2, 5.85
1586191818, 0, 0, 54, 54, 3, 39.95%, 0, 0, 2, 5.84
1586192004, 0, 0, 55, 55, 3, 39.95%, 0, 0, 2, 5.71
1586192009, 0, 0, 56, 56, 3, 39.95%, 0, 0, 2, 5.69
1586192030, 0, 0, 57, 57, 3, 39.96%, 0, 0, 2, 5.67
1586192035, 0, 0, 59, 59, 3, 39.96%, 0, 0, 2, 5.70
1586192040, 0, 0, 60, 60, 3, 39.96%, 0, 0, 2, 5.40
1586192046, 0, 0, 61, 61, 3, 39.96%, 0, 0, 2, 5.59
1586192061, 0, 0, 62, 62, 3, 39.96%, 0, 0, 2, 5.58
1586192066, 0, 0, 64, 64, 3, 39.96%, 0, 0, 2, 5.41
1586192103, 0, 0, 65, 65, 3, 39.96%, 0, 0, 2, 5.55
1586192134, 0, 0, 66, 66, 3, 39.96%, 0, 0, 2, 5.17
1586192139, 0, 0, 67, 67, 3, 39.96%, 0, 0, 2, 4.52
1586192154, 0, 0, 68, 68, 3, 39.96%, 0, 0, 2, 5.13
1586192186, 0, 0, 69, 69, 3, 39.96%, 0, 0, 2, 4.50
1586193143, 0, 0, 70, 70, 3, 39.96%, 0, 0, 2, 5.46
1586193221, 0, 0, 71, 71, 3, 39.96%, 0, 0, 2, 5.04
1586193267, 0, 0, 72, 72, 3, 39.96%, 0, 0, 2, 4.41
1586193765, 0, 0, 73, 73, 3, 39.96%, 0, 0, 2, 4.91
1586193770, 0, 0, 74, 74, 3, 39.96%, 0, 0, 2, 4.84
1586193816, 0, 0, 75, 75, 3, 39.96%, 0, 0, 2, 4.93
1586193842, 0, 0, 76, 76, 3, 39.96%, 0, 0, 2, 4.85
1586193863, 0, 0, 77, 77, 3, 39.96%, 0, 0, 2, 5.08
1586193868, 0, 0, 78, 78, 3, 39.96%, 0, 0, 2, 4.72
1586193889, 0, 0, 79, 79, 3, 39.96%, 0, 0, 2, 5.57
1586195486, 0, 0, 80, 80, 3, 39.97%, 0, 0, 2, 4.44
1586195774, 0, 0, 81, 81, 3, 39.97%, 0, 0, 2, 6.62
1586195935, 0, 0, 82, 82, 3, 39.97%, 0, 0, 2, 6.54
1586196368, 0, 0, 83, 83, 3, 39.97%, 0, 0, 2, 6.76
1586196404, 0, 0, 84, 84, 3, 39.97%, 0, 0, 2, 6.76
1586196409, 0, 0, 85, 85, 3, 39.97%, 0, 0, 2, 6.78
1586196414, 0, 0, 86, 86, 3, 39.97%, 0, 0, 2, 6.76
1586196614, 0, 0, 87, 87, 3, 39.97%, 0, 0, 2, 6.02
1586196624, 0, 0, 88, 88, 3, 39.97%, 0, 0, 2, 6.58
1586196644, 0, 0, 89, 89, 3, 39.97%, 0, 0, 2, 6.57
1586198786, 0, 0, 90, 90, 3, 39.97%, 0, 0, 2, 5.91
1586199081, 0, 0, 91, 91, 3, 39.97%, 0, 0, 2, 6.81
1586199117, 0, 0, 92, 92, 3, 39.97%, 0, 0, 2, 6.79
1586199122, 0, 0, 93, 93, 3, 39.97%, 0, 0, 2, 6.77
1586199137, 0, 0, 95, 95, 3, 39.97%, 0, 0, 2, 6.72
1586199265, 0, 0, 96, 96, 3, 39.97%, 0, 0, 2, 6.70
1586199316, 0, 0, 97, 97, 3, 39.97%, 0, 0, 2, 6.66
1586200083, 0, 0, 99, 99, 3, 39.97%, 0, 0, 2, 6.29
1586200088, 0, 0, 100, 100, 3, 39.97%, 0, 0, 2, 6.28
1586200381, 0, 0, 101, 101, 3, 39.97%, 0, 0, 2, 6.27
1586200397, 0, 0, 102, 102, 3, 41.07%, 0, 0, 2, 6.28
1586200412, 0, 0, 103, 103, 3, 41.07%, 0, 0, 2, 6.21
1586200417, 0, 0, 104, 104, 3, 41.07%, 0, 0, 2, 6.15
1586200433, 0, 0, 105, 105, 3, 41.07%, 0, 0, 2, 5.57
1586200438, 0, 0, 107, 107, 3, 41.07%, 0, 0, 2, 5.79
1586200443, 0, 0, 108, 108, 3, 41.07%, 0, 0, 2, 6.02
1586200464, 0, 0, 109, 109, 3, 41.09%, 0, 0, 2, 5.47
1586200469, 0, 0, 110, 110, 3, 41.09%, 0, 0, 2, 5.28
1586200480, 0, 0, 111, 111, 3, 41.09%, 0, 0, 2, 5.63
1586200485, 0, 0, 112, 112, 3, 41.09%, 0, 0, 2, 5.55
1586200490, 0, 0, 115, 115, 3, 41.09%, 0, 0, 2, 5.52
1586200495, 0, 0, 116, 116, 3, 41.09%, 0, 0, 2, 5.48
1586200537, 0, 0, 117, 117, 3, 41.09%, 0, 0, 2, 3.73
1586200625, 0, 0, 119, 119, 3, 41.09%, 0, 0, 2, 4.02
1586200666, 0, 0, 121, 121, 3, 41.09%, 0, 0, 2, 4.94
1586200672, 0, 0, 122, 122, 3, 41.09%, 0, 0, 2, 4.85
1586200693, 0, 0, 123, 123, 3, 41.09%, 0, 0, 2, 4.83
1586200729, 0, 0, 124, 124, 3, 41.10%, 0, 0, 2, 4.71
1586200765, 0, 0, 125, 125, 3, 41.12%, 0, 0, 2, 4.89
1586200775, 0, 0, 126, 126, 3, 41.12%, 0, 0, 2, 4.91
1586200780, 0, 0, 127, 127, 3, 41.12%, 0, 0, 2, 5.11
1586200800, 0, 0, 128, 128, 3, 41.12%, 0, 0, 2, 4.70
1586200909, 0, 0, 129, 129, 3, 41.12%, 0, 0, 2, 4.84
1586200915, 0, 0, 130, 130, 3, 41.12%, 0, 0, 2, 4.75
1586200998, 0, 0, 131, 131, 3, 41.12%, 0, 0, 2, 5.54
1586201009, 0, 0, 132, 132, 3, 41.12%, 0, 0, 2, 5.62
1586201019, 0, 0, 133, 133, 3, 41.12%, 0, 0, 2, 5.23
1586201164, 0, 0, 134, 134, 3, 41.12%, 0, 0, 2, 5.89
1586201232, 0, 0, 135, 135, 3, 41.12%, 0, 0, 2, 6.06
1586201295, 0, 0, 136, 136, 3, 41.14%, 0, 0, 2, 5.75
1586201315, 0, 0, 137, 137, 3, 41.14%, 0, 0, 2, 5.71
1586201336, 0, 0, 138, 138, 3, 41.14%, 0, 0, 2, 5.78
1586201633, 0, 0, 139, 139, 3, 41.14%, 0, 0, 2, 6.39
1586201649, 0, 0, 140, 140, 3, 41.14%, 0, 0, 2, 6.43
1586201788, 0, 0, 141, 141, 3, 41.14%, 0, 0, 2, 6.42
1586201794, 0, 0, 142, 142, 3, 41.14%, 0, 0, 2, 6.41
1586201815, 0, 0, 143, 143, 3, 41.14%, 0, 0, 2, 6.40
1586201956, 0, 0, 144, 144, 3, 41.14%, 0, 0, 2, 6.42
1586201967, 0, 0, 145, 145, 3, 41.14%, 0, 0, 2, 6.46
1586201982, 0, 0, 146, 146, 3, 41.14%, 0, 0, 2, 6.44
1586202143, 0, 0, 147, 147, 3, 41.14%, 0, 0, 2, 6.71
1586202158, 0, 0, 148, 148, 3, 41.14%, 0, 0, 2, 6.74
1586202291, 0, 0, 149, 149, 3, 41.14%, 0, 0, 2, 6.75
1586202312, 0, 0, 150, 150, 3, 41.14%, 0, 0, 2, 6.49
1586202470, 0, 0, 151, 151, 3, 41.14%, 0, 0, 2, 6.77
1586202485, 0, 0, 152, 152, 3, 41.14%, 0, 0, 2, 6.79
1586202642, 0, 0, 153, 153, 3, 41.14%, 0, 0, 2, 6.80
1586202647, 0, 0, 154, 154, 3, 41.14%, 0, 0, 2, 6.80
1586202662, 0, 0, 155, 155, 3, 41.14%, 0, 0, 2, 6.77
1586202825, 0, 0, 156, 156, 3, 41.14%, 0, 0, 2, 6.72
1586202840, 0, 0, 157, 157, 3, 41.14%, 0, 0, 2, 6.20
1586203025, 0, 0, 158, 158, 3, 41.14%, 0, 0, 2, 6.70
1586203804, 0, 0, 159, 159, 3, 41.14%, 0, 0, 2, 2.70
1586204108, 0, 0, 160, 160, 3, 41.15%, 0, 0, 2, 2.82
1586204154, 0, 0, 161, 161, 3, 41.15%, 0, 0, 2, 2.65
1586204340, 0, 0, 162, 162, 3, 41.15%, 0, 0, 2, 4.76
1586204577, 0, 0, 163, 163, 3, 41.15%, 0, 0, 2, 6.23
1586204821, 0, 0, 164, 164, 3, 41.15%, 0, 0, 2, 5.74
1586205039, 0, 0, 165, 165, 3, 41.15%, 0, 0, 2, 6.45
1586205250, 0, 0, 166, 166, 3, 41.15%, 0, 0, 2, 4.80
1586205271, 0, 0, 167, 167, 3, 41.15%, 0, 0, 2, 6.38
1586205545, 0, 0, 168, 168, 3, 41.15%, 0, 0, 2, 2.84
1586205571, 0, 0, 169, 169, 3, 41.15%, 0, 0, 2, 2.81
1586205592, 0, 0, 170, 170, 3, 41.15%, 0, 0, 2, 2.96
1586205763, 0, 0, 171, 171, 3, 41.15%, 0, 0, 2, 3.28
1586205872, 0, 0, 171, 171, 3, 41.15%, 2, 0, 2, 3.19
1586205877, 0, 0, 171, 171, 3, 41.15%, 4, 0, 2, 3.80
1586205898, 0, 0, 171, 171, 3, 41.15%, 5, 0, 2, 3.30
1586205918, 0, 0, 172, 172, 3, 41.15%, 5, 0, 2, 3.59
1586206238, 0, 0, 173, 173, 3, 41.15%, 5, 0, 2, 6.23
1586206258, 0, 0, 174, 174, 3, 41.15%, 5, 0, 2, 6.43
1586206412, 0, 0, 175, 175, 3, 41.15%, 5, 0, 2, 6.03
1586206551, 0, 0, 175, 175, 3, 41.15%, 6, 0, 2, 6.56
1586206582, 0, 0, 176, 176, 3, 41.15%, 6, 0, 2, 3.87
1586206778, 0, 0, 177, 177, 3, 41.15%, 6, 0, 2, 6.59
1586206793, 0, 0, 178, 178, 3, 41.15%, 6, 0, 2, 6.65
1586206948, 0, 0, 179, 179, 3, 41.15%, 6, 0, 2, 6.63
1586206963, 0, 0, 180, 180, 3, 41.15%, 6, 0, 2, 6.66
1586207106, 0, 0, 181, 181, 3, 41.15%, 6, 0, 2, 6.59
1586207127, 0, 0, 182, 182, 3, 41.15%, 6, 0, 2, 6.57
1586207256, 0, 0, 183, 183, 3, 41.15%, 6, 0, 2, 6.68
1586207271, 0, 0, 184, 184, 3, 41.15%, 6, 0, 2, 6.53
1586207416, 0, 0, 185, 185, 3, 41.15%, 6, 0, 2, 6.58
1586207426, 0, 0, 186, 186, 3, 41.15%, 6, 0, 2, 6.32
1586207560, 0, 0, 186, 186, 3, 41.15%, 7, 0, 2, 10.23
1586207570, 0, 0, 186, 186, 3, 41.15%, 8, 0, 2, 12.20
1586207576, 0, 0, 186, 186, 3, 41.15%, 10, 0, 2, 14.39
1586207581, 0, 0, 186, 186, 3, 41.15%, 11, 0, 2, 14.42
1586207586, 0, 0, 188, 188, 3, 41.16%, 11, 0, 2, 10.90
1586207596, 0, 0, 188, 188, 3, 41.16%, 13, 0, 2, 14.30
1586207601, 0, 0, 190, 190, 3, 41.16%, 13, 0, 2, 11.04
1586207606, 0, 0, 191, 191, 3, 41.16%, 13, 0, 2, 7.97
1586207611, 0, 0, 192, 192, 3, 41.16%, 14, 0, 2, 8.94
1586207642, 0, 0, 193, 193, 3, 41.17%, 14, 0, 2, 8.40
1586207648, 0, 0, 194, 194, 3, 41.17%, 14, 0, 2, 10.67
1586207653, 0, 0, 195, 195, 3, 41.17%, 14, 0, 2, 10.89
1586207658, 0, 0, 198, 198, 3, 41.20%, 16, 0, 2, 9.21
1586207663, 0, 0, 200, 200, 3, 41.20%, 17, 0, 2, 7.92
1586207673, 0, 0, 202, 202, 3, 41.25%, 17, 0, 2, 9.40
1586207678, 0, 0, 203, 203, 3, 41.25%, 17, 0, 2, 8.01
1586207694, 0, 0, 204, 204, 3, 41.25%, 17, 0, 2, 6.76
1586207699, 0, 0, 205, 205, 3, 41.25%, 18, 0, 2, 9.64
1586207709, 0, 0, 206, 206, 3, 41.25%, 18, 0, 2, 10.41
1586207715, 0, 0, 207, 207, 3, 41.25%, 18, 0, 2, 8.15
1586207725, 0, 0, 209, 209, 3, 41.26%, 18, 0, 2, 8.44
1586207730, 0, 0, 210, 210, 3, 41.26%, 18, 0, 2, 6.72
1586207735, 0, 0, 211, 211, 3, 41.26%, 18, 0, 2, 6.45
1586207740, 0, 0, 213, 213, 3, 41.26%, 18, 0, 2, 7.25
1586207745, 0, 0, 216, 216, 3, 41.26%, 18, 0, 2, 7.10
1586207751, 0, 0, 218, 218, 3, 41.27%, 18, 0, 2, 6.74
1586207756, 0, 0, 219, 219, 3, 41.27%, 18, 0, 2, 7.42
1586207761, 0, 0, 221, 221, 3, 41.27%, 18, 0, 2, 7.50
1586207853, 0, 0, 224, 224, 3, 41.27%, 18, 0, 2, 7.26
1586207859, 0, 0, 227, 227, 3, 41.27%, 18, 0, 2, 6.71
1586207874, 0, 0, 228, 228, 3, 41.27%, 18, 0, 2, 7.60
1586207884, 0, 0, 229, 229, 3, 41.27%, 18, 0, 2, 8.82
1586207890, 0, 0, 230, 230, 3, 41.27%, 18, 0, 2, 7.62
1586207900, 0, 0, 231, 231, 3, 41.27%, 18, 0, 2, 6.30
1586207905, 0, 0, 233, 233, 3, 41.27%, 18, 0, 2, 5.76
1586207921, 0, 0, 235, 235, 3, 41.27%, 18, 0, 2, 5.52
1586207931, 0, 0, 235, 235, 3, 41.27%, 19, 0, 2, 6.19
1586207936, 0, 0, 236, 236, 3, 41.27%, 19, 0, 2, 0.66
1586207941, 0, 0, 239, 239, 3, 41.27%, 19, 0, 2, 6.61
1586207946, 0, 0, 240, 240, 3, 41.27%, 19, 0, 2, 6.80
1586207972, 0, 0, 241, 241, 3, 41.27%, 19, 0, 2, 8.15
1586207978, 0, 0, 242, 242, 3, 41.27%, 19, 0, 2, 7.40
1586207993, 0, 0, 243, 243, 3, 41.27%, 19, 0, 2, 6.14
1586208008, 0, 0, 245, 245, 3, 41.27%, 19, 0, 2, 7.46
1586208019, 0, 0, 246, 246, 3, 41.27%, 19, 0, 2, 8.43
1586208035, 0, 0, 248, 248, 3, 41.27%, 19, 0, 2, 6.69
1586208050, 0, 0, 249, 249, 3, 41.27%, 19, 0, 2, 6.64
1586208066, 0, 0, 253, 253, 3, 41.27%, 19, 0, 2, 6.57
1586208071, 0, 0, 254, 254, 3, 41.27%, 19, 0, 2, 6.57
1586208081, 0, 0, 255, 255, 3, 41.27%, 19, 0, 2, 6.55
1586208086, 0, 0, 256, 256, 3, 41.27%, 19, 0, 2, 6.47
1586208097, 0, 0, 257, 257, 3, 41.27%, 19, 0, 2, 7.96
1586208102, 0, 0, 258, 258, 3, 41.27%, 19, 0, 2, 7.35
1586208107, 0, 0, 259, 259, 3, 41.27%, 19, 0, 2, 8.98
1586208123, 0, 0, 261, 261, 3, 41.27%, 19, 0, 2, 6.71
1586208133, 0, 0, 262, 262, 3, 41.27%, 19, 0, 2, 8.59
1586208138, 0, 0, 263, 263, 3, 41.27%, 19, 0, 2, 7.91
1586208148, 0, 0, 264, 264, 3, 41.27%, 19, 0, 2, 8.41
1586208159, 0, 0, 266, 266, 3, 41.27%, 19, 0, 2, 8.35
1586208164, 0, 0, 267, 267, 3, 41.27%, 19, 0, 2, 7.45
1586208174, 0, 0, 269, 269, 3, 41.27%, 19, 0, 2, 7.72
1586208179, 0, 0, 270, 270, 3, 41.27%, 19, 0, 2, 7.17
1586208195, 0, 0, 271, 271, 3, 41.27%, 19, 0, 2, 6.62
1586208210, 0, 0, 272, 272, 3, 41.27%, 19, 0, 2, 6.62
1586208242, 0, 0, 274, 274, 3, 41.27%, 19, 0, 2, 6.42
1586208252, 0, 0, 275, 275, 3, 41.27%, 19, 0, 2, 8.27
1586208257, 0, 0, 276, 276, 3, 41.27%, 19, 0, 2, 7.63
1586208267, 0, 0, 277, 277, 3, 41.27%, 19, 0, 2, 8.20
1586208278, 0, 0, 278, 278, 3, 41.27%, 19, 0, 2, 8.27
1586208288, 0, 0, 279, 279, 3, 41.27%, 19, 0, 2, 8.81
1586208303, 0, 0, 280, 280, 3, 41.27%, 19, 0, 2, 7.98
1586208319, 0, 0, 282, 282, 3, 41.27%, 19, 0, 2, 8.20
1586208334, 0, 0, 283, 283, 3, 41.27%, 19, 0, 2, 8.24
1586208350, 0, 0, 285, 285, 3, 41.27%, 19, 0, 2, 7.93
1586208365, 0, 0, 287, 287, 3, 41.27%, 19, 0, 2, 8.21
1586208380, 0, 0, 288, 288, 3, 41.27%, 19, 0, 2, 7.98
1586208391, 0, 0, 289, 289, 3, 41.27%, 19, 0, 2, 8.48
1586208396, 0, 0, 290, 290, 3, 41.27%, 19, 0, 2, 7.60
1586208411, 0, 0, 291, 291, 3, 41.27%, 19, 0, 2, 8.18
1586208421, 0, 0, 292, 292, 3, 41.27%, 19, 0, 2, 8.54
1586208426, 0, 0, 293, 293, 3, 41.27%, 19, 0, 2, 7.57
1586208437, 0, 0, 294, 294, 3, 41.27%, 19, 0, 2, 8.88
1586208442, 0, 0, 296, 296, 3, 41.27%, 19, 0, 2, 7.90
1586208457, 0, 0, 298, 298, 3, 41.27%, 19, 0, 2, 7.41
1586208462, 0, 0, 299, 299, 3, 41.27%, 19, 0, 2, 7.04
1586208467, 0, 0, 300, 300, 3, 41.27%, 19, 0, 2, 8.00
1586208483, 0, 0, 302, 302, 3, 41.27%, 19, 0, 2, 7.31
1586208498, 0, 0, 305, 305, 3, 41.27%, 19, 0, 2, 6.45
1586208503, 0, 0, 306, 306, 3, 41.27%, 19, 0, 2, 6.51
1586208513, 0, 0, 308, 308, 3, 41.27%, 19, 0, 2, 7.86
1586208519, 0, 0, 309, 309, 3, 41.27%, 19, 0, 2, 7.41
1586208524, 0, 0, 310, 310, 3, 41.27%, 19, 0, 2, 8.11
1586208529, 0, 0, 311, 311, 3, 41.27%, 19, 0, 2, 8.01
1586208540, 0, 0, 313, 313, 3, 41.27%, 19, 0, 2, 7.67
1586208555, 0, 0, 315, 315, 3, 41.27%, 19, 0, 2, 6.61
1586208565, 0, 0, 316, 316, 3, 41.27%, 19, 0, 2, 7.67
1586208571, 0, 0, 318, 318, 3, 41.27%, 19, 0, 2, 8.00
1586208586, 0, 0, 319, 319, 3, 41.27%, 19, 0, 2, 7.43
1586208597, 0, 0, 321, 321, 3, 41.28%, 19, 0, 2, 7.89
1586208602, 0, 0, 322, 322, 3, 41.28%, 19, 0, 2, 7.48
1586208612, 0, 0, 323, 323, 3, 41.28%, 19, 0, 2, 8.36
1586208617, 0, 0, 326, 326, 3, 41.32%, 19, 0, 2, 7.23
1586208648, 0, 0, 327, 327, 3, 41.32%, 19, 0, 2, 6.41
1586208653, 0, 0, 328, 328, 3, 41.32%, 19, 0, 2, 6.78
1586208700, 0, 0, 329, 329, 3, 41.34%, 20, 0, 2, 11.48
1586208706, 0, 0, 331, 331, 3, 41.34%, 21, 0, 2, 8.25
1586208711, 0, 0, 332, 332, 3, 41.35%, 21, 0, 2, 7.50
1586208721, 0, 0, 333, 333, 3, 41.35%, 21, 0, 2, 6.22
1586208752, 0, 0, 334, 334, 3, 41.35%, 21, 0, 2, 5.13
1586208768, 0, 0, 336, 336, 3, 41.35%, 21, 0, 2, 7.77
1586208773, 0, 0, 337, 337, 3, 41.36%, 21, 0, 2, 7.93
1586208783, 0, 0, 338, 338, 3, 41.36%, 23, 0, 2, 10.12
1586208789, 0, 0, 340, 340, 3, 41.36%, 23, 0, 2, 6.84
1586208794, 0, 0, 342, 342, 3, 41.36%, 23, 0, 2, 5.59
1586208799, 0, 0, 344, 344, 3, 41.36%, 23, 0, 2, 7.38
1586208887, 0, 0, 346, 346, 3, 41.37%, 23, 0, 2, 8.63
1586208908, 0, 0, 347, 347, 3, 41.37%, 23, 0, 2, 9.76
1586208913, 0, 0, 348, 348, 3, 41.37%, 23, 0, 2, 9.64
1586208938, 0, 0, 349, 349, 3, 41.38%, 23, 0, 2, 10.52
1586208949, 0, 0, 350, 350, 3, 41.38%, 23, 0, 2, 10.82
1586208959, 0, 0, 352, 352, 3, 41.38%, 23, 0, 2, 9.95
1586208964, 0, 0, 353, 353, 3, 41.38%, 23, 0, 2, 8.31
1586208969, 0, 0, 354, 354, 3, 41.38%, 23, 0, 2, 9.17
1586209046, 0, 0, 355, 355, 3, 41.39%, 23, 0, 2, 8.20
1586209098, 0, 0, 356, 356, 3, 41.39%, 23, 0, 2, 9.83
1586209113, 0, 0, 358, 358, 3, 41.39%, 23, 0, 2, 8.07
1586209118, 0, 0, 360, 360, 3, 41.39%, 23, 0, 2, 7.13
1586209133, 0, 0, 361, 361, 3, 41.39%, 23, 0, 2, 6.89
1586209226, 0, 0, 362, 362, 3, 41.39%, 23, 0, 2, 6.85
1586209350, 0, 0, 364, 364, 3, 41.41%, 23, 0, 2, 10.68
1586209356, 0, 0, 366, 366, 3, 41.41%, 23, 0, 2, 7.19
1586209392, 0, 0, 367, 367, 3, 41.41%, 24, 0, 2, 7.36
1586209397, 0, 0, 368, 368, 3, 41.41%, 24, 0, 2, 7.24
1586209412, 0, 0, 369, 369, 3, 41.41%, 24, 0, 2, 8.67
1586209458, 0, 0, 370, 370, 3, 41.41%, 24, 0, 2, 11.38
1586209469, 0, 0, 372, 372, 3, 41.41%, 24, 0, 2, 9.36
1586209474, 0, 0, 373, 373, 3, 41.41%, 24, 0, 2, 7.05
1586209479, 0, 0, 373, 373, 3, 41.41%, 25, 0, 2, 8.94
1586209505, 0, 0, 374, 374, 3, 41.41%, 25, 0, 2, 5.90
1586209525, 0, 0, 375, 375, 3, 41.41%, 25, 0, 2, 9.19
1586209530, 0, 0, 376, 376, 3, 41.41%, 25, 0, 2, 7.92
1586209601, 0, 0, 377, 377, 3, 41.41%, 25, 0, 2, 8.96
1586209622, 0, 0, 377, 377, 3, 41.41%, 26, 0, 2, 12.62
1586209627, 0, 0, 378, 378, 3, 41.41%, 26, 0, 2, 11.37
1586209632, 0, 0, 379, 379, 3, 41.41%, 26, 0, 2, 8.63
1586209648, 0, 0, 381, 381, 3, 41.42%, 26, 0, 2, 7.76
1586209653, 0, 0, 382, 382, 3, 41.42%, 27, 0, 2, 9.31
1586209659, 0, 0, 383, 383, 3, 41.42%, 27, 0, 2, 11.93
1586209664, 0, 0, 384, 384, 3, 41.42%, 27, 0, 2, 9.18
1586209679, 0, 0, 385, 385, 3, 41.42%, 27, 0, 2, 10.75
1586209684, 0, 0, 386, 386, 3, 41.42%, 27, 0, 2, 8.32
1586209689, 0, 0, 387, 387, 3, 41.42%, 27, 0, 2, 10.03
1586209715, 0, 0, 388, 388, 3, 41.42%, 27, 0, 2, 6.10
1586209720, 0, 0, 389, 389, 3, 41.42%, 27, 0, 2, 7.50
1586209818, 0, 0, 390, 390, 3, 41.42%, 27, 0, 2, 8.03
1586209833, 0, 0, 391, 391, 3, 41.42%, 27, 0, 2, 9.10
1586209895, 0, 0, 392, 392, 3, 41.42%, 27, 0, 2, 11.64
1586209905, 0, 0, 393, 393, 3, 41.42%, 27, 0, 2, 9.70
1586209940, 0, 0, 394, 394, 3, 41.42%, 27, 0, 2, 6.74
1586210034, 0, 0, 395, 395, 3, 41.42%, 27, 0, 2, 9.18
1586210039, 0, 0, 396, 396, 3, 41.42%, 27, 0, 2, 7.90
1586210075, 0, 0, 397, 397, 3, 41.42%, 27, 0, 2, 8.59
1586210111, 0, 0, 398, 398, 3, 41.42%, 27, 0, 2, 10.83
1586210116, 0, 0, 399, 399, 3, 41.42%, 27, 0, 2, 12.24
1586210122, 0, 0, 400, 400, 3, 41.42%, 27, 0, 2, 8.70
1586210127, 0, 0, 401, 401, 3, 41.42%, 27, 0, 2, 7.08
1586210209, 0, 0, 402, 402, 3, 41.42%, 27, 0, 2, 8.95
1586210214, 0, 0, 403, 403, 3, 41.42%, 27, 0, 2, 6.12
1586210276, 0, 0, 404, 404, 3, 41.42%, 27, 0, 2, 10.22
1586210297, 0, 0, 405, 405, 3, 41.42%, 27, 0, 2, 8.38
1586210312, 0, 0, 407, 407, 3, 41.42%, 27, 0, 2, 7.33
1586210327, 0, 0, 408, 408, 3, 41.42%, 27, 0, 2, 7.53
1586210400, 0, 0, 409, 409, 3, 41.42%, 27, 0, 2, 7.34
1586210426, 0, 0, 410, 410, 3, 41.42%, 27, 0, 2, 7.67
1586210442, 0, 0, 411, 411, 3, 41.42%, 27, 0, 2, 0.37
1586210478, 0, 0, 412, 412, 3, 41.42%, 27, 0, 2, 6.71
1586210503, 0, 0, 413, 413, 3, 41.42%, 27, 0, 2, 6.01
1586210560, 0, 0, 414, 414, 3, 41.42%, 27, 0, 2, 6.42
1586210565, 0, 0, 415, 415, 3, 41.42%, 27, 0, 2, 6.37
1586210570, 0, 0, 416, 416, 3, 41.42%, 27, 0, 2, 7.86
1586210575, 0, 0, 418, 418, 3, 41.42%, 27, 0, 2, 6.84
1586210580, 0, 0, 419, 419, 3, 41.42%, 27, 0, 2, 6.42
1586210678, 0, 0, 420, 420, 3, 41.42%, 27, 0, 2, 10.49
1586210683, 0, 0, 421, 421, 3, 41.43%, 27, 0, 2, 9.20
1586236982, 0, 0, 421, 421, 3, 41.43%, 28, 0, 2, 13.15
1586236992, 0, 0, 423, 423, 3, 41.43%, 28, 0, 2, 10.34
1586237003, 0, 0, 424, 424, 3, 41.43%, 28, 0, 2, 7.67
1586237139, 0, 0, 424, 424, 3, 41.43%, 28, 1, 2, 6.71
1586237149, 0, 0, 424, 424, 3, 41.43%, 28, 3, 2, 2.56
1586237154, 0, 0, 426, 426, 3, 41.48%, 28, 3, 2, 3.49
1586237181, 0, 0, 427, 427, 3, 41.48%, 28, 3, 2, 5.19
1586237206, 0, 0, 428, 428, 3, 41.48%, 28, 3, 2, 6.55
1586237216, 0, 0, 429, 429, 3, 41.48%, 28, 3, 2, 6.11
1586237221, 0, 0, 430, 430, 3, 41.48%, 28, 3, 2, 6.17
1586237281, 0, 0, 431, 431, 3, 41.48%, 28, 3, 2, 5.86
1586237328, 0, 0, 432, 432, 3, 41.48%, 28, 3, 2, 6.33
1586237343, 0, 0, 433, 433, 3, 41.48%, 28, 3, 2, 6.37
1586237348, 0, 0, 435, 435, 3, 41.48%, 28, 3, 2, 6.07
1586237359, 0, 0, 436, 436, 3, 41.48%, 28, 3, 2, 6.14
1586237364, 0, 0, 437, 437, 3, 41.48%, 28, 3, 2, 6.17
1586237374, 0, 0, 439, 439, 3, 41.48%, 28, 3, 2, 5.78
1586237384, 0, 0, 440, 440, 3, 41.48%, 28, 3, 2, 5.95
1586237431, 0, 0, 441, 441, 3, 41.48%, 28, 3, 2, 4.94
1586237436, 0, 0, 443, 443, 3, 41.48%, 28, 3, 2, 4.74
1586237462, 0, 0, 444, 444, 3, 41.48%, 28, 3, 2, 5.84
1586237487, 0, 0, 446, 446, 3, 41.48%, 28, 3, 2, 4.68
1586237498, 0, 0, 447, 447, 3, 41.48%, 28, 3, 2, 5.99
1586237503, 0, 0, 448, 448, 3, 41.48%, 28, 3, 2, 6.19
1586237518, 0, 0, 449, 449, 3, 41.48%, 28, 3, 2, 6.12
1586237559, 0, 0, 450, 450, 3, 41.48%, 28, 3, 2, 5.03
1586237606, 0, 0, 451, 451, 3, 41.48%, 28, 3, 2, 5.41
1586237621, 0, 0, 452, 452, 3, 41.48%, 28, 3, 2, 5.73
1586237636, 0, 0, 453, 453, 3, 41.49%, 28, 3, 2, 5.77
1586237642, 0, 0, 454, 454, 3, 41.49%, 28, 3, 2, 5.54
1586237647, 0, 0, 455, 455, 3, 41.49%, 28, 3, 2, 5.47
1586237652, 0, 0, 457, 457, 3, 41.49%, 28, 3, 2, 5.63
1586237699, 0, 0, 459, 459, 3, 41.49%, 28, 3, 2, 5.68
1586237709, 0, 0, 460, 460, 3, 41.49%, 28, 3, 2, 5.64
1586237725, 0, 0, 461, 461, 3, 41.49%, 28, 3, 2, 5.82
1586237730, 0, 0, 462, 462, 3, 41.49%, 28, 3, 2, 6.03
1586237740, 0, 0, 463, 463, 3, 41.49%, 28, 3, 2, 6.12
1586237745, 0, 0, 464, 464, 3, 41.49%, 28, 3, 2, 6.06
1586237751, 0, 0, 466, 466, 3, 41.49%, 28, 3, 2, 6.08
1586237756, 0, 0, 467, 467, 3, 41.49%, 28, 3, 2, 6.13
1586237761, 0, 0, 468, 468, 3, 41.49%, 28, 3, 2, 6.17
1586237771, 0, 0, 469, 469, 3, 41.49%, 28, 3, 2, 6.11
1586237849, 0, 0, 470, 470, 3, 41.49%, 28, 3, 2, 6.16
1586237881, 0, 0, 471, 471, 3, 41.49%, 28, 3, 2, 6.17
1586237891, 0, 0, 472, 472, 3, 41.49%, 28, 3, 2, 6.24
1586237896, 0, 0, 473, 473, 3, 41.49%, 28, 3, 2, 6.23
1586237912, 0, 0, 475, 475, 3, 41.49%, 28, 3, 2, 6.39
1586237917, 0, 0, 476, 476, 3, 41.49%, 28, 3, 2, 6.57
1586237958, 0, 0, 477, 477, 3, 41.49%, 28, 3, 2, 6.58
1586237965, 0, 0, 478, 478, 3, 41.49%, 28, 3, 2, 0.44
1586237996, 0, 0, 479, 479, 3, 41.49%, 28, 3, 2, 6.43
1586238001, 0, 0, 480, 480, 3, 41.49%, 28, 3, 2, 6.48
1586238032, 0, 0, 481, 481, 3, 41.49%, 28, 3, 2, 6.66
1586238038, 0, 0, 482, 482, 3, 41.49%, 28, 3, 2, 6.62
1586238053, 0, 0, 483, 483, 3, 41.49%, 28, 3, 2, 6.48
1586238058, 0, 0, 484, 484, 3, 41.49%, 28, 3, 2, 6.40
1586238069, 0, 0, 485, 485, 3, 41.49%, 28, 3, 2, 6.54
1586238079, 0, 0, 487, 487, 3, 41.49%, 28, 3, 2, 6.47
1586238084, 0, 0, 488, 488, 3, 41.49%, 28, 3, 2, 6.64
1586238089, 0, 0, 489, 489, 3, 41.49%, 28, 3, 2, 6.72
1586238100, 0, 0, 490, 490, 3, 41.49%, 28, 3, 2, 6.62
1586238131, 0, 0, 492, 492, 3, 41.49%, 28, 3, 2, 6.58
1586238166, 0, 0, 493, 493, 3, 41.49%, 28, 3, 2, 6.78
1586238172, 0, 0, 494, 494, 3, 41.49%, 28, 3, 2, 6.75
1586238224, 0, 0, 495, 495, 3, 41.49%, 28, 3, 2, 6.32
1586238244, 0, 0, 496, 496, 3, 41.49%, 28, 3, 2, 6.17
1586238255, 0, 0, 497, 497, 3, 41.49%, 28, 3, 2, 6.09
1586238260, 0, 0, 498, 498, 3, 41.49%, 28, 3, 2, 6.33
1586238265, 0, 0, 499, 499, 3, 41.49%, 28, 3, 2, 6.30
1586238270, 0, 0, 500, 500, 3, 41.49%, 28, 3, 2, 6.52
1586238275, 0, 0, 501, 501, 3, 41.49%, 28, 3, 2, 6.46
1586238280, 0, 0, 502, 502, 3, 41.49%, 28, 3, 2, 6.38
1586238321, 0, 0, 503, 503, 3, 41.49%, 28, 3, 2, 6.77
1586238357, 0, 0, 504, 504, 3, 41.49%, 28, 3, 2, 6.67
1586238378, 0, 0, 505, 505, 3, 41.49%, 28, 3, 2, 6.40
1586238404, 0, 0, 506, 506, 3, 41.49%, 28, 3, 2, 5.32
1586238419, 0, 0, 507, 507, 3, 41.49%, 28, 3, 2, 4.83
1586238424, 0, 0, 508, 508, 3, 41.49%, 28, 3, 2, 5.28
1586238429, 0, 0, 510, 510, 3, 41.49%, 28, 3, 2, 5.50
1586238434, 0, 0, 511, 511, 3, 41.49%, 28, 3, 2, 5.53
1586238440, 0, 0, 512, 512, 3, 41.49%, 28, 3, 2, 5.64
1586238445, 0, 0, 513, 513, 3, 41.49%, 28, 3, 2, 5.65
1586238502, 0, 0, 514, 514, 3, 41.49%, 28, 3, 2, 6.34
1586238564, 0, 0, 515, 515, 3, 41.49%, 28, 3, 2, 6.53
1586238569, 0, 0, 516, 516, 3, 41.49%, 28, 3, 2, 6.64
1586238590, 0, 0, 517, 517, 3, 41.49%, 28, 3, 2, 6.49
1586238600, 0, 0, 518, 518, 3, 41.49%, 28, 3, 2, 6.18
1586238606, 0, 0, 519, 519, 3, 41.49%, 28, 3, 2, 6.04
1586238631, 0, 0, 520, 520, 3, 41.49%, 28, 3, 2, 6.63
1586238667, 0, 0, 521, 521, 3, 41.49%, 28, 3, 2, 6.57
1586238703, 0, 0, 522, 522, 3, 41.49%, 28, 3, 2, 6.62
1586238740, 0, 0, 524, 524, 3, 41.49%, 28, 3, 2, 6.48
1586238761, 0, 0, 525, 525, 3, 41.49%, 28, 3, 2, 6.18
1586238771, 0, 0, 526, 526, 3, 41.49%, 28, 3, 2, 6.34
1586238786, 0, 0, 527, 527, 3, 41.49%, 28, 3, 2, 6.47
1586238791, 0, 0, 528, 528, 3, 41.49%, 28, 3, 2, 5.13
1586238802, 0, 0, 529, 529, 3, 41.49%, 28, 3, 2, 6.40
1586238843, 0, 0, 530, 530, 3, 41.49%, 28, 3, 2, 5.77
1586238879, 0, 0, 531, 531, 3, 41.49%, 28, 3, 2, 6.45
1586238905, 0, 0, 532, 532, 3, 41.49%, 28, 3, 2, 6.43
1586238926, 0, 0, 533, 533, 3, 41.49%, 28, 3, 2, 6.52
1586238936, 0, 0, 535, 535, 3, 41.49%, 28, 3, 2, 6.65
1586238941, 0, 0, 536, 536, 3, 41.49%, 28, 3, 2, 6.59
1586238951, 0, 0, 537, 537, 3, 41.49%, 28, 3, 2, 6.65
1586238967, 0, 0, 538, 538, 3, 41.49%, 28, 3, 2, 6.65
1586239003, 0, 0, 540, 540, 3, 41.49%, 28, 3, 2, 6.21
1586239040, 0, 0, 541, 541, 3, 41.49%, 28, 3, 2, 6.59
1586239076, 0, 0, 542, 542, 3, 41.49%, 28, 3, 2, 6.22
1586239107, 0, 0, 543, 543, 3, 41.49%, 28, 3, 2, 6.50
1586239123, 0, 0, 544, 544, 3, 41.49%, 28, 3, 2, 6.41
1586239170, 0, 0, 545, 545, 3, 41.49%, 28, 3, 2, 6.60
1586239206, 0, 0, 546, 546, 3, 41.49%, 28, 3, 2, 6.05
1586239303, 0, 0, 547, 547, 3, 41.50%, 28, 3, 2, 6.69
1586239308, 0, 0, 549, 549, 3, 41.50%, 28, 3, 2, 6.61
1586239313, 0, 0, 551, 551, 3, 41.50%, 28, 3, 2, 6.68
1586239318, 0, 0, 552, 552, 3, 41.50%, 28, 3, 2, 6.72
1586239360, 0, 0, 553, 553, 3, 41.50%, 28, 3, 2, 6.32
1586239406, 0, 0, 555, 555, 3, 41.50%, 28, 3, 2, 6.54
1586239411, 0, 0, 556, 556, 3, 41.50%, 28, 3, 2, 6.17
1586239421, 0, 0, 558, 558, 3, 41.51%, 28, 3, 2, 6.29
1586239426, 0, 0, 560, 560, 3, 41.51%, 28, 3, 2, 6.36
1586239432, 0, 0, 562, 562, 3, 41.53%, 28, 3, 2, 6.50
1586239437, 0, 0, 563, 563, 3, 41.53%, 28, 3, 2, 6.55
1586239447, 0, 0, 565, 565, 3, 41.53%, 28, 3, 2, 6.76
1586239452, 0, 0, 566, 566, 3, 41.53%, 28, 3, 2, 6.70
1586239468, 0, 0, 569, 569, 3, 41.54%, 28, 3, 2, 6.63
1586239473, 0, 0, 571, 571, 3, 41.54%, 28, 3, 2, 6.70
1586239483, 0, 0, 573, 573, 3, 41.54%, 28, 3, 2, 6.69
1586239514, 0, 0, 575, 575, 3, 41.54%, 28, 3, 2, 6.55
1586239519, 0, 0, 576, 576, 3, 41.54%, 28, 3, 2, 6.53
1586239524, 0, 0, 577, 577, 3, 41.55%, 28, 3, 2, 6.54
1586239529, 0, 0, 578, 578, 3, 41.55%, 28, 3, 2, 6.51
1586239534, 0, 0, 579, 579, 3, 41.55%, 28, 3, 2, 6.44
1586239540, 0, 0, 580, 580, 3, 41.55%, 28, 3, 2, 6.49
1586239545, 0, 0, 581, 581, 3, 41.55%, 28, 3, 2, 6.61
1586239550, 0, 0, 582, 582, 3, 41.55%, 28, 3, 2, 6.47
1586239560, 0, 0, 584, 584, 3, 41.55%, 28, 3, 2, 6.68
1586239565, 0, 0, 585, 585, 3, 41.55%, 28, 3, 2, 6.67
1586239575, 0, 0, 587, 587, 3, 41.55%, 28, 3, 2, 6.63
1586239591, 0, 0, 590, 590, 3, 41.55%, 28, 3, 2, 6.76
1586239596, 0, 0, 591, 591, 3, 41.55%, 28, 3, 2, 6.74
1586239606, 0, 0, 592, 592, 3, 41.55%, 28, 3, 2, 6.73
1586239616, 0, 0, 593, 593, 3, 41.55%, 28, 3, 2, 6.71
1586239631, 0, 0, 595, 595, 3, 41.55%, 28, 3, 2, 6.75
1586239647, 0, 0, 596, 596, 3, 41.55%, 28, 3, 2, 6.72
1586239662, 0, 0, 597, 597, 3, 41.55%, 28, 3, 2, 6.69
1586239672, 0, 0, 598, 598, 3, 41.55%, 28, 3, 2, 6.68
1586239713, 0, 0, 599, 599, 3, 41.55%, 28, 3, 2, 6.63
1586239754, 0, 0, 600, 600, 3, 41.55%, 28, 3, 2, 6.57
1586239759, 0, 0, 602, 602, 3, 41.55%, 28, 3, 2, 6.62
1586239775, 0, 0, 604, 604, 3, 41.56%, 28, 3, 2, 6.49
1586239837, 0, 0, 605, 605, 3, 41.56%, 28, 3, 2, 6.51
1586239847, 0, 0, 606, 606, 3, 41.56%, 28, 3, 2, 6.59
1586239852, 0, 0, 607, 607, 3, 41.56%, 28, 3, 2, 6.65
1586239883, 0, 0, 608, 608, 3, 41.56%, 28, 3, 2, 6.64
1586239903, 0, 0, 609, 609, 3, 41.56%, 28, 3, 2, 6.00
1586239934, 0, 0, 610, 610, 3, 41.57%, 28, 3, 2, 6.41
1586239944, 0, 0, 611, 611, 3, 41.57%, 28, 3, 2, 6.53
1586239950, 0, 0, 614, 614, 3, 41.59%, 28, 3, 2, 6.55
1586239955, 0, 0, 615, 615, 3, 41.59%, 28, 3, 2, 6.70
1586239980, 0, 0, 616, 616, 3, 41.60%, 28, 3, 2, 6.68
1586239996, 0, 0, 617, 617, 3, 41.60%, 28, 3, 2, 6.59
1586240001, 0, 0, 618, 618, 3, 41.60%, 28, 3, 2, 6.66
1586240016, 0, 0, 620, 620, 3, 41.60%, 28, 3, 2, 6.74
1586240021, 0, 0, 621, 621, 3, 41.60%, 28, 3, 2, 6.70
1586240036, 0, 0, 622, 622, 3, 41.60%, 28, 3, 2, 6.78
1586240051, 0, 0, 623, 623, 3, 41.60%, 28, 3, 2, 6.76
1586240067, 0, 0, 624, 624, 3, 41.60%, 28, 3, 2, 6.75
1586240133, 0, 0, 625, 625, 3, 41.61%, 28, 3, 2, 6.26
1586240138, 0, 0, 627, 627, 3, 41.64%, 28, 3, 2, 6.34
1586240163, 0, 0, 628, 628, 3, 41.64%, 28, 3, 2, 6.44
1586240169, 0, 0, 629, 629, 3, 41.64%, 28, 3, 2, 6.60
1586240184, 0, 0, 630, 630, 3, 41.65%, 28, 3, 2, 6.36
1586240205, 0, 0, 631, 631, 3, 41.66%, 28, 3, 2, 6.22
1586240210, 0, 0, 632, 632, 3, 41.66%, 28, 3, 2, 5.82
1586240215, 0, 0, 633, 633, 3, 41.66%, 28, 3, 2, 6.39
1586240256, 0, 0, 634, 634, 3, 41.66%, 28, 3, 2, 6.60
1586240277, 0, 0, 635, 635, 3, 41.72%, 28, 3, 2, 6.72
1586240282, 0, 0, 636, 636, 3, 41.72%, 28, 3, 2, 6.57
1586240302, 0, 0, 637, 637, 3, 41.72%, 28, 3, 2, 6.13
1586240308, 0, 0, 641, 641, 3, 41.74%, 28, 3, 2, 6.28
1586240318, 0, 0, 642, 642, 3, 41.74%, 28, 3, 2, 6.56
1586240323, 0, 0, 643, 643, 3, 41.74%, 28, 3, 2, 6.06
1586240354, 0, 0, 645, 645, 3, 41.74%, 28, 3, 2, 6.69
1586240359, 0, 0, 646, 646, 3, 41.74%, 28, 3, 2, 5.28
1586240380, 0, 0, 647, 647, 3, 41.74%, 28, 3, 2, 6.32
1586240395, 0, 0, 648, 648, 3, 41.74%, 28, 3, 2, 6.68
1586240425, 0, 0, 649, 649, 3, 41.74%, 28, 3, 2, 6.77
1586240456, 0, 0, 650, 650, 3, 41.74%, 28, 3, 2, 6.69
1586240461, 0, 0, 652, 652, 3, 41.74%, 28, 3, 2, 6.74
1586240481, 0, 0, 653, 653, 3, 41.74%, 28, 3, 2, 6.67
1586240497, 0, 0, 654, 654, 3, 41.74%, 28, 3, 2, 6.57
1586240502, 0, 0, 655, 655, 3, 41.75%, 28, 3, 2, 6.70
1586240517, 0, 0, 656, 656, 3, 41.75%, 28, 3, 2, 6.81
1586240523, 0, 0, 657, 657, 3, 41.75%, 28, 3, 2, 6.83
1586240528, 0, 0, 659, 659, 3, 41.75%, 28, 3, 2, 6.80
1586240533, 0, 0, 660, 660, 3, 41.75%, 28, 3, 2, 6.69
1586240543, 0, 0, 661, 661, 3, 41.75%, 28, 3, 2, 6.70
1586240553, 0, 0, 662, 662, 3, 41.75%, 28, 3, 2, 6.80
1586240584, 0, 0, 663, 663, 3, 41.75%, 28, 3, 2, 6.79
1586240619, 0, 0, 665, 665, 3, 41.75%, 28, 3, 2, 6.70
1586240640, 0, 0, 666, 666, 3, 41.75%, 28, 3, 2, 6.71
1586240645, 0, 0, 667, 667, 3, 41.75%, 28, 3, 2, 6.72
1586240655, 0, 0, 668, 668, 3, 41.75%, 28, 3, 2, 6.75
1586240660, 0, 0, 670, 670, 3, 41.75%, 28, 3, 2, 6.80
1586240681, 0, 0, 672, 672, 3, 41.75%, 28, 3, 2, 6.69
1586240686, 0, 0, 673, 673, 3, 41.75%, 28, 3, 2, 6.74
1586240691, 0, 0, 674, 674, 3, 41.75%, 28, 3, 2, 6.39
1586240696, 0, 0, 675, 675, 3, 41.75%, 28, 3, 2, 6.54
1586240701, 0, 0, 676, 676, 3, 41.75%, 28, 3, 2, 6.61
1586240748, 0, 0, 677, 677, 3, 41.75%, 28, 3, 2, 5.97
1586240779, 0, 0, 678, 678, 3, 41.75%, 28, 3, 2, 6.14
1586240784, 0, 0, 679, 679, 3, 41.75%, 28, 3, 2, 6.54
1586240820, 0, 0, 680, 680, 3, 41.75%, 28, 3, 2, 6.55
1586240846, 0, 0, 682, 682, 3, 41.75%, 28, 3, 2, 6.69
1586240851, 0, 0, 684, 684, 3, 41.75%, 28, 3, 2, 6.68
1586240861, 0, 0, 685, 685, 3, 41.75%, 28, 3, 2, 6.75
1586240866, 0, 0, 686, 686, 3, 41.75%, 28, 3, 2, 6.76
1586240876, 0, 0, 687, 687, 3, 41.75%, 28, 3, 2, 6.16
1586240918, 0, 0, 688, 688, 3, 41.75%, 28, 3, 2, 6.05
1586240943, 0, 0, 689, 689, 3, 41.75%, 28, 3, 2, 6.57
1586240954, 0, 0, 690, 690, 3, 41.75%, 28, 3, 2, 6.51
1586240964, 0, 0, 696, 696, 3, 41.75%, 28, 3, 2, 16.02
1586240969, 0, 0, 702, 702, 3, 41.75%, 28, 3, 2, 16.93
1586240974, 0, 0, 703, 703, 3, 41.75%, 28, 3, 2, 11.85
1586241304, 0, 0, 704, 704, 3, 41.75%, 28, 3, 2, 6.43
1586241309, 0, 0, 706, 706, 3, 41.76%, 28, 3, 2, 6.36
1586241314, 0, 0, 708, 708, 3, 41.76%, 28, 3, 2, 6.55
1586241640, 0, 0, 710, 710, 3, 41.77%, 28, 3, 2, 6.38
1586241645, 0, 0, 712, 712, 3, 41.77%, 28, 3, 2, 6.31
1586241972, 0, 0, 713, 713, 3, 41.77%, 28, 3, 2, 5.46
1586241977, 0, 0, 714, 714, 3, 41.77%, 28, 3, 2, 6.38
1586242293, 0, 0, 716, 716, 3, 41.77%, 28, 3, 2, 32.43
1586242608, 0, 0, 717, 717, 3, 41.77%, 28, 3, 2, 6.63
1586242613, 0, 0, 719, 719, 3, 41.77%, 28, 3, 2, 6.68
1586242931, 0, 0, 720, 720, 3, 41.77%, 28, 3, 2, 7.03
1586242936, 0, 0, 721, 721, 3, 41.77%, 28, 3, 2, 6.79
1586243317, 0, 0, 723, 723, 3, 41.77%, 28, 3, 2, 5.89
1586243637, 0, 0, 724, 724, 3, 41.77%, 28, 3, 2, 6.59
1586244004, 0, 0, 725, 725, 3, 41.77%, 28, 3, 2, 5.95
1586244010, 0, 0, 726, 726, 3, 41.77%, 28, 3, 2, 5.76
1586244345, 0, 0, 727, 727, 3, 41.77%, 28, 3, 2, 4.95
1586245328, 0, 0, 728, 728, 3, 41.77%, 28, 3, 2, 6.80
1586245333, 0, 0, 729, 729, 3, 41.77%, 28, 3, 2, 6.75
1586245647, 0, 0, 730, 730, 3, 41.77%, 28, 3, 2, 6.79
1586245652, 0, 0, 731, 731, 3, 41.77%, 28, 3, 2, 6.71
1586245972, 0, 0, 732, 732, 3, 41.77%, 28, 3, 2, 6.31
1586246303, 0, 0, 733, 733, 3, 41.77%, 28, 3, 2, 6.48
1586246308, 0, 0, 734, 734, 3, 41.77%, 28, 3, 2, 6.55
1586246452, 0, 0, 735, 735, 3, 41.77%, 28, 3, 2, 6.19
1586246457, 0, 0, 736, 736, 3, 41.77%, 28, 3, 2, 5.84
1586246478, 0, 0, 737, 737, 3, 41.77%, 28, 3, 2, 6.53
1586246483, 0, 0, 738, 738, 3, 41.77%, 28, 3, 2, 6.62
1586246494, 0, 0, 739, 739, 3, 41.77%, 28, 3, 2, 6.64
1586246515, 0, 0, 740, 740, 3, 41.77%, 28, 3, 2, 6.52
1586246525, 0, 0, 741, 741, 3, 41.77%, 28, 3, 2, 6.64
1586246535, 0, 0, 742, 742, 3, 41.77%, 28, 3, 2, 6.79
1586246566, 0, 0, 743, 743, 3, 41.77%, 28, 3, 2, 6.35
1586246571, 0, 0, 744, 744, 3, 41.77%, 28, 3, 2, 6.55
1586246617, 0, 0, 745, 745, 3, 41.77%, 28, 3, 2, 6.58
1586246627, 0, 0, 746, 746, 3, 41.77%, 28, 3, 2, 6.67
1586246648, 0, 0, 747, 747, 3, 41.77%, 28, 3, 2, 6.70
1586246653, 0, 0, 748, 748, 3, 41.77%, 28, 3, 2, 6.68
1586246658, 0, 0, 749, 749, 3, 41.77%, 28, 3, 2, 6.59
1586246663, 0, 0, 750, 750, 3, 41.77%, 28, 3, 2, 6.63
1586246740, 0, 0, 751, 751, 3, 41.77%, 28, 3, 2, 6.65
1586246745, 0, 0, 752, 752, 3, 41.77%, 28, 3, 2, 6.49
1586246766, 0, 0, 754, 754, 3, 41.77%, 28, 3, 2, 61.78
1586246771, 0, 0, 757, 757, 3, 41.77%, 28, 3, 2, 6.78
1586246776, 0, 0, 760, 760, 3, 41.77%, 28, 3, 2, 6.67
