# unix_time, cycles_done, cur_path, paths_total, pending_total, pending_favs, map_size, unique_crashes, unique_hangs, max_depth, execs_per_sec
1570008473, 0, 0, 3, 3, 3, 74.98%, 0, 0, 1, 6.54
1570008488, 0, 0, 6, 6, 3, 75.07%, 0, 0, 2, 6.08
1570008493, 0, 0, 10, 10, 3, 75.09%, 1, 0, 2, 42.20
1570008499, 0, 0, 15, 15, 3, 75.17%, 1, 0, 2, 50.31
1570008504, 0, 0, 19, 19, 3, 75.21%, 1, 0, 2, 6.14
1570008509, 0, 0, 24, 24, 3, 75.25%, 1, 0, 2, 11.43
1570008514, 0, 0, 28, 28, 3, 75.30%, 1, 0, 2, 13.93
1570008519, 0, 0, 33, 33, 3, 75.32%, 1, 0, 2, 14.80
1570008524, 0, 0, 39, 39, 3, 75.82%, 1, 0, 2, 20.08
1570008530, 0, 0, 42, 42, 3, 76.05%, 1, 0, 2, 14.15
1570008535, 0, 0, 46, 46, 3, 76.07%, 1, 0, 2, 14.57
1570008540, 0, 0, 49, 49, 3, 76.07%, 1, 0, 2, 10.72
1570008545, 0, 0, 56, 56, 3, 76.07%, 1, 0, 2, 14.78
1570008550, 0, 0, 58, 58, 3, 76.46%, 1, 0, 2, 11.70
1570008555, 0, 0, 65, 65, 3, 76.57%, 1, 0, 2, 23.96
1570008561, 0, 0, 69, 69, 3, 76.57%, 1, 0, 2, 16.16
1570008566, 0, 0, 74, 74, 3, 76.62%, 2, 0, 2, 11.25
1570008571, 0, 0, 77, 77, 3, 77.04%, 2, 0, 2, 57.42
1570008576, 0, 0, 80, 80, 3, 77.04%, 2, 0, 2, 6.17
1570008581, 0, 0, 83, 83, 3, 77.23%, 2, 0, 2, 7.89
1570008587, 0, 0, 87, 87, 3, 77.36%, 2, 0, 2, 8.85
1570008592, 0, 0, 90, 90, 3, 77.44%, 2, 0, 2, 10.85
1570008597, 0, 0, 94, 94, 3, 77.46%, 2, 0, 2, 10.35
1570008602, 0, 0, 97, 97, 3, 77.49%, 2, 0, 2, 10.18
1570008607, 0, 0, 101, 101, 3, 77.51%, 2, 0, 2, 12.50
1570008612, 0, 0, 106, 106, 3, 77.52%, 2, 0, 2, 18.69
1570008617, 0, 0, 110, 110, 3, 77.52%, 2, 0, 2, 29.04
1570008622, 0, 0, 113, 113, 3, 77.57%, 2, 0, 2, 17.27
1570008627, 0, 0, 116, 116, 3, 77.58%, 2, 0, 2, 13.37
1570008633, 0, 0, 119, 119, 3, 77.80%, 2, 0, 2, 18.68
1570008638, 0, 0, 122, 122, 3, 77.83%, 3, 0, 2, 22.44
1570008643, 0, 0, 125, 125, 3, 78.10%, 3, 0, 2, 21.48
1570008648, 0, 0, 129, 129, 3, 78.10%, 3, 0, 2, 23.26
1570008653, 0, 0, 132, 132, 3, 78.11%, 3, 0, 2, 15.84
1570008658, 0, 0, 136, 136, 3, 78.11%, 3, 0, 2, 26.26
1570008663, 0, 0, 140, 140, 3, 78.11%, 3, 0, 2, 17.79
1570008669, 0, 0, 142, 142, 3, 78.11%, 3, 0, 2, 15.45
1570008674, 0, 0, 146, 146, 3, 78.11%, 4, 0, 2, 8.75
1570008679, 0, 0, 149, 149, 3, 78.13%, 4, 0, 2, 60.83
1570008684, 0, 0, 152, 152, 3, 78.13%, 4, 0, 2, 43.48
1570008689, 0, 0, 155, 155, 3, 78.13%, 5, 0, 2, 9.23
1570008694, 0, 0, 157, 157, 3, 78.15%, 5, 0, 2, 19.20
1570008699, 0, 0, 160, 160, 3, 78.21%, 5, 0, 2, 20.37
1570008704, 0, 0, 166, 166, 3, 78.21%, 5, 0, 2, 16.42
1570008710, 0, 0, 171, 171, 3, 78.22%, 5, 0, 2, 16.55
1570008715, 0, 0, 175, 175, 3, 78.23%, 5, 0, 2, 14.15
1570008720, 0, 0, 178, 178, 3, 78.25%, 5, 0, 2, 17.60
1570008725, 0, 0, 181, 181, 3, 78.25%, 5, 0, 2, 12.83
1570008730, 0, 0, 184, 184, 3, 78.26%, 5, 1, 2, 18.93
1570008735, 0, 0, 189, 189, 3, 78.37%, 5, 1, 2, 19.19
1570008740, 0, 0, 192, 192, 3, 78.37%, 5, 1, 2, 26.79
1570008745, 0, 0, 195, 195, 3, 78.37%, 5, 1, 2, 22.12
1570008751, 0, 0, 200, 200, 3, 78.69%, 5, 1, 2, 16.41
1570008756, 0, 0, 204, 204, 3, 78.72%, 5, 1, 2, 12.51
1570008761, 0, 0, 206, 206, 3, 78.73%, 5, 1, 2, 65.59
1570008766, 0, 0, 209, 209, 3, 78.73%, 5, 1, 2, 9.09
1570008771, 0, 0, 212, 212, 3, 78.87%, 5, 1, 2, 11.98
1570008776, 0, 0, 215, 215, 3, 78.94%, 5, 1, 2, 8.22
1570008781, 0, 0, 219, 219, 3, 79.01%, 5, 1, 2, 6.24
1570008786, 0, 0, 222, 222, 3, 79.02%, 5, 1, 2, 68.09
1570008791, 0, 0, 227, 227, 3, 79.05%, 6, 1, 2, 6.11
1570008797, 0, 0, 233, 233, 3, 79.07%, 6, 1, 2, 8.80
1570008802, 0, 0, 235, 235, 3, 79.07%, 6, 1, 2, 12.17
1570008807, 0, 0, 239, 239, 3, 79.24%, 6, 1, 2, 16.98
1570008812, 0, 0, 242, 242, 3, 79.28%, 6, 1, 2, 13.41
1570008817, 0, 0, 245, 245, 3, 79.29%, 7, 1, 2, 14.86
1570008822, 0, 0, 248, 248, 3, 79.29%, 7, 1, 2, 21.36
1570008828, 0, 0, 251, 251, 3, 79.31%, 7, 1, 2, 14.41
1570008833, 0, 0, 261, 261, 3, 79.31%, 7, 1, 2, 48.57
1570008838, 0, 0, 265, 265, 3, 79.31%, 7, 1, 2, 64.49
1570008843, 0, 0, 268, 268, 3, 79.32%, 7, 1, 2, 96.15
1570008849, 0, 0, 271, 271, 3, 79.32%, 7, 2, 2, 2.97
1570008854, 0, 0, 274, 274, 3, 79.36%, 7, 2, 2, 19.49
1570008860, 0, 0, 277, 277, 3, 79.40%, 7, 2, 2, 14.39
1570008865, 0, 0, 279, 279, 3, 79.40%, 7, 2, 2, 87.96
1570008870, 0, 0, 282, 282, 3, 79.40%, 7, 2, 2, 66.67
1570008875, 0, 0, 288, 288, 3, 79.41%, 7, 2, 2, 42.44
1570008880, 0, 0, 291, 291, 3, 79.70%, 7, 2, 2, 11.00
1570008885, 0, 1, 291, 290, 73, 79.70%, 7, 2, 2, 91.97
1570008906, 0, 1, 305, 304, 73, 79.84%, 7, 2, 2, 10.70
1570008911, 0, 1, 316, 315, 73, 79.84%, 7, 2, 2, 30.20
1570008916, 0, 1, 321, 320, 73, 79.89%, 7, 2, 2, 8.01
1570008921, 0, 1, 326, 325, 73, 79.90%, 7, 2, 2, 16.16
1570008926, 0, 1, 332, 331, 73, 79.92%, 8, 2, 2, 26.85
1570008931, 0, 1, 336, 335, 73, 79.94%, 8, 2, 2, 23.32
1570008937, 0, 1, 343, 342, 73, 80.00%, 8, 2, 2, 76.08
1570008942, 0, 2, 351, 349, 84, 80.01%, 8, 2, 2, 88.53
1570008952, 0, 2, 352, 350, 84, 80.01%, 8, 2, 2, 18.80
1570008957, 0, 2, 357, 355, 84, 80.01%, 8, 2, 2, 23.07
1570008962, 0, 2, 362, 360, 84, 80.08%, 8, 2, 2, 16.27
1570008967, 0, 2, 365, 363, 84, 80.08%, 8, 2, 2, 25.20
1570008972, 0, 2, 369, 367, 84, 80.08%, 9, 2, 2, 23.54
1570008978, 0, 2, 372, 370, 84, 80.08%, 9, 2, 2, 22.43
1570008983, 0, 2, 378, 376, 84, 80.19%, 9, 2, 2, 22.98
1570008988, 0, 2, 383, 381, 84, 80.51%, 9, 2, 2, 18.63
1570008993, 0, 2, 385, 383, 84, 80.51%, 9, 2, 2, 56.95
1570008998, 0, 19, 385, 382, 92, 80.51%, 9, 2, 2, 91.60
1570009014, 0, 19, 388, 385, 92, 80.51%, 9, 2, 3, 22.30
1570009019, 0, 19, 391, 388, 92, 80.66%, 9, 2, 3, 10.25
1570009024, 0, 19, 394, 391, 92, 80.66%, 11, 2, 3, 38.06
1570009029, 0, 19, 397, 394, 92, 80.66%, 11, 2, 3, 9.68
1570009034, 0, 19, 401, 398, 92, 80.68%, 11, 2, 3, 13.46
1570009039, 0, 19, 403, 400, 92, 80.68%, 11, 2, 3, 10.62
1570009044, 0, 19, 406, 403, 92, 80.81%, 11, 2, 3, 16.63
1570009050, 0, 19, 409, 406, 92, 80.82%, 11, 2, 3, 14.31
1570009055, 0, 19, 411, 408, 92, 80.82%, 11, 2, 3, 9.38
1570009060, 0, 19, 416, 413, 92, 80.85%, 11, 2, 3, 33.50
1570009065, 0, 19, 420, 417, 92, 80.85%, 12, 2, 3, 52.54
1570009070, 0, 19, 423, 420, 92, 80.85%, 12, 2, 3, 33.10
1570009075, 0, 19, 426, 423, 92, 80.85%, 12, 2, 3, 6.14
1570009080, 0, 19, 428, 425, 92, 80.85%, 12, 2, 3, 11.28
1570009086, 0, 19, 432, 429, 92, 80.95%, 12, 2, 3, 8.70
1570009091, 0, 19, 435, 432, 92, 80.95%, 12, 2, 3, 8.88
1570009096, 0, 19, 439, 436, 92, 80.95%, 12, 2, 3, 10.35
1570009101, 0, 19, 443, 440, 92, 80.95%, 12, 2, 3, 20.33
1570009106, 0, 19, 446, 443, 92, 81.44%, 12, 2, 3, 5.50
1570009111, 0, 19, 450, 447, 92, 81.56%, 12, 2, 3, 6.69
1570009116, 0, 19, 452, 449, 92, 81.56%, 12, 2, 3, 32.30
1570009121, 0, 29, 452, 448, 104, 81.56%, 12, 2, 3, 85.43
1570009137, 0, 29, 455, 451, 104, 81.56%, 12, 2, 3, 17.31
1570009142, 0, 29, 458, 454, 104, 81.57%, 13, 2, 3, 15.13
1570009147, 0, 29, 461, 457, 104, 81.57%, 13, 2, 3, 13.18
1570009152, 0, 29, 465, 461, 104, 81.63%, 13, 2, 3, 13.14
1570009157, 0, 29, 468, 464, 104, 81.63%, 13, 2, 3, 18.23
1570009162, 0, 29, 470, 466, 104, 81.64%, 13, 2, 3, 13.93
1570009168, 0, 29, 473, 469, 104, 81.67%, 13, 2, 3, 13.01
1570009173, 0, 29, 476, 472, 104, 81.67%, 13, 2, 3, 9.75
1570009178, 0, 29, 479, 475, 104, 81.67%, 13, 2, 3, 14.44
1570009183, 0, 29, 481, 477, 104, 81.67%, 13, 2, 3, 78.68
1570009188, 0, 29, 484, 480, 104, 81.68%, 13, 2, 3, 24.20
1570009193, 0, 29, 487, 483, 104, 81.68%, 13, 2, 3, 5.95
1570009198, 0, 29, 491, 487, 104, 81.69%, 13, 2, 3, 49.62
1570009203, 0, 29, 495, 491, 104, 81.72%, 13, 2, 3, 8.57
1570009208, 0, 29, 497, 493, 104, 81.72%, 13, 2, 3, 8.27
1570009214, 0, 29, 500, 496, 104, 81.75%, 13, 2, 3, 14.42
1570009219, 0, 29, 506, 502, 104, 81.77%, 13, 2, 3, 26.88
1570009224, 0, 29, 509, 505, 104, 81.77%, 13, 2, 3, 36.10
1570009229, 0, 29, 512, 508, 104, 81.77%, 13, 2, 3, 14.69
1570009234, 0, 29, 515, 511, 104, 81.79%, 13, 2, 3, 13.80
1570009239, 0, 29, 517, 513, 104, 81.79%, 13, 2, 3, 23.06
1570009244, 0, 29, 520, 516, 104, 81.83%, 13, 2, 3, 14.82
1570009250, 0, 29, 523, 519, 104, 81.83%, 13, 2, 3, 27.69
1570009255, 0, 32, 524, 519, 118, 81.83%, 13, 2, 3, 75.03
1570009270, 0, 32, 526, 521, 118, 81.83%, 13, 2, 3, 6.82
1570009275, 0, 32, 529, 524, 118, 81.83%, 13, 2, 3, 13.61
1570009280, 0, 32, 533, 528, 118, 81.83%, 13, 2, 3, 12.32
1570009286, 0, 32, 535, 530, 118, 81.83%, 13, 2, 3, 26.64
1570009291, 0, 32, 539, 534, 118, 81.84%, 13, 2, 3, 43.77
1570009296, 0, 32, 542, 537, 118, 81.84%, 13, 2, 3, 6.50
1570009301, 0, 32, 545, 540, 118, 81.84%, 13, 2, 3, 8.59
1570009306, 0, 32, 547, 542, 118, 81.84%, 13, 2, 3, 11.68
1570009311, 0, 32, 552, 547, 118, 81.84%, 13, 2, 3, 92.52
1570009316, 0, 32, 553, 548, 118, 81.84%, 13, 2, 3, 82.93
1570009322, 0, 32, 556, 551, 118, 81.85%, 13, 2, 3, 7.04
1570009327, 0, 32, 557, 552, 118, 81.85%, 13, 2, 3, 13.64
1570009332, 0, 32, 560, 555, 118, 81.86%, 13, 2, 3, 7.42
1570009337, 0, 32, 562, 557, 118, 81.86%, 14, 2, 3, 6.66
1570009342, 0, 32, 565, 560, 118, 81.88%, 14, 2, 3, 5.94
1570009347, 0, 32, 568, 563, 118, 81.93%, 14, 2, 3, 5.78
1570009353, 0, 32, 570, 565, 118, 81.94%, 14, 3, 3, 13.64
1570009358, 0, 34, 570, 564, 126, 81.94%, 14, 3, 3, 96.04
1570009373, 0, 34, 574, 568, 126, 81.94%, 15, 3, 3, 28.99
1570009378, 0, 34, 578, 572, 126, 81.94%, 15, 3, 3, 22.49
1570009383, 0, 34, 581, 575, 126, 82.06%, 15, 3, 3, 19.70
1570009389, 0, 34, 585, 579, 126, 82.06%, 15, 3, 3, 5.81
1570009394, 0, 34, 588, 582, 126, 82.06%, 15, 3, 3, 5.99
1570009399, 0, 34, 589, 583, 126, 82.06%, 15, 3, 3, 8.29
1570009404, 0, 34, 591, 585, 126, 82.06%, 15, 3, 3, 6.95
1570009409, 0, 34, 595, 589, 126, 82.09%, 15, 3, 3, 10.14
1570009414, 0, 34, 597, 591, 126, 82.09%, 17, 3, 3, 19.96
1570009420, 0, 34, 601, 595, 126, 82.10%, 17, 3, 3, 20.60
1570009425, 0, 34, 603, 597, 126, 82.10%, 17, 3, 3, 14.53
1570009430, 0, 34, 605, 599, 126, 82.10%, 17, 3, 3, 19.90
1570009435, 0, 34, 608, 602, 126, 82.10%, 17, 3, 3, 16.73
1570009440, 0, 34, 611, 605, 126, 82.10%, 17, 3, 3, 22.13
1570009445, 0, 34, 614, 608, 126, 82.10%, 17, 3, 3, 15.53
1570009450, 0, 34, 616, 610, 126, 82.10%, 18, 3, 3, 16.11
1570009455, 0, 34, 619, 613, 126, 82.10%, 18, 3, 3, 6.19
1570009460, 0, 34, 621, 615, 126, 82.11%, 18, 3, 3, 30.57
1570009466, 0, 34, 622, 616, 126, 82.21%, 19, 3, 3, 5.60
1570009471, 0, 34, 624, 618, 126, 82.21%, 19, 3, 3, 12.52
1570009476, 0, 34, 627, 621, 126, 82.22%, 19, 3, 3, 10.65
1570009481, 0, 34, 629, 623, 126, 82.22%, 19, 3, 3, 16.50
1570009486, 0, 41, 630, 623, 134, 82.22%, 19, 3, 3, 42.98
1570009502, 0, 41, 631, 624, 134, 82.22%, 19, 3, 3, 6.01
1570009507, 0, 41, 633, 626, 134, 82.22%, 19, 3, 3, 94.53
1570009512, 0, 41, 635, 628, 134, 82.22%, 19, 3, 3, 88.81
1570009517, 0, 41, 638, 631, 134, 82.32%, 19, 3, 3, 6.35
1570009522, 0, 41, 640, 633, 134, 82.32%, 19, 3, 3, 12.24
1570009527, 0, 41, 643, 636, 134, 82.32%, 19, 3, 3, 16.05
1570009532, 0, 41, 646, 639, 134, 82.32%, 19, 3, 3, 18.61
1570009537, 0, 41, 648, 641, 134, 82.32%, 20, 3, 3, 19.01
1570009543, 0, 41, 650, 643, 134, 82.33%, 20, 3, 3, 23.39
1570009548, 0, 42, 650, 642, 135, 82.33%, 20, 3, 3, 62.57
1570009563, 0, 42, 651, 643, 135, 82.33%, 20, 3, 3, 8.65
1570009568, 0, 42, 654, 646, 135, 82.34%, 20, 3, 3, 59.85
1570009573, 0, 42, 657, 649, 135, 82.34%, 21, 3, 3, 31.45
1570009579, 0, 42, 660, 652, 135, 82.37%, 21, 3, 3, 5.06
1570009584, 0, 42, 661, 653, 135, 82.37%, 21, 3, 3, 7.81
1570009589, 0, 42, 663, 655, 135, 82.37%, 21, 3, 3, 9.20
1570009594, 0, 42, 666, 658, 135, 82.39%, 21, 3, 3, 14.15
1570009599, 0, 42, 669, 661, 135, 82.39%, 21, 3, 3, 14.53
1570009604, 0, 42, 672, 664, 135, 82.45%, 21, 3, 3, 14.50
1570009609, 0, 42, 675, 667, 135, 82.45%, 21, 3, 3, 8.36
1570009614, 0, 42, 677, 669, 135, 82.45%, 21, 3, 3, 5.90
1570009620, 0, 42, 679, 671, 135, 82.46%, 21, 3, 3, 6.22
1570009625, 0, 42, 681, 673, 135, 82.47%, 21, 3, 3, 9.80
1570009630, 0, 42, 684, 676, 135, 82.47%, 21, 3, 3, 13.38
1570009635, 0, 56, 685, 676, 142, 82.47%, 21, 3, 3, 42.14
1570009656, 0, 56, 688, 679, 142, 82.49%, 21, 3, 3, 5.48
1570009661, 0, 56, 691, 682, 142, 82.49%, 21, 3, 3, 9.04
1570009666, 0, 56, 693, 684, 142, 82.50%, 21, 3, 3, 6.79
1570009671, 0, 56, 695, 686, 142, 82.50%, 21, 3, 3, 12.40
1570009676, 0, 56, 698, 689, 142, 82.50%, 21, 3, 3, 5.56
1570009681, 0, 56, 699, 690, 142, 82.50%, 21, 3, 3, 14.81
1570009686, 0, 56, 701, 692, 142, 82.50%, 21, 3, 3, 20.52
1570009692, 0, 56, 704, 695, 142, 82.64%, 21, 3, 3, 13.87
1570009697, 0, 56, 707, 698, 142, 82.64%, 21, 3, 3, 15.22
1570009702, 0, 56, 708, 699, 142, 82.65%, 22, 3, 3, 11.63
1570009707, 0, 60, 709, 699, 146, 82.65%, 22, 3, 3, 85.61
1570009722, 0, 60, 710, 700, 146, 82.65%, 22, 3, 3, 7.46
1570009727, 0, 60, 713, 703, 146, 82.65%, 22, 3, 3, 39.49
1570009732, 0, 60, 716, 706, 146, 82.65%, 22, 3, 3, 23.86
1570009737, 0, 60, 719, 709, 146, 82.65%, 22, 3, 3, 18.11
1570009742, 0, 60, 723, 713, 146, 82.71%, 23, 3, 3, 14.56
1570009748, 0, 60, 726, 716, 146, 82.71%, 24, 3, 3, 19.58
1570009753, 0, 62, 727, 716, 147, 82.71%, 25, 3, 3, 39.11
1570009768, 0, 62, 728, 717, 147, 82.71%, 25, 3, 3, 8.81
1570009773, 0, 62, 730, 719, 147, 82.71%, 25, 3, 3, 11.80
1570009778, 0, 62, 732, 721, 147, 82.71%, 25, 3, 3, 19.06
1570009784, 0, 63, 733, 721, 146, 82.71%, 25, 3, 3, 75.76
1570009789, 0, 71, 734, 721, 146, 82.71%, 25, 3, 3, 98.10
1570009804, 0, 71, 735, 722, 146, 82.71%, 25, 3, 3, 90.67
1570009809, 0, 71, 739, 726, 146, 82.72%, 26, 3, 3, 19.80
1570009814, 0, 71, 742, 729, 146, 82.73%, 26, 3, 3, 24.41
1570009819, 0, 71, 744, 731, 146, 82.77%, 26, 3, 3, 25.89
1570009824, 0, 71, 745, 732, 146, 82.77%, 26, 3, 3, 24.87
1570009829, 0, 71, 746, 733, 146, 82.77%, 26, 3, 3, 24.30
1570009834, 0, 71, 749, 736, 146, 82.77%, 26, 3, 3, 19.60
1570009839, 0, 71, 750, 737, 146, 82.77%, 26, 3, 3, 20.93
1570009845, 0, 71, 752, 739, 146, 82.77%, 26, 4, 3, 37.87
1570009850, 0, 71, 752, 739, 146, 82.77%, 27, 4, 3, 33.38
1570009855, 0, 71, 753, 740, 146, 82.77%, 27, 4, 3, 30.50
1570009860, 0, 71, 756, 743, 146, 82.79%, 28, 4, 3, 11.79
1570009865, 0, 75, 756, 742, 150, 82.79%, 28, 4, 3, 90.51
1570009880, 0, 75, 758, 744, 150, 82.79%, 28, 4, 3, 21.22
1570009885, 0, 75, 760, 746, 150, 82.82%, 28, 4, 3, 22.37
1570009891, 0, 75, 762, 748, 150, 82.82%, 28, 4, 3, 22.75
1570009896, 0, 75, 764, 750, 150, 82.82%, 28, 4, 3, 18.37
1570009901, 0, 75, 767, 753, 150, 82.82%, 28, 4, 3, 17.32
1570009906, 0, 75, 769, 755, 150, 82.82%, 28, 4, 3, 6.13
1570009911, 0, 75, 770, 756, 150, 82.82%, 28, 4, 3, 20.03
1570009916, 0, 75, 773, 759, 150, 82.83%, 28, 4, 3, 14.99
1570009921, 0, 75, 774, 760, 150, 82.83%, 28, 5, 3, 22.18
1570009926, 0, 75, 778, 764, 150, 82.83%, 28, 5, 3, 14.41
1570009931, 0, 75, 779, 765, 150, 82.83%, 28, 5, 3, 19.37
1570009936, 0, 75, 781, 767, 150, 82.83%, 29, 5, 3, 26.19
1570009941, 0, 75, 783, 769, 150, 82.83%, 29, 5, 3, 28.93
1570009946, 0, 85, 783, 768, 155, 82.83%, 29, 5, 3, 80.37
1570009962, 0, 85, 786, 771, 155, 82.83%, 29, 5, 3, 67.59
1570009967, 0, 87, 787, 771, 155, 82.83%, 30, 5, 3, 70.02
1570009982, 0, 87, 788, 772, 155, 82.83%, 30, 5, 3, 7.77
1570009987, 0, 87, 791, 775, 155, 82.83%, 30, 5, 3, 9.85
1570009993, 0, 87, 794, 778, 155, 82.84%, 30, 5, 3, 14.47
1570009998, 0, 87, 797, 781, 155, 82.84%, 30, 5, 3, 12.88
1570010003, 0, 87, 800, 784, 155, 82.84%, 31, 5, 3, 84.16
1570010008, 0, 87, 802, 786, 155, 82.84%, 31, 5, 3, 15.03
1570010013, 0, 87, 805, 789, 155, 82.86%, 31, 5, 3, 14.05
1570010018, 0, 87, 808, 792, 155, 82.86%, 31, 5, 3, 16.34
1570010024, 0, 87, 811, 795, 155, 82.86%, 31, 5, 3, 23.19
1570010029, 0, 87, 813, 797, 155, 82.86%, 31, 5, 3, 81.25
1570010034, 0, 87, 815, 799, 155, 82.87%, 31, 5, 3, 6.43
1570010039, 0, 87, 819, 803, 155, 82.88%, 31, 5, 3, 25.24
1570010044, 0, 87, 820, 804, 155, 82.88%, 31, 5, 3, 35.23
1570010050, 0, 87, 823, 807, 155, 82.88%, 31, 5, 3, 24.12
1570010055, 0, 87, 826, 810, 155, 82.88%, 31, 5, 3, 25.12
1570010060, 0, 87, 829, 813, 155, 82.88%, 31, 5, 3, 18.25
1570010065, 0, 87, 831, 815, 155, 82.88%, 32, 5, 3, 17.34
1570010070, 0, 87, 834, 818, 155, 82.90%, 32, 5, 3, 15.20
1570010075, 0, 87, 837, 821, 155, 82.90%, 32, 5, 3, 14.96
1570010081, 0, 93, 838, 821, 160, 82.90%, 32, 5, 3, 62.98
1570010096, 0, 93, 839, 822, 160, 82.90%, 32, 5, 3, 36.16
1570010101, 0, 93, 842, 825, 160, 82.91%, 32, 5, 3, 43.34
1570010106, 0, 93, 845, 828, 160, 82.91%, 32, 5, 3, 7.34
1570010111, 0, 93, 848, 831, 160, 82.92%, 32, 5, 3, 15.21
1570010117, 0, 93, 850, 833, 160, 82.93%, 32, 5, 3, 19.31
1570010122, 0, 93, 851, 834, 160, 82.93%, 33, 5, 3, 35.32
1570010127, 0, 93, 853, 836, 160, 82.97%, 33, 5, 3, 5.21
1570010132, 0, 93, 856, 839, 160, 82.97%, 33, 5, 3, 7.48
1570010137, 0, 93, 859, 842, 160, 82.97%, 33, 5, 3, 33.52
1570010142, 0, 93, 862, 845, 160, 82.97%, 33, 5, 3, 18.67
1570010147, 0, 93, 864, 847, 160, 83.00%, 33, 5, 3, 21.82
1570010152, 0, 95, 865, 847, 164, 83.01%, 33, 5, 3, 73.69
1570010168, 0, 95, 867, 849, 164, 83.01%, 33, 5, 3, 15.18
1570010173, 0, 95, 869, 851, 164, 83.01%, 33, 5, 3, 18.61
1570010178, 0, 95, 872, 854, 164, 83.02%, 33, 5, 3, 16.16
1570010183, 0, 95, 874, 856, 164, 83.03%, 33, 5, 3, 5.24
1570010189, 0, 95, 876, 858, 164, 83.05%, 34, 5, 3, 8.99
1570010194, 0, 95, 879, 861, 164, 83.11%, 34, 5, 3, 9.65
1570010199, 0, 95, 880, 862, 164, 83.11%, 34, 5, 3, 5.90
1570010204, 0, 95, 881, 863, 164, 83.11%, 34, 5, 3, 8.04
1570010209, 0, 95, 883, 865, 164, 83.11%, 34, 5, 3, 6.69
1570010214, 0, 95, 885, 867, 164, 83.13%, 34, 5, 3, 8.70
1570010219, 0, 95, 888, 870, 164, 83.13%, 34, 5, 3, 16.10
1570010224, 0, 95, 890, 872, 164, 83.13%, 34, 5, 3, 9.57
1570010230, 0, 95, 895, 877, 164, 83.15%, 34, 5, 3, 9.69
1570010235, 0, 95, 897, 879, 164, 83.15%, 34, 5, 3, 14.25
1570010240, 0, 95, 899, 881, 164, 83.15%, 34, 5, 3, 24.28
1570010245, 0, 95, 900, 882, 164, 83.15%, 34, 5, 3, 27.44
1570010250, 0, 111, 901, 882, 163, 83.15%, 34, 5, 3, 70.75
1570010265, 0, 111, 904, 885, 163, 83.15%, 34, 5, 3, 13.27
1570010270, 0, 111, 906, 887, 163, 83.15%, 34, 5, 3, 13.64
1570010275, 0, 111, 909, 890, 163, 83.15%, 34, 5, 3, 21.05
1570010281, 0, 111, 910, 891, 163, 83.15%, 34, 5, 3, 28.76
1570010286, 0, 111, 912, 893, 163, 83.15%, 34, 5, 3, 5.48
1570010291, 0, 111, 914, 895, 163, 83.16%, 34, 5, 3, 16.58
1570010296, 0, 111, 916, 897, 163, 83.16%, 34, 5, 3, 18.43
1570010301, 0, 111, 918, 899, 163, 83.16%, 34, 5, 3, 15.54
1570010306, 0, 111, 919, 900, 163, 83.16%, 34, 5, 3, 15.82
1570010312, 0, 111, 922, 903, 163, 83.16%, 34, 5, 3, 11.95
1570010317, 0, 111, 924, 905, 163, 83.20%, 34, 5, 3, 14.54
1570010322, 0, 111, 926, 907, 163, 83.34%, 34, 5, 3, 44.85
1570010327, 0, 111, 928, 909, 163, 83.40%, 35, 5, 3, 8.12
1570010332, 0, 111, 930, 911, 163, 83.41%, 35, 5, 3, 9.41
1570010338, 0, 111, 932, 913, 163, 83.41%, 35, 5, 3, 9.43
1570010343, 0, 111, 934, 915, 163, 83.41%, 35, 5, 3, 5.87
1570010348, 0, 112, 935, 915, 168, 83.41%, 38, 5, 3, 100.41
1570010363, 0, 112, 936, 916, 168, 83.41%, 38, 5, 3, 19.99
1570010368, 0, 112, 939, 919, 168, 83.41%, 39, 5, 3, 5.30
1570010374, 0, 112, 940, 920, 168, 83.41%, 39, 5, 3, 24.85
1570010379, 0, 112, 942, 922, 168, 83.41%, 39, 5, 3, 21.53
1570010384, 0, 119, 943, 922, 167, 83.41%, 39, 5, 3, 62.89
1570010400, 0, 119, 944, 923, 167, 83.41%, 39, 5, 3, 5.46
1570010405, 0, 126, 944, 922, 168, 83.41%, 39, 5, 3, 99.10
1570010415, 0, 146, 944, 921, 167, 83.41%, 39, 5, 3, 103.14
1570010425, 0, 146, 945, 922, 167, 83.41%, 39, 5, 3, 6.51
1570010430, 0, 146, 948, 925, 167, 83.41%, 39, 5, 3, 18.26
1570010435, 0, 146, 950, 927, 167, 83.41%, 39, 5, 3, 28.85
1570010440, 0, 146, 953, 930, 167, 83.43%, 39, 5, 3, 27.03
1570010445, 0, 146, 956, 933, 167, 83.45%, 39, 5, 3, 29.90
1570010451, 0, 146, 959, 936, 167, 83.45%, 39, 5, 3, 6.08
1570010456, 0, 146, 961, 938, 167, 83.46%, 39, 5, 3, 11.74
1570010461, 0, 146, 963, 940, 167, 83.49%, 39, 5, 3, 5.83
1570010466, 0, 146, 965, 942, 167, 83.49%, 39, 5, 3, 12.01
1570010471, 0, 146, 968, 945, 167, 83.49%, 39, 5, 3, 14.40
1570010477, 0, 146, 971, 948, 167, 83.49%, 40, 5, 3, 29.62
1570010482, 0, 146, 972, 949, 167, 83.49%, 40, 5, 3, 24.23
1570010487, 0, 146, 974, 951, 167, 83.50%, 40, 5, 3, 21.37
1570010492, 0, 146, 977, 954, 167, 83.50%, 40, 5, 3, 17.51
1570010497, 0, 146, 980, 957, 167, 83.51%, 40, 5, 3, 25.46
1570010502, 0, 146, 981, 958, 167, 83.51%, 40, 5, 3, 22.59
1570010507, 0, 146, 984, 961, 167, 83.51%, 40, 5, 3, 26.86
1570010512, 0, 146, 985, 962, 167, 83.51%, 40, 5, 3, 23.55
1570010517, 0, 146, 986, 963, 167, 83.52%, 40, 5, 3, 29.70
1570010522, 0, 146, 988, 965, 167, 83.54%, 40, 5, 3, 18.75
1570010528, 0, 146, 991, 968, 167, 83.54%, 40, 5, 3, 18.17
1570010533, 0, 156, 991, 967, 180, 83.54%, 40, 5, 3, 31.94
1570010548, 0, 156, 992, 968, 180, 83.54%, 40, 5, 3, 6.13
1570010553, 0, 156, 994, 970, 180, 83.54%, 40, 5, 3, 6.78
1570010558, 0, 156, 997, 973, 180, 83.54%, 40, 5, 3, 5.43
1570010563, 0, 156, 999, 975, 180, 83.54%, 40, 5, 3, 21.96
1570010569, 0, 156, 1001, 977, 180, 83.54%, 40, 5, 3, 5.38
1570010574, 0, 156, 1002, 978, 180, 83.54%, 40, 5, 3, 47.60
1570010579, 0, 156, 1005, 981, 180, 83.54%, 41, 5, 3, 5.95
1570010584, 0, 156, 1009, 985, 180, 83.55%, 41, 5, 3, 5.90
1570010589, 0, 156, 1010, 986, 180, 83.55%, 41, 5, 3, 55.19
1570010594, 0, 158, 1010, 985, 179, 83.55%, 41, 5, 3, 89.89
1570010609, 0, 158, 1012, 987, 179, 83.56%, 41, 5, 3, 50.23
1570010615, 0, 158, 1015, 990, 179, 83.56%, 41, 5, 3, 34.51
1570010620, 0, 158, 1020, 995, 179, 83.57%, 41, 5, 3, 24.80
1570010625, 0, 158, 1022, 997, 179, 83.58%, 41, 5, 3, 25.47
1570010630, 0, 198, 1023, 997, 182, 83.58%, 41, 5, 3, 49.21
1570010645, 0, 198, 1024, 998, 182, 83.58%, 41, 5, 3, 10.81
1570010650, 0, 198, 1027, 1001, 182, 83.58%, 41, 5, 3, 13.51
1570010656, 0, 198, 1030, 1004, 182, 83.59%, 41, 5, 3, 16.73
1570010661, 0, 198, 1032, 1006, 182, 83.60%, 42, 5, 3, 27.15
1570010666, 0, 198, 1033, 1007, 182, 83.60%, 42, 6, 3, 5.85
1570010671, 0, 198, 1035, 1009, 182, 83.60%, 42, 6, 3, 17.48
1570010676, 0, 198, 1038, 1012, 182, 83.62%, 42, 6, 3, 18.81
1570010682, 0, 198, 1039, 1013, 182, 83.62%, 42, 6, 3, 30.47
1570010687, 0, 198, 1042, 1016, 182, 83.62%, 43, 6, 3, 39.42
1570010692, 0, 198, 1044, 1018, 182, 83.62%, 43, 6, 3, 43.70
1570010697, 0, 199, 1045, 1018, 185, 83.65%, 43, 6, 3, 99.58
1570010712, 0, 199, 1047, 1020, 185, 83.65%, 43, 6, 3, 14.19
1570010717, 0, 199, 1048, 1021, 185, 83.65%, 43, 6, 3, 17.05
1570010723, 0, 202, 1048, 1020, 185, 83.65%, 44, 6, 3, 60.46
1570010738, 0, 202, 1049, 1021, 185, 83.65%, 44, 6, 3, 6.23
1570010743, 0, 202, 1051, 1023, 185, 83.65%, 44, 6, 3, 6.05
1570010748, 0, 202, 1054, 1026, 185, 83.69%, 45, 6, 3, 25.39
1570010753, 0, 202, 1057, 1029, 185, 83.69%, 45, 6, 3, 23.31
1570010758, 0, 202, 1060, 1032, 185, 83.69%, 46, 6, 3, 25.22
1570010763, 0, 202, 1063, 1035, 185, 83.70%, 46, 6, 3, 23.85
1570010769, 0, 202, 1065, 1037, 185, 83.70%, 46, 6, 3, 69.56
1570010774, 0, 202, 1068, 1040, 185, 83.70%, 46, 6, 3, 22.10
1570010779, 0, 202, 1071, 1043, 185, 83.70%, 46, 6, 3, 19.63
1570010784, 0, 202, 1074, 1046, 185, 83.72%, 46, 6, 3, 24.35
1570010789, 0, 202, 1077, 1049, 185, 83.83%, 46, 6, 3, 22.16
1570010794, 0, 202, 1079, 1051, 185, 83.83%, 46, 6, 3, 19.77
1570010799, 0, 202, 1082, 1054, 185, 83.84%, 46, 6, 3, 23.52
1570010804, 0, 213, 1083, 1054, 189, 83.84%, 46, 6, 3, 101.96
1570010819, 0, 213, 1084, 1055, 189, 83.85%, 46, 6, 3, 8.89
1570010825, 0, 213, 1085, 1056, 189, 83.85%, 46, 6, 3, 8.43
1570010830, 0, 213, 1087, 1058, 189, 83.85%, 47, 6, 3, 12.46
1570010835, 0, 213, 1088, 1059, 189, 83.85%, 47, 6, 3, 9.50
1570010845, 0, 213, 1090, 1061, 189, 83.88%, 47, 6, 3, 6.40
1570010850, 0, 213, 1092, 1063, 189, 83.88%, 47, 6, 3, 38.56
1570010856, 0, 213, 1093, 1064, 189, 83.88%, 47, 6, 3, 39.26
1570010861, 0, 213, 1095, 1066, 189, 83.88%, 47, 6, 3, 33.20
1570010866, 0, 213, 1097, 1068, 189, 83.88%, 47, 6, 3, 8.49
1570010871, 0, 213, 1099, 1070, 189, 83.88%, 47, 6, 3, 45.45
1570010877, 0, 213, 1101, 1072, 189, 83.90%, 47, 6, 3, 35.93
1570010882, 0, 213, 1102, 1073, 189, 83.90%, 47, 6, 3, 4.48
1570010887, 0, 213, 1104, 1075, 189, 83.90%, 47, 6, 3, 4.98
1570010892, 0, 213, 1107, 1078, 189, 83.90%, 47, 6, 3, 6.36
1570010897, 0, 213, 1109, 1080, 189, 83.90%, 47, 6, 3, 4.42
1570010902, 0, 213, 1110, 1081, 189, 83.90%, 47, 6, 3, 8.70
1570010907, 0, 213, 1111, 1082, 189, 83.91%, 47, 6, 3, 31.85
1570010912, 0, 213, 1113, 1084, 189, 83.91%, 47, 6, 3, 40.00
1570010918, 0, 213, 1116, 1087, 189, 83.91%, 47, 6, 3, 30.52
1570010923, 0, 213, 1117, 1088, 189, 83.91%, 47, 6, 3, 18.65
1570010928, 0, 213, 1118, 1089, 189, 83.91%, 47, 6, 3, 17.00
1570010933, 0, 213, 1121, 1092, 189, 83.91%, 47, 6, 3, 11.84
1570010938, 0, 213, 1123, 1094, 189, 83.91%, 47, 6, 3, 14.47
1570010943, 0, 213, 1124, 1095, 189, 83.92%, 47, 6, 3, 4.39
1570010948, 0, 213, 1126, 1097, 189, 83.92%, 47, 6, 3, 5.70
1570010953, 0, 213, 1126, 1097, 189, 83.92%, 48, 6, 3, 32.68
1570010958, 0, 213, 1128, 1099, 189, 83.94%, 48, 6, 3, 5.32
1570010963, 0, 213, 1131, 1102, 189, 84.06%, 48, 6, 3, 4.41
1570010969, 0, 216, 1131, 1101, 196, 84.06%, 48, 6, 3, 102.17
1570010984, 0, 216, 1132, 1102, 196, 84.06%, 48, 6, 3, 5.97
1570010989, 0, 216, 1135, 1105, 196, 84.06%, 48, 6, 3, 7.92
1570010994, 0, 216, 1136, 1106, 196, 84.07%, 48, 6, 3, 11.70
1570010999, 0, 216, 1137, 1107, 196, 84.07%, 48, 6, 3, 23.32
1570011004, 0, 216, 1139, 1109, 196, 84.08%, 48, 6, 3, 18.71
1570011009, 0, 222, 1139, 1108, 195, 84.08%, 48, 6, 3, 79.31
1570011025, 0, 222, 1143, 1112, 195, 84.08%, 48, 6, 3, 40.27
1570011030, 0, 222, 1145, 1114, 195, 84.08%, 48, 6, 3, 33.26
1570011035, 0, 222, 1148, 1117, 195, 84.08%, 49, 6, 3, 21.45
1570011040, 0, 222, 1150, 1119, 195, 84.08%, 49, 6, 3, 19.66
1570011045, 0, 222, 1153, 1122, 195, 84.15%, 49, 6, 3, 15.81
1570011050, 0, 222, 1155, 1124, 195, 84.15%, 49, 6, 3, 3.77
1570011056, 0, 222, 1158, 1127, 195, 84.15%, 49, 6, 3, 32.71
1570011061, 0, 222, 1160, 1129, 195, 84.15%, 49, 6, 3, 13.59
1570011066, 0, 241, 1162, 1130, 194, 84.15%, 49, 6, 3, 94.93
1570011081, 0, 241, 1164, 1132, 194, 84.15%, 49, 6, 3, 12.85
1570011086, 0, 241, 1168, 1136, 194, 84.15%, 49, 6, 3, 21.62
1570011091, 0, 241, 1170, 1138, 194, 84.15%, 49, 6, 3, 37.19
1570011097, 0, 241, 1170, 1138, 194, 84.15%, 49, 7, 3, 2.24
1570011102, 0, 267, 1170, 1137, 193, 84.15%, 49, 7, 3, 88.89
1570011117, 0, 267, 1173, 1140, 193, 84.16%, 49, 7, 3, 24.73
1570011122, 0, 267, 1174, 1141, 193, 84.16%, 50, 7, 3, 28.69
1570011128, 0, 267, 1176, 1143, 193, 84.16%, 50, 7, 3, 6.69
1570011133, 0, 268, 1176, 1142, 193, 84.16%, 50, 7, 3, 104.05
1570011148, 0, 268, 1177, 1143, 193, 84.16%, 50, 7, 3, 5.99
1570011153, 0, 268, 1179, 1145, 193, 84.16%, 50, 8, 3, 43.75
1570011158, 0, 268, 1181, 1147, 193, 84.16%, 50, 8, 3, 9.51
1570011164, 0, 268, 1183, 1149, 193, 84.16%, 50, 8, 3, 16.10
1570011169, 0, 274, 1183, 1148, 193, 84.16%, 50, 8, 3, 102.05
1570011184, 0, 274, 1185, 1150, 193, 84.16%, 51, 8, 3, 6.09
1570011189, 0, 274, 1188, 1153, 193, 84.16%, 51, 8, 3, 42.60
1570011194, 0, 274, 1191, 1156, 193, 84.16%, 51, 8, 3, 7.35
1570011199, 0, 274, 1192, 1157, 193, 84.16%, 51, 8, 3, 38.31
1570011205, 0, 274, 1195, 1160, 193, 84.16%, 51, 8, 3, 6.50
1570011210, 0, 274, 1197, 1162, 193, 84.16%, 51, 8, 3, 82.93
1570011215, 0, 274, 1199, 1164, 193, 84.17%, 51, 8, 3, 6.92
1570011220, 0, 274, 1202, 1167, 193, 84.17%, 51, 8, 3, 76.54
1570011225, 0, 290, 1203, 1167, 195, 84.19%, 51, 8, 3, 77.65
1570011241, 0, 290, 1206, 1170, 195, 84.19%, 51, 8, 3, 17.97
1570011246, 0, 290, 1210, 1174, 195, 84.19%, 51, 8, 3, 16.19
1570011251, 0, 290, 1211, 1175, 195, 84.19%, 51, 8, 3, 26.89
1570011256, 0, 290, 1212, 1176, 195, 84.19%, 51, 8, 3, 24.89
1570011261, 0, 290, 1214, 1178, 195, 84.19%, 51, 8, 3, 21.68
1570011266, 0, 290, 1216, 1180, 195, 84.19%, 51, 8, 3, 21.98
1570011272, 0, 290, 1219, 1183, 195, 84.22%, 51, 8, 3, 19.80
1570011282, 0, 290, 1220, 1184, 195, 84.22%, 51, 8, 3, 35.66
1570011287, 0, 295, 1221, 1184, 198, 84.22%, 51, 8, 3, 99.80
1570011308, 0, 295, 1226, 1189, 198, 84.22%, 51, 8, 3, 96.91
1570011313, 0, 299, 1228, 1190, 197, 84.22%, 51, 8, 3, 96.07
1570011333, 0, 318, 1229, 1190, 197, 84.22%, 51, 8, 3, 96.04
1570011354, 0, 318, 1232, 1193, 197, 84.22%, 51, 8, 3, 9.20
1570011359, 0, 318, 1235, 1196, 197, 84.24%, 51, 8, 3, 11.32
1570011364, 0, 318, 1237, 1198, 197, 84.24%, 53, 8, 3, 19.46
1570011369, 0, 318, 1243, 1204, 197, 84.24%, 53, 8, 3, 27.17
1570011375, 0, 318, 1248, 1209, 197, 84.25%, 53, 8, 3, 31.48
1570011380, 0, 318, 1250, 1211, 197, 84.25%, 53, 8, 3, 54.15
1570011385, 0, 320, 1250, 1210, 201, 84.25%, 53, 8, 3, 84.64
1570011405, 0, 321, 1250, 1209, 200, 84.25%, 53, 8, 3, 77.99
1570011426, 0, 326, 1250, 1208, 199, 84.25%, 53, 8, 3, 96.47
1570011446, 0, 327, 1250, 1207, 198, 84.25%, 53, 8, 3, 96.80
1570011467, 0, 327, 1251, 1208, 198, 84.25%, 53, 8, 3, 97.14
1570011472, 0, 334, 1251, 1207, 197, 84.25%, 53, 8, 3, 95.74
1570011492, 0, 337, 1251, 1206, 196, 84.25%, 53, 8, 3, 102.41
1570011497, 0, 337, 1260, 1215, 196, 84.25%, 53, 8, 3, 105.24
1570011508, 0, 338, 1260, 1214, 198, 84.25%, 53, 8, 3, 105.26
1570011513, 0, 350, 1260, 1213, 197, 84.25%, 53, 8, 3, 98.74
1570011533, 0, 351, 1261, 1213, 196, 84.25%, 53, 8, 3, 94.21
1570011549, 0, 357, 1261, 1212, 195, 84.25%, 53, 8, 3, 104.00
1570011564, 0, 358, 1261, 1211, 194, 84.25%, 53, 8, 3, 103.68
1570011579, 0, 359, 1261, 1210, 193, 84.25%, 53, 8, 3, 102.41
1570011589, 0, 359, 1264, 1213, 193, 84.30%, 53, 8, 3, 49.26
1570011594, 0, 359, 1266, 1215, 193, 84.30%, 53, 8, 3, 103.45
1570011599, 0, 359, 1271, 1220, 193, 84.30%, 53, 8, 3, 13.29
1570011604, 0, 359, 1272, 1221, 193, 84.30%, 53, 8, 3, 29.45
1570011609, 0, 359, 1276, 1225, 193, 84.31%, 53, 8, 3, 21.76
1570011614, 0, 359, 1279, 1228, 193, 84.31%, 53, 8, 3, 23.42
1570011620, 0, 359, 1281, 1230, 193, 84.31%, 53, 8, 3, 24.76
1570011625, 0, 359, 1284, 1233, 193, 84.33%, 53, 8, 3, 44.66
1570011630, 0, 360, 1284, 1232, 195, 84.33%, 54, 8, 3, 89.26
1570011640, 0, 360, 1286, 1234, 195, 84.33%, 54, 8, 3, 20.41
1570011645, 0, 360, 1289, 1237, 195, 84.36%, 54, 8, 3, 17.96
1570011650, 0, 360, 1293, 1241, 195, 84.36%, 54, 8, 3, 18.80
1570011655, 0, 360, 1294, 1242, 195, 84.37%, 54, 8, 3, 21.11
1570011661, 0, 360, 1296, 1244, 195, 84.37%, 54, 8, 3, 24.42
1570011666, 0, 360, 1298, 1246, 195, 84.43%, 54, 8, 3, 23.25
1570011671, 0, 360, 1301, 1249, 195, 84.49%, 54, 8, 3, 3.72
1570011676, 0, 372, 1301, 1248, 198, 84.49%, 54, 8, 3, 76.45
1570011691, 0, 379, 1301, 1247, 197, 84.49%, 54, 8, 3, 101.02
1570011706, 0, 381, 1301, 1246, 196, 84.49%, 54, 8, 3, 100.98
1570011721, 0, 382, 1301, 1245, 195, 84.49%, 54, 8, 3, 103.76
1570011732, 0, 382, 1304, 1248, 195, 84.50%, 54, 8, 3, 18.34
1570011737, 0, 382, 1306, 1250, 195, 84.51%, 54, 8, 3, 16.98
1570011742, 0, 382, 1308, 1252, 195, 84.52%, 54, 8, 3, 21.20
1570011747, 0, 382, 1311, 1255, 195, 84.52%, 54, 8, 3, 18.60
1570011752, 0, 382, 1313, 1257, 195, 84.54%, 54, 8, 3, 27.48
1570011757, 0, 382, 1315, 1259, 195, 84.70%, 56, 8, 3, 24.92
1570011762, 0, 382, 1316, 1260, 195, 84.84%, 56, 8, 3, 23.67
1570011768, 0, 382, 1317, 1261, 195, 84.84%, 56, 8, 3, 38.64
1570011773, 0, 389, 1317, 1260, 199, 84.84%, 57, 8, 3, 85.27
1570011788, 0, 389, 1319, 1262, 199, 84.85%, 57, 8, 4, 19.57
1570011793, 0, 389, 1321, 1264, 199, 84.85%, 57, 8, 4, 24.65
1570011798, 0, 389, 1323, 1266, 199, 84.85%, 58, 8, 4, 20.79
1570011803, 0, 399, 1323, 1265, 199, 84.85%, 58, 8, 4, 49.74
1570011819, 0, 399, 1325, 1267, 199, 84.85%, 58, 8, 4, 7.30
1570011824, 0, 399, 1326, 1268, 199, 84.85%, 58, 8, 4, 41.20
1570011829, 0, 404, 1327, 1268, 198, 84.85%, 58, 8, 4, 80.29
1570011844, 0, 404, 1329, 1270, 198, 84.88%, 58, 8, 4, 16.21
1570011849, 0, 404, 1331, 1272, 198, 84.88%, 58, 8, 4, 13.17
1570011855, 0, 404, 1332, 1273, 198, 84.88%, 58, 8, 4, 13.22
1570011860, 0, 404, 1334, 1275, 198, 84.88%, 58, 8, 4, 11.05
1570011865, 0, 404, 1336, 1277, 198, 84.88%, 58, 8, 4, 11.10
1570011870, 0, 404, 1337, 1278, 198, 84.88%, 58, 8, 4, 11.53
1570011875, 0, 404, 1338, 1279, 198, 84.88%, 58, 8, 4, 17.30
1570011881, 0, 404, 1340, 1281, 198, 84.88%, 58, 8, 4, 15.32
1570011891, 0, 404, 1342, 1283, 198, 84.89%, 58, 8, 4, 5.40
1570011896, 0, 404, 1344, 1285, 198, 84.89%, 58, 8, 4, 100.96
1570011901, 0, 404, 1346, 1287, 198, 84.89%, 58, 8, 4, 6.71
1570011906, 0, 404, 1348, 1289, 198, 84.89%, 58, 8, 4, 9.72
1570011911, 0, 404, 1349, 1290, 198, 84.89%, 58, 8, 4, 16.92
1570011916, 0, 404, 1350, 1291, 198, 84.89%, 58, 8, 4, 24.01
1570011921, 0, 404, 1352, 1293, 198, 84.89%, 59, 8, 4, 22.84
1570011927, 0, 404, 1354, 1295, 198, 84.89%, 59, 8, 4, 24.01
1570011932, 0, 404, 1357, 1298, 198, 84.89%, 59, 8, 4, 23.43
1570011937, 0, 404, 1358, 1299, 198, 84.89%, 59, 8, 4, 27.55
1570011942, 0, 404, 1360, 1301, 198, 84.89%, 59, 8, 4, 22.21
1570011947, 0, 404, 1363, 1304, 198, 84.89%, 59, 8, 4, 20.78
1570011953, 0, 404, 1364, 1305, 198, 84.89%, 59, 8, 4, 25.16
1570011958, 0, 404, 1366, 1307, 198, 84.89%, 59, 8, 4, 18.70
1570011963, 0, 406, 1366, 1306, 198, 84.89%, 59, 8, 4, 103.26
1570011979, 0, 406, 1368, 1308, 198, 84.89%, 59, 9, 4, 17.51
1570011984, 0, 406, 1370, 1310, 198, 84.89%, 59, 9, 4, 16.47
1570011989, 0, 406, 1372, 1312, 198, 84.89%, 59, 9, 4, 23.72
1570011994, 0, 410, 1372, 1311, 199, 84.89%, 59, 9, 4, 53.05
1570012010, 0, 410, 1373, 1312, 199, 84.89%, 59, 9, 4, 11.04
1570012015, 0, 410, 1374, 1313, 199, 84.89%, 59, 9, 4, 17.84
1570012020, 0, 411, 1375, 1313, 200, 84.90%, 59, 9, 4, 72.62
1570012035, 0, 411, 1377, 1315, 200, 84.90%, 59, 9, 4, 8.10
1570012040, 0, 411, 1379, 1317, 200, 84.90%, 59, 9, 4, 68.47
1570012045, 0, 411, 1381, 1319, 200, 84.90%, 59, 9, 4, 14.10
1570012051, 0, 411, 1384, 1322, 200, 84.90%, 59, 9, 4, 14.82
1570012056, 0, 411, 1386, 1324, 200, 84.90%, 60, 9, 4, 11.27
1570012061, 0, 411, 1388, 1326, 200, 84.98%, 60, 9, 4, 9.59
1570012066, 0, 411, 1389, 1327, 200, 84.98%, 60, 9, 4, 16.65
1570012071, 0, 411, 1390, 1328, 200, 84.98%, 60, 9, 4, 22.28
1570012076, 0, 411, 1393, 1331, 200, 84.99%, 61, 9, 4, 17.96
1570012082, 0, 411, 1395, 1333, 200, 85.00%, 61, 9, 4, 21.59
1570012087, 0, 431, 1395, 1332, 205, 85.00%, 61, 9, 4, 47.89
1570012107, 0, 431, 1396, 1333, 205, 85.00%, 61, 9, 4, 24.92
1570012112, 0, 431, 1399, 1336, 205, 85.00%, 62, 9, 4, 27.66
1570012117, 0, 432, 1399, 1335, 204, 85.00%, 62, 9, 4, 77.19
1570012133, 0, 432, 1401, 1337, 204, 85.05%, 62, 9, 4, 4.59
1570012138, 0, 432, 1403, 1339, 204, 85.05%, 62, 9, 4, 9.25
1570012143, 0, 432, 1404, 1340, 204, 85.05%, 62, 9, 4, 13.97
1570012148, 0, 444, 1405, 1340, 202, 85.05%, 62, 9, 4, 98.77
1570012163, 0, 444, 1406, 1341, 202, 85.05%, 62, 9, 4, 77.57
1570012169, 0, 444, 1407, 1342, 202, 85.05%, 62, 9, 4, 11.33
1570012174, 0, 446, 1408, 1342, 202, 85.05%, 62, 9, 4, 102.73
1570012189, 0, 446, 1411, 1345, 202, 85.05%, 63, 9, 4, 19.76
1570012194, 0, 446, 1414, 1348, 202, 85.06%, 63, 9, 4, 23.70
1570012199, 0, 446, 1417, 1351, 202, 85.06%, 63, 9, 4, 19.22
1570012204, 0, 446, 1419, 1353, 202, 85.06%, 64, 9, 4, 21.75
1570012210, 0, 446, 1422, 1356, 202, 85.06%, 64, 9, 4, 35.68
1570012215, 0, 446, 1424, 1358, 202, 85.07%, 64, 9, 4, 4.52
1570012220, 0, 446, 1426, 1360, 202, 85.07%, 64, 9, 4, 7.53
1570012225, 0, 446, 1428, 1362, 202, 85.07%, 64, 9, 4, 82.93
1570012230, 0, 446, 1430, 1364, 202, 85.07%, 64, 9, 4, 11.60
1570012235, 0, 446, 1431, 1365, 202, 85.07%, 64, 9, 4, 21.72
1570012241, 0, 446, 1433, 1367, 202, 85.07%, 64, 9, 4, 24.02
1570012246, 0, 446, 1434, 1368, 202, 85.07%, 64, 9, 4, 24.05
1570012251, 0, 446, 1436, 1370, 202, 85.07%, 65, 9, 4, 6.10
