# unix_time, cycles_done, cur_path, paths_total, pending_total, pending_favs, map_size, unique_crashes, unique_hangs, max_depth, execs_per_sec
1577632637, 0, 0, 3, 3, 3, 16.37%, 0, 0, 1, 10.13
1577632801, 0, 0, 4, 4, 3, 16.38%, 0, 0, 2, 10.58
1577632807, 0, 0, 8, 8, 3, 16.80%, 0, 0, 2, 10.62
1577632812, 0, 0, 9, 9, 3, 16.80%, 0, 0, 2, 10.53
1577632817, 0, 0, 11, 11, 3, 16.81%, 0, 0, 2, 10.55
1577632822, 0, 0, 12, 12, 3, 16.81%, 0, 0, 2, 10.66
1577632832, 0, 0, 15, 15, 3, 16.84%, 4, 0, 2, 10.56
1577632838, 0, 0, 16, 16, 3, 16.84%, 4, 0, 2, 10.49
1577632843, 0, 0, 18, 18, 3, 16.84%, 4, 0, 2, 10.50
1577632848, 0, 0, 19, 19, 3, 16.84%, 4, 0, 2, 10.42
1577632853, 0, 0, 20, 20, 3, 16.84%, 4, 0, 2, 10.39
1577632858, 0, 0, 21, 21, 3, 16.84%, 4, 0, 2, 10.53
1577632873, 0, 0, 23, 23, 3, 16.86%, 8, 0, 2, 12.12
1577632878, 0, 0, 24, 24, 3, 16.86%, 8, 0, 2, 10.99
1577632884, 0, 0, 25, 25, 3, 16.86%, 8, 0, 2, 10.48
1577632909, 0, 0, 30, 30, 3, 16.87%, 8, 0, 2, 10.41
1577632914, 0, 0, 32, 32, 3, 16.87%, 8, 0, 2, 10.34
1577632925, 0, 0, 33, 33, 3, 16.87%, 8, 0, 2, 10.41
1577632930, 0, 0, 35, 35, 3, 16.87%, 8, 0, 2, 10.49
1577632940, 0, 0, 37, 37, 3, 16.87%, 8, 0, 2, 10.50
1577632945, 0, 0, 39, 39, 3, 16.87%, 8, 0, 2, 10.52
1577632950, 0, 0, 40, 40, 3, 16.87%, 8, 0, 2, 10.48
1577632956, 0, 0, 41, 41, 3, 16.88%, 8, 0, 2, 10.45
1577632961, 0, 0, 45, 45, 3, 16.88%, 8, 0, 2, 10.46
1577632981, 0, 0, 46, 46, 3, 16.89%, 8, 0, 2, 10.56
1577632992, 0, 0, 47, 47, 3, 16.89%, 9, 0, 2, 10.69
1577633002, 0, 0, 47, 47, 3, 16.89%, 10, 0, 2, 10.98
1577633012, 0, 0, 47, 47, 3, 16.89%, 11, 0, 2, 13.60
1577633027, 0, 0, 48, 48, 3, 16.89%, 11, 0, 2, 10.63
1577633038, 0, 0, 49, 49, 3, 16.89%, 11, 0, 2, 10.51
1577633058, 0, 0, 49, 49, 3, 16.89%, 12, 0, 2, 11.68
1577633063, 0, 0, 49, 49, 3, 16.89%, 13, 0, 2, 11.01
1577633073, 0, 0, 50, 50, 3, 16.90%, 13, 0, 2, 12.36
1577633089, 0, 0, 52, 52, 3, 16.90%, 13, 0, 2, 10.72
1577633094, 0, 0, 53, 53, 3, 16.90%, 13, 0, 2, 10.54
1577633104, 0, 0, 54, 54, 3, 16.90%, 13, 0, 2, 10.35
1577633109, 0, 0, 55, 55, 3, 16.90%, 13, 0, 2, 10.59
1577633115, 0, 0, 56, 56, 3, 16.90%, 13, 0, 2, 10.58
1577633135, 0, 0, 57, 57, 3, 16.90%, 13, 0, 2, 10.44
1577633182, 0, 0, 60, 60, 3, 16.90%, 13, 0, 2, 10.30
1577633187, 0, 0, 61, 61, 3, 16.90%, 13, 0, 2, 10.40
1577633284, 0, 0, 62, 62, 3, 16.90%, 13, 0, 2, 10.17
1577633315, 0, 0, 63, 63, 3, 16.90%, 13, 0, 2, 9.89
1577633381, 0, 0, 65, 65, 3, 16.90%, 13, 0, 2, 10.18
1577633397, 0, 0, 69, 69, 3, 16.92%, 13, 0, 2, 10.36
1577633402, 0, 0, 72, 72, 3, 16.92%, 13, 0, 2, 10.34
1577633412, 0, 0, 74, 74, 3, 16.92%, 13, 0, 2, 10.19
1577633417, 0, 0, 77, 77, 3, 16.93%, 13, 0, 2, 9.98
1577633428, 0, 0, 78, 78, 3, 16.93%, 13, 0, 2, 10.13
1577633438, 0, 0, 80, 80, 3, 16.93%, 13, 0, 2, 10.21
1577633443, 0, 0, 81, 81, 3, 16.93%, 13, 0, 2, 10.30
1577633453, 0, 0, 82, 82, 3, 16.93%, 13, 0, 2, 10.37
1577633459, 0, 0, 83, 83, 3, 16.94%, 13, 0, 2, 10.24
1577633464, 0, 0, 84, 84, 3, 16.94%, 13, 0, 2, 10.20
1577633479, 0, 0, 85, 85, 3, 16.94%, 15, 0, 2, 11.70
1577633505, 0, 0, 86, 86, 3, 16.94%, 15, 0, 2, 9.92
1577633935, 0, 0, 88, 88, 3, 16.94%, 15, 0, 2, 9.29
1577634039, 0, 0, 89, 89, 3, 16.94%, 15, 0, 2, 9.46
1577634131, 0, 0, 89, 89, 3, 16.94%, 16, 0, 2, 10.59
1577634136, 0, 0, 90, 90, 3, 16.94%, 16, 0, 2, 10.63
1577634249, 0, 0, 91, 91, 3, 16.94%, 16, 0, 2, 10.36
1577634269, 0, 0, 92, 92, 3, 16.94%, 16, 0, 2, 10.43
1577634275, 0, 0, 93, 93, 3, 16.94%, 16, 0, 2, 10.49
1577634280, 0, 0, 94, 94, 3, 16.94%, 16, 0, 2, 10.43
1577634290, 0, 0, 95, 95, 3, 16.95%, 16, 0, 2, 10.59
1577634295, 0, 0, 96, 96, 3, 16.95%, 16, 0, 2, 10.57
1577634300, 0, 0, 97, 97, 3, 16.95%, 16, 0, 2, 10.60
1577634310, 0, 0, 98, 98, 3, 16.95%, 16, 0, 2, 10.51
1577634321, 0, 0, 100, 100, 3, 16.95%, 16, 0, 2, 10.60
1577634331, 0, 0, 101, 101, 3, 16.95%, 16, 0, 2, 10.57
1577634444, 0, 0, 102, 102, 3, 16.95%, 16, 0, 2, 10.52
1577634670, 0, 0, 103, 103, 3, 16.95%, 16, 0, 2, 10.51
1577634695, 0, 0, 104, 104, 3, 16.96%, 16, 0, 2, 10.48
1577634844, 0, 0, 105, 105, 3, 16.96%, 16, 0, 2, 11.07
1577635100, 0, 0, 106, 106, 3, 16.96%, 16, 0, 2, 9.87
1577635290, 0, 0, 107, 107, 3, 17.01%, 16, 0, 2, 9.32
1577635320, 0, 0, 108, 108, 3, 17.01%, 18, 0, 2, 9.92
1577635326, 0, 0, 109, 109, 3, 17.02%, 18, 0, 2, 8.47
1577635356, 0, 0, 109, 109, 3, 17.02%, 19, 0, 2, 11.13
1577635367, 0, 0, 109, 109, 3, 17.02%, 20, 0, 2, 11.34
1577635393, 0, 0, 110, 110, 3, 17.02%, 20, 0, 2, 11.07
1577635429, 0, 0, 111, 111, 3, 17.02%, 20, 0, 2, 11.45
1577635444, 0, 0, 112, 112, 3, 17.02%, 20, 0, 2, 11.22
1577635646, 0, 0, 112, 112, 3, 17.02%, 21, 0, 2, 7.63
1577635651, 0, 0, 114, 114, 3, 17.06%, 26, 0, 2, 24.20
1577635656, 0, 0, 116, 116, 3, 17.06%, 26, 0, 2, 14.95
1577635749, 0, 0, 117, 117, 3, 17.06%, 26, 0, 2, 11.44
1577635769, 0, 0, 119, 119, 3, 17.07%, 26, 0, 2, 11.26
1577635774, 0, 0, 120, 120, 3, 17.07%, 26, 0, 2, 11.52
1577635785, 0, 0, 121, 121, 3, 17.07%, 26, 0, 2, 11.23
1577635790, 0, 0, 122, 122, 3, 17.07%, 26, 0, 2, 11.21
1577635883, 0, 0, 123, 123, 3, 17.08%, 26, 0, 2, 11.01
1577635888, 0, 0, 124, 124, 3, 17.08%, 26, 0, 2, 11.34
1577635903, 0, 0, 125, 125, 3, 17.08%, 26, 0, 2, 11.46
1577635919, 0, 0, 126, 126, 3, 17.08%, 26, 0, 2, 11.53
1577636134, 0, 0, 127, 127, 3, 17.09%, 26, 0, 2, 11.55
1577636144, 0, 0, 129, 129, 3, 17.09%, 26, 0, 2, 11.63
1577636165, 0, 0, 130, 130, 3, 17.09%, 26, 0, 2, 11.61
1577636263, 0, 0, 131, 131, 3, 17.10%, 26, 0, 2, 11.43
1577636278, 0, 0, 132, 132, 3, 17.10%, 26, 0, 2, 9.39
1577637132, 0, 0, 132, 132, 3, 17.10%, 27, 0, 2, 10.77
1577637137, 0, 0, 133, 133, 3, 17.10%, 27, 0, 2, 10.48
1577637183, 0, 0, 133, 133, 3, 17.10%, 28, 0, 2, 10.57
1577637317, 0, 0, 134, 134, 3, 17.10%, 28, 0, 2, 11.11
1577637333, 0, 0, 135, 135, 3, 17.11%, 28, 0, 2, 10.39
1577637338, 0, 0, 136, 136, 3, 17.11%, 28, 0, 2, 10.31
1577637343, 0, 0, 138, 138, 3, 17.11%, 28, 0, 2, 10.52
1577637431, 0, 0, 139, 139, 3, 17.11%, 28, 0, 2, 10.25
1577637451, 0, 0, 140, 140, 3, 17.11%, 28, 0, 2, 10.20
1577637461, 0, 0, 142, 142, 3, 17.11%, 28, 0, 2, 10.06
1577637477, 0, 0, 143, 143, 3, 17.11%, 28, 0, 2, 10.70
1577637487, 0, 0, 144, 144, 3, 17.11%, 28, 0, 2, 10.31
1577637508, 0, 0, 145, 145, 3, 17.11%, 28, 0, 2, 10.41
1577637529, 0, 0, 147, 147, 3, 17.12%, 28, 0, 2, 10.07
1577637596, 0, 0, 148, 148, 3, 17.12%, 28, 0, 2, 10.35
1577637637, 0, 0, 150, 150, 3, 17.12%, 28, 0, 2, 10.80
1577637724, 0, 0, 151, 151, 3, 17.13%, 28, 0, 2, 10.10
1577637775, 0, 0, 152, 152, 3, 17.13%, 28, 0, 2, 10.39
1577637832, 0, 0, 154, 154, 3, 17.13%, 28, 0, 2, 10.23
1577637857, 0, 0, 155, 155, 3, 17.13%, 28, 0, 2, 10.66
1577637923, 0, 0, 156, 156, 3, 17.13%, 28, 0, 2, 10.37
1577637928, 0, 0, 160, 160, 3, 17.14%, 28, 0, 2, 10.40
1577637934, 0, 0, 162, 162, 3, 17.14%, 28, 0, 2, 10.29
1577638073, 0, 0, 163, 163, 3, 17.14%, 28, 0, 2, 10.39
1577638099, 0, 0, 164, 164, 3, 17.14%, 28, 0, 2, 10.15
1577638109, 0, 0, 165, 165, 3, 17.15%, 28, 0, 2, 10.22
1577638119, 0, 0, 166, 166, 3, 17.15%, 28, 0, 2, 10.11
1577638130, 0, 0, 169, 169, 3, 17.15%, 28, 0, 2, 10.50
1577638140, 0, 0, 169, 169, 3, 17.15%, 28, 1, 2, 9.69
1577638145, 0, 0, 170, 170, 3, 17.16%, 28, 2, 2, 4.32
1577638166, 0, 0, 170, 170, 3, 17.16%, 28, 3, 2, 4.81
1577638171, 0, 0, 171, 171, 3, 17.18%, 30, 3, 2, 7.80
1577638192, 0, 0, 172, 172, 3, 17.18%, 30, 3, 2, 5.99
1577638222, 0, 0, 173, 173, 3, 17.18%, 30, 3, 2, 6.61
1577638243, 0, 0, 174, 174, 3, 17.18%, 30, 3, 2, 6.68
1577638248, 0, 0, 175, 175, 3, 17.18%, 30, 5, 2, 7.03
1577638253, 0, 0, 175, 175, 3, 17.18%, 30, 6, 2, 5.61
1577638274, 0, 0, 176, 176, 3, 17.18%, 30, 7, 2, 5.41
1577638304, 0, 0, 176, 176, 3, 17.18%, 30, 8, 2, 5.31
1577638310, 0, 0, 176, 176, 3, 17.18%, 30, 9, 2, 4.73
1577638346, 0, 0, 177, 177, 3, 17.18%, 30, 9, 2, 5.44
1577638367, 0, 0, 178, 178, 3, 17.18%, 31, 9, 2, 6.51
1577638392, 0, 0, 178, 178, 3, 17.18%, 31, 10, 2, 5.94
1577638423, 0, 0, 179, 179, 3, 17.18%, 31, 10, 2, 5.33
1577638485, 0, 0, 179, 179, 3, 17.18%, 31, 11, 2, 4.77
1577638562, 0, 0, 179, 179, 3, 17.18%, 32, 11, 2, 4.82
1577638587, 0, 0, 180, 180, 3, 17.18%, 32, 11, 2, 5.10
1577638608, 0, 0, 180, 180, 3, 17.18%, 32, 12, 2, 4.76
1577638639, 0, 0, 180, 180, 3, 17.18%, 32, 13, 2, 4.85
1577638700, 0, 0, 181, 181, 3, 17.18%, 32, 13, 2, 4.99
1577638827, 0, 0, 181, 181, 3, 17.18%, 34, 13, 2, 5.57
1577638832, 0, 0, 181, 181, 3, 17.18%, 35, 13, 2, 5.43
1577638945, 0, 0, 182, 182, 3, 17.18%, 35, 13, 2, 4.99
1577639129, 0, 0, 183, 183, 3, 17.19%, 35, 13, 2, 5.01
1577639349, 0, 0, 184, 184, 3, 17.19%, 35, 13, 2, 5.09
1577639518, 0, 0, 184, 184, 3, 17.19%, 36, 13, 2, 4.95
1577639548, 0, 0, 185, 185, 3, 17.19%, 36, 13, 2, 5.65
1577639574, 0, 0, 186, 186, 3, 17.19%, 36, 13, 2, 5.22
1577639728, 0, 0, 187, 187, 3, 17.19%, 36, 13, 2, 4.97
1577639754, 0, 0, 188, 188, 3, 17.19%, 36, 13, 2, 5.13
1577639780, 0, 0, 189, 189, 3, 17.19%, 36, 13, 2, 4.96
1577639935, 0, 0, 190, 190, 3, 17.19%, 36, 13, 2, 5.18
1577639955, 0, 0, 191, 191, 3, 17.19%, 36, 13, 2, 5.24
1577640120, 0, 0, 192, 192, 3, 17.19%, 36, 13, 2, 5.27
1577640141, 0, 0, 193, 193, 3, 17.19%, 36, 13, 2, 6.73
1577640182, 0, 0, 194, 194, 3, 17.19%, 36, 13, 2, 6.44
1577640474, 0, 0, 195, 195, 3, 17.19%, 36, 13, 2, 5.65
1577640678, 0, 0, 196, 196, 3, 17.19%, 36, 13, 2, 8.61
1577640837, 0, 0, 196, 196, 3, 17.19%, 37, 13, 2, 5.54
1577640847, 0, 0, 197, 197, 3, 17.19%, 37, 13, 2, 5.56
1577640868, 0, 0, 198, 198, 3, 17.19%, 37, 13, 2, 6.53
1577641031, 0, 0, 199, 199, 3, 17.19%, 37, 13, 2, 5.89
1577641204, 0, 0, 200, 200, 3, 17.19%, 37, 13, 2, 5.46
1577641558, 0, 0, 201, 201, 3, 17.20%, 37, 13, 2, 10.13
1577641573, 0, 0, 202, 202, 3, 17.20%, 37, 13, 2, 6.66
1577641701, 0, 0, 202, 202, 3, 17.20%, 38, 13, 2, 5.20
1577641722, 0, 0, 203, 203, 3, 17.20%, 38, 13, 2, 7.58
1577641860, 0, 0, 203, 203, 3, 17.20%, 39, 13, 2, 5.35
1577641865, 0, 0, 204, 204, 3, 17.20%, 39, 13, 2, 6.37
1577642044, 0, 0, 204, 204, 3, 17.20%, 40, 13, 2, 5.43
1577642054, 0, 0, 205, 205, 3, 17.20%, 40, 13, 2, 5.56
1577642075, 0, 0, 205, 205, 3, 17.20%, 41, 13, 2, 8.13
1577642238, 0, 0, 205, 205, 3, 17.20%, 42, 13, 2, 5.34
1577642243, 0, 0, 206, 206, 3, 17.21%, 42, 13, 2, 6.37
1577642427, 0, 0, 207, 207, 3, 17.21%, 42, 13, 2, 5.40
1577642623, 0, 0, 208, 208, 3, 17.21%, 42, 13, 2, 6.13
1577642797, 0, 0, 210, 210, 3, 17.21%, 42, 13, 2, 8.65
1577642960, 0, 0, 211, 211, 3, 17.21%, 42, 13, 2, 6.23
1577642976, 0, 0, 212, 212, 3, 17.21%, 42, 13, 2, 6.04
1577642996, 0, 0, 213, 213, 3, 17.21%, 42, 13, 2, 8.22
1577643190, 0, 0, 214, 214, 3, 17.21%, 42, 13, 2, 5.65
1577643215, 0, 0, 215, 215, 3, 17.21%, 42, 13, 2, 8.28
1577643363, 0, 0, 216, 216, 3, 17.21%, 42, 13, 2, 5.93
1577644073, 0, 0, 216, 216, 3, 17.21%, 43, 13, 2, 5.32
1577644099, 0, 0, 217, 217, 3, 17.21%, 43, 13, 2, 7.00
1577644437, 0, 0, 218, 218, 3, 17.21%, 43, 13, 2, 6.47
1577644554, 0, 0, 218, 218, 3, 17.21%, 44, 13, 2, 7.48
1577644564, 0, 0, 218, 218, 3, 17.21%, 46, 13, 2, 10.56
1577644575, 0, 0, 220, 220, 3, 17.22%, 46, 13, 2, 10.43
1577644580, 0, 0, 221, 221, 3, 17.22%, 46, 13, 2, 10.40
1577644585, 0, 0, 222, 222, 3, 17.24%, 46, 13, 2, 10.46
1577644590, 0, 0, 225, 225, 3, 17.24%, 46, 13, 2, 10.36
1577644601, 0, 0, 226, 226, 3, 17.25%, 46, 13, 2, 7.28
1577644606, 0, 0, 229, 229, 3, 17.27%, 46, 13, 2, 7.35
1577644611, 0, 0, 231, 231, 3, 17.27%, 46, 13, 2, 9.07
1577644616, 0, 0, 235, 235, 3, 17.27%, 46, 13, 2, 9.86
1577644621, 0, 0, 237, 237, 3, 17.27%, 46, 13, 2, 9.89
1577644626, 0, 0, 240, 240, 3, 17.27%, 47, 13, 2, 10.72
1577644647, 0, 0, 243, 243, 3, 17.28%, 47, 13, 2, 9.84
1577644652, 0, 0, 244, 244, 3, 17.28%, 47, 13, 2, 9.90
1577644657, 0, 0, 245, 245, 3, 17.28%, 47, 13, 2, 9.95
1577644662, 0, 0, 249, 249, 3, 17.30%, 48, 13, 2, 10.67
1577644667, 0, 0, 252, 252, 3, 17.31%, 48, 13, 2, 8.65
1577644673, 0, 0, 253, 253, 3, 17.31%, 48, 13, 2, 8.10
1577644678, 0, 0, 254, 254, 3, 17.32%, 48, 13, 2, 9.80
1577644683, 0, 0, 260, 260, 3, 17.36%, 48, 13, 2, 9.81
1577644688, 0, 0, 261, 261, 3, 17.36%, 48, 13, 2, 9.80
1577644698, 0, 0, 262, 262, 3, 17.36%, 49, 13, 2, 12.38
1577644704, 0, 0, 263, 263, 3, 17.36%, 49, 13, 2, 10.43
1577644714, 0, 0, 264, 264, 3, 17.36%, 49, 13, 2, 10.30
1577644719, 0, 0, 265, 265, 3, 17.37%, 49, 13, 2, 10.33
1577644724, 0, 0, 268, 268, 3, 17.37%, 49, 13, 2, 10.26
1577644729, 0, 0, 271, 271, 3, 17.37%, 49, 13, 2, 10.10
1577644734, 0, 0, 273, 273, 3, 17.39%, 49, 13, 2, 10.02
1577644739, 0, 0, 277, 277, 3, 17.40%, 49, 13, 2, 9.98
1577644744, 0, 0, 278, 278, 3, 17.40%, 49, 13, 2, 9.98
1577644750, 0, 0, 280, 280, 3, 17.41%, 49, 13, 2, 10.16
1577644806, 0, 0, 283, 283, 3, 17.41%, 49, 13, 2, 10.29
1577644816, 0, 0, 284, 284, 3, 17.41%, 49, 13, 2, 10.04
1577644821, 0, 0, 287, 287, 3, 17.41%, 49, 13, 2, 9.85
1577644831, 0, 0, 289, 289, 3, 17.41%, 49, 13, 2, 9.68
1577644842, 0, 0, 292, 292, 3, 17.41%, 49, 13, 2, 9.44
1577644852, 0, 0, 293, 293, 3, 17.41%, 49, 13, 2, 9.02
1577644857, 0, 0, 293, 293, 3, 17.41%, 50, 13, 2, 9.20
1577644862, 0, 0, 295, 295, 3, 17.41%, 50, 13, 2, 8.78
1577644867, 0, 0, 296, 296, 3, 17.41%, 50, 13, 2, 9.22
1577644888, 0, 0, 297, 297, 3, 17.41%, 50, 13, 2, 8.69
1577644919, 0, 0, 298, 298, 3, 17.41%, 50, 13, 2, 5.39
1577644924, 0, 0, 299, 299, 3, 17.41%, 50, 13, 2, 5.54
1577644939, 0, 0, 301, 301, 3, 17.41%, 50, 13, 2, 5.68
1577644955, 0, 0, 303, 303, 3, 17.41%, 50, 13, 2, 6.55
1577644990, 0, 0, 304, 304, 3, 17.41%, 50, 13, 2, 9.86
1577645011, 0, 0, 306, 306, 3, 17.41%, 50, 13, 2, 9.65
1577645016, 0, 0, 307, 307, 3, 17.41%, 50, 13, 2, 9.84
1577645021, 0, 0, 309, 309, 3, 17.41%, 50, 13, 2, 9.88
1577645026, 0, 0, 310, 310, 3, 17.41%, 50, 13, 2, 10.03
1577645031, 0, 0, 311, 311, 3, 17.41%, 50, 13, 2, 9.92
1577645036, 0, 0, 312, 312, 3, 17.41%, 50, 13, 2, 10.12
1577645041, 0, 0, 314, 314, 3, 17.41%, 50, 13, 2, 10.00
1577645047, 0, 0, 315, 315, 3, 17.41%, 50, 13, 2, 9.73
1577645057, 0, 0, 316, 316, 3, 17.41%, 50, 13, 2, 10.02
1577645067, 0, 0, 317, 317, 3, 17.41%, 50, 13, 2, 9.97
1577645077, 0, 0, 318, 318, 3, 17.41%, 50, 13, 2, 10.09
1577645098, 0, 0, 320, 320, 3, 17.41%, 50, 13, 2, 9.99
1577645108, 0, 0, 321, 321, 3, 17.41%, 50, 13, 2, 9.96
1577645118, 0, 0, 322, 322, 3, 17.41%, 50, 13, 2, 9.84
1577645128, 0, 0, 325, 325, 3, 17.41%, 50, 13, 2, 10.41
1577645133, 0, 0, 326, 326, 3, 17.41%, 50, 13, 2, 10.62
1577645144, 0, 0, 328, 328, 3, 17.41%, 50, 13, 2, 10.64
1577645154, 0, 0, 330, 330, 3, 17.41%, 50, 13, 2, 10.52
1577645170, 0, 0, 332, 332, 3, 17.41%, 50, 13, 2, 10.51
1577645180, 0, 0, 333, 333, 3, 17.41%, 50, 13, 2, 10.57
1577645190, 0, 0, 335, 335, 3, 17.41%, 50, 13, 2, 10.46
1577645195, 0, 0, 336, 336, 3, 17.41%, 50, 13, 2, 10.46
1577645200, 0, 0, 337, 337, 3, 17.41%, 50, 13, 2, 10.62
1577645205, 0, 0, 338, 338, 3, 17.41%, 50, 13, 2, 10.66
1577645211, 0, 0, 339, 339, 3, 17.41%, 50, 13, 2, 10.69
1577645216, 0, 0, 340, 340, 3, 17.41%, 50, 13, 2, 10.77
1577645226, 0, 0, 342, 342, 3, 17.41%, 50, 13, 2, 10.63
1577645237, 0, 0, 345, 345, 3, 17.41%, 50, 13, 2, 10.26
1577645247, 0, 0, 346, 346, 3, 17.41%, 50, 13, 2, 10.60
1577645257, 0, 0, 349, 349, 3, 17.42%, 50, 13, 2, 10.61
1577645267, 0, 0, 350, 350, 3, 17.42%, 50, 13, 2, 10.49
1577645283, 0, 0, 352, 352, 3, 17.42%, 50, 13, 2, 10.60
1577645293, 0, 0, 355, 355, 3, 17.42%, 50, 13, 2, 10.54
1577645298, 0, 0, 356, 356, 3, 17.42%, 50, 13, 2, 10.58
1577645318, 0, 0, 358, 358, 3, 17.42%, 50, 13, 2, 10.33
1577645323, 0, 0, 359, 359, 3, 17.42%, 50, 13, 2, 10.32
1577645328, 0, 0, 361, 361, 3, 17.42%, 50, 13, 2, 10.33
1577645334, 0, 0, 362, 362, 3, 17.42%, 50, 13, 2, 10.17
1577645339, 0, 0, 363, 363, 3, 17.42%, 50, 13, 2, 10.18
1577645349, 0, 0, 364, 364, 3, 17.42%, 50, 13, 2, 10.37
1577645354, 0, 0, 365, 365, 3, 17.42%, 50, 13, 2, 10.33
1577645359, 0, 0, 366, 366, 3, 17.42%, 50, 13, 2, 10.46
1577645405, 0, 0, 367, 367, 3, 17.49%, 50, 13, 2, 11.01
1577645410, 0, 0, 368, 368, 3, 17.49%, 50, 13, 2, 11.19
1577645415, 0, 0, 369, 369, 3, 17.52%, 50, 13, 2, 11.22
1577645420, 0, 0, 371, 371, 3, 17.52%, 50, 13, 2, 11.22
1577645425, 0, 0, 374, 374, 3, 17.52%, 50, 13, 2, 11.15
1577645430, 0, 0, 376, 376, 3, 17.52%, 50, 13, 2, 11.19
1577645451, 0, 0, 377, 377, 3, 17.53%, 50, 13, 2, 10.93
1577645461, 0, 0, 380, 380, 3, 17.54%, 50, 13, 2, 10.96
1577645466, 0, 0, 381, 381, 3, 17.55%, 50, 13, 2, 11.04
1577645471, 0, 0, 382, 382, 3, 17.55%, 50, 13, 2, 10.91
1577645476, 0, 0, 386, 386, 3, 17.57%, 50, 13, 2, 11.11
1577645481, 0, 0, 390, 390, 3, 17.57%, 50, 13, 2, 11.12
1577645486, 0, 0, 393, 393, 3, 17.57%, 50, 13, 2, 11.14
1577645492, 0, 0, 395, 395, 3, 17.58%, 50, 13, 2, 10.73
1577645538, 0, 0, 397, 397, 3, 17.59%, 50, 13, 2, 11.09
1577645543, 0, 0, 399, 399, 3, 17.59%, 50, 13, 2, 11.00
1577645548, 0, 0, 400, 400, 3, 17.59%, 50, 13, 2, 11.20
1577645563, 0, 0, 401, 401, 3, 17.59%, 50, 13, 2, 11.27
1577645583, 0, 0, 402, 402, 3, 17.60%, 50, 13, 2, 11.11
1577645589, 0, 0, 404, 404, 3, 17.60%, 50, 13, 2, 10.89
1577645594, 0, 0, 404, 404, 3, 17.60%, 51, 13, 2, 11.73
1577645604, 0, 0, 407, 407, 3, 17.61%, 51, 13, 2, 11.21
1577645609, 0, 0, 411, 411, 3, 17.61%, 51, 13, 2, 11.13
1577645614, 0, 0, 412, 412, 3, 17.61%, 51, 13, 2, 10.79
1577645666, 0, 0, 413, 413, 3, 17.61%, 51, 13, 2, 11.05
1577645676, 0, 0, 414, 414, 3, 17.61%, 51, 13, 2, 10.53
1577645728, 0, 0, 415, 415, 3, 17.61%, 51, 13, 2, 11.23
1577645733, 0, 0, 418, 418, 3, 17.61%, 53, 13, 2, 11.96
1577645790, 0, 0, 419, 419, 3, 17.61%, 53, 13, 2, 10.27
1577645867, 0, 0, 420, 420, 3, 17.64%, 53, 13, 2, 10.07
1577645872, 0, 0, 421, 421, 3, 17.64%, 53, 13, 2, 10.09
1577645882, 0, 0, 424, 424, 3, 17.66%, 53, 13, 2, 10.09
1577645888, 0, 0, 427, 427, 3, 17.66%, 53, 13, 2, 10.30
1577645893, 0, 0, 428, 428, 3, 17.66%, 53, 13, 2, 11.19
1577645913, 0, 0, 430, 430, 3, 17.66%, 53, 13, 2, 10.53
1577645918, 0, 0, 431, 431, 3, 17.66%, 53, 13, 2, 10.42
1577645929, 0, 0, 432, 432, 3, 17.67%, 53, 13, 2, 10.45
1577645934, 0, 0, 433, 433, 3, 17.67%, 53, 13, 2, 11.36
1577645949, 0, 0, 434, 434, 3, 17.67%, 53, 13, 2, 10.39
1577645965, 0, 0, 435, 435, 3, 17.67%, 53, 13, 2, 10.40
1577645975, 0, 0, 439, 439, 3, 17.68%, 53, 13, 2, 10.31
1577645980, 0, 0, 442, 442, 3, 17.68%, 53, 13, 2, 10.39
1577645985, 0, 0, 444, 444, 3, 17.68%, 53, 13, 2, 10.38
1577646006, 0, 0, 447, 447, 3, 17.68%, 53, 13, 2, 10.10
1577646011, 0, 0, 448, 448, 3, 17.69%, 53, 13, 2, 10.14
1577646016, 0, 0, 449, 449, 3, 17.69%, 53, 13, 2, 9.79
1577646021, 0, 0, 451, 451, 3, 17.69%, 53, 13, 2, 10.19
1577646026, 0, 0, 453, 453, 3, 17.70%, 53, 13, 2, 10.41
1577646031, 0, 0, 454, 454, 3, 17.70%, 53, 13, 2, 10.83
1577646078, 0, 0, 455, 455, 3, 17.70%, 53, 13, 2, 10.30
1577646083, 0, 0, 456, 456, 3, 17.70%, 53, 13, 2, 10.34
1577646093, 0, 0, 457, 457, 3, 17.70%, 53, 13, 2, 10.29
1577646098, 0, 0, 458, 458, 3, 17.70%, 53, 13, 2, 9.24
1577646108, 0, 0, 460, 460, 3, 17.70%, 53, 13, 2, 10.10
1577646123, 0, 0, 462, 462, 3, 17.70%, 53, 13, 2, 8.47
1577646134, 0, 0, 463, 463, 3, 17.70%, 53, 13, 2, 10.10
1577646139, 0, 0, 465, 465, 3, 17.71%, 53, 13, 2, 9.90
1577646144, 0, 0, 466, 466, 3, 17.71%, 53, 13, 2, 10.18
1577646155, 0, 0, 469, 469, 3, 17.71%, 53, 13, 2, 10.25
1577646160, 0, 0, 471, 471, 3, 17.71%, 53, 13, 2, 10.26
1577646165, 0, 0, 472, 472, 3, 17.71%, 53, 13, 2, 10.19
1577646186, 0, 0, 475, 475, 3, 17.71%, 53, 13, 2, 10.22
1577646196, 0, 0, 476, 476, 3, 17.71%, 53, 13, 2, 10.21
1577646201, 0, 0, 477, 477, 3, 17.71%, 53, 13, 2, 10.31
1577646206, 0, 0, 479, 479, 3, 17.71%, 53, 13, 2, 10.31
1577646252, 0, 0, 480, 480, 3, 17.71%, 53, 13, 2, 10.36
1577646262, 0, 0, 481, 481, 3, 17.71%, 53, 13, 2, 10.44
1577646268, 0, 0, 483, 483, 3, 17.71%, 53, 13, 2, 10.26
1577646278, 0, 0, 484, 484, 3, 17.71%, 53, 13, 2, 10.43
1577646288, 0, 0, 485, 485, 3, 17.71%, 53, 13, 2, 10.39
1577646304, 0, 0, 487, 487, 3, 17.71%, 53, 13, 2, 10.32
1577646314, 0, 0, 488, 488, 3, 17.71%, 53, 13, 2, 9.90
1577646319, 0, 0, 489, 489, 3, 17.71%, 53, 13, 2, 10.06
1577646324, 0, 0, 490, 490, 3, 17.71%, 53, 13, 2, 10.31
1577646329, 0, 0, 491, 491, 3, 17.71%, 53, 13, 2, 10.64
1577646334, 0, 0, 492, 492, 3, 17.71%, 53, 13, 2, 10.78
1577646339, 0, 0, 495, 495, 3, 17.71%, 53, 13, 2, 10.98
1577646360, 0, 0, 497, 497, 3, 17.71%, 53, 13, 2, 10.92
1577646375, 0, 0, 498, 498, 3, 17.71%, 53, 13, 2, 10.13
1577646380, 0, 0, 500, 500, 3, 17.71%, 53, 13, 2, 10.65
1577646426, 0, 0, 501, 501, 3, 17.71%, 53, 13, 2, 10.89
1577646436, 0, 0, 502, 502, 3, 17.71%, 53, 13, 2, 10.96
1577646447, 0, 0, 503, 503, 3, 17.71%, 53, 13, 2, 11.09
1577646452, 0, 0, 504, 504, 3, 17.71%, 53, 13, 2, 11.09
1577646467, 0, 0, 505, 505, 3, 17.71%, 53, 13, 2, 10.18
1577646482, 0, 0, 506, 506, 3, 17.71%, 53, 13, 2, 10.95
1577646487, 0, 0, 507, 507, 3, 17.71%, 53, 13, 2, 11.17
1577646492, 0, 0, 508, 508, 3, 17.71%, 53, 13, 2, 11.20
1577646497, 0, 0, 510, 510, 3, 17.71%, 53, 13, 2, 11.19
1577646503, 0, 0, 512, 512, 3, 17.71%, 53, 13, 2, 11.17
1577646554, 0, 0, 514, 514, 3, 17.71%, 53, 13, 2, 10.90
1577646564, 0, 0, 515, 515, 3, 17.71%, 53, 13, 2, 11.18
1577646574, 0, 0, 516, 516, 3, 17.71%, 53, 13, 2, 10.96
1577646599, 0, 0, 518, 518, 3, 17.71%, 53, 13, 2, 10.85
1577646609, 0, 0, 519, 519, 3, 17.71%, 53, 13, 2, 10.63
1577646625, 0, 0, 520, 520, 3, 17.71%, 53, 13, 2, 11.12
1577646635, 0, 0, 521, 521, 3, 17.71%, 53, 13, 2, 11.19
1577646640, 0, 0, 525, 525, 3, 17.71%, 53, 13, 2, 11.26
1577646645, 0, 0, 526, 526, 3, 17.71%, 53, 13, 2, 11.25
1577646706, 0, 0, 527, 527, 3, 17.71%, 53, 13, 2, 11.05
1577646712, 0, 0, 528, 528, 3, 17.71%, 53, 13, 2, 11.09
1577646752, 0, 0, 529, 529, 3, 17.71%, 53, 13, 2, 10.99
1577646758, 0, 0, 530, 530, 3, 17.72%, 53, 13, 2, 11.29
1577646779, 0, 0, 532, 532, 3, 17.72%, 54, 13, 2, 10.84
1577646784, 0, 0, 533, 533, 3, 17.72%, 54, 13, 2, 10.94
1577646789, 0, 0, 534, 534, 3, 17.74%, 54, 13, 2, 10.94
1577646839, 0, 0, 535, 535, 3, 17.76%, 54, 13, 2, 10.68
1577646850, 0, 0, 536, 536, 3, 17.77%, 54, 13, 2, 11.44
1577646855, 0, 0, 538, 538, 3, 17.77%, 54, 13, 2, 11.66
1577646860, 0, 0, 539, 539, 3, 17.77%, 54, 13, 2, 11.53
1577646865, 0, 0, 540, 540, 3, 17.77%, 54, 13, 2, 12.36
1577646891, 0, 0, 541, 541, 3, 17.77%, 54, 13, 2, 9.62
1577646901, 0, 0, 542, 542, 3, 17.78%, 54, 13, 2, 10.23
1577646906, 0, 0, 545, 545, 3, 17.78%, 54, 13, 2, 10.66
1577646912, 0, 0, 546, 546, 3, 17.78%, 54, 13, 2, 10.37
1577646917, 0, 0, 547, 547, 3, 17.79%, 54, 13, 2, 9.85
1577646978, 0, 0, 548, 548, 3, 17.79%, 54, 13, 2, 10.30
1577646999, 0, 0, 549, 549, 3, 17.79%, 54, 13, 2, 10.07
1577647066, 0, 0, 550, 550, 3, 17.79%, 54, 13, 2, 9.74
1577647076, 0, 0, 551, 551, 3, 17.79%, 54, 13, 2, 9.69
1577647081, 0, 0, 552, 552, 3, 17.80%, 54, 13, 2, 9.75
1577647091, 0, 0, 553, 553, 3, 17.80%, 54, 13, 2, 10.91
1577647117, 0, 0, 554, 554, 3, 17.80%, 54, 13, 2, 9.01
1577647122, 0, 0, 557, 557, 3, 17.80%, 54, 13, 2, 9.74
1577647143, 0, 0, 558, 558, 3, 17.80%, 54, 13, 2, 9.88
1577647153, 0, 0, 559, 559, 3, 17.81%, 54, 13, 2, 9.40
1577647158, 0, 0, 560, 560, 3, 17.81%, 54, 13, 2, 9.90
1577647168, 0, 0, 561, 561, 3, 17.81%, 54, 13, 2, 10.63
1577647194, 0, 0, 562, 562, 3, 17.81%, 54, 13, 2, 10.07
1577647215, 0, 0, 563, 563, 3, 17.82%, 54, 13, 2, 9.92
1577647220, 0, 0, 564, 564, 3, 17.82%, 54, 13, 2, 10.15
1577647230, 0, 0, 566, 566, 3, 17.83%, 54, 13, 2, 9.42
1577647235, 0, 0, 567, 567, 3, 17.83%, 54, 13, 2, 9.90
1577647241, 0, 0, 568, 568, 3, 17.83%, 54, 13, 2, 9.77
1577647261, 0, 0, 569, 569, 3, 17.83%, 54, 13, 2, 10.02
1577647282, 0, 0, 570, 570, 3, 17.84%, 54, 13, 2, 9.83
1577647287, 0, 0, 572, 572, 3, 17.85%, 54, 13, 2, 10.07
1577647292, 0, 0, 573, 573, 3, 17.85%, 55, 13, 2, 10.66
1577647298, 0, 0, 575, 575, 3, 17.85%, 55, 13, 2, 10.42
1577647349, 0, 0, 576, 576, 3, 17.85%, 55, 13, 2, 10.00
1577647354, 0, 0, 577, 577, 3, 17.85%, 55, 13, 2, 10.02
1577647375, 0, 0, 578, 578, 3, 17.85%, 55, 13, 2, 10.10
1577647385, 0, 0, 579, 579, 3, 17.85%, 55, 13, 2, 10.03
1577647390, 0, 0, 581, 581, 3, 17.85%, 55, 13, 2, 9.82
1577647441, 0, 0, 582, 582, 3, 17.85%, 55, 13, 2, 9.77
1577647461, 0, 0, 584, 584, 3, 17.85%, 55, 13, 2, 9.96
1577647482, 0, 0, 585, 585, 3, 17.85%, 55, 13, 2, 10.12
1577647488, 0, 0, 586, 586, 3, 17.85%, 55, 13, 2, 10.13
1577647493, 0, 0, 587, 587, 3, 17.85%, 55, 13, 2, 9.86
1577647498, 0, 0, 588, 588, 3, 17.85%, 55, 13, 2, 9.80
1577647549, 0, 0, 589, 589, 3, 17.85%, 55, 13, 2, 9.89
1577647601, 0, 0, 590, 590, 3, 17.85%, 55, 13, 2, 9.90
1577647606, 0, 0, 591, 591, 3, 17.85%, 55, 13, 2, 10.00
1577647611, 0, 0, 594, 594, 3, 17.85%, 55, 13, 2, 9.81
1577647678, 0, 0, 595, 595, 3, 17.85%, 55, 13, 2, 9.93
1577647698, 0, 0, 595, 595, 3, 17.85%, 57, 13, 2, 10.04
1577647703, 0, 0, 596, 596, 3, 17.85%, 57, 13, 2, 10.12
1577647708, 0, 0, 597, 597, 3, 17.85%, 57, 13, 2, 9.84
1577647714, 0, 0, 598, 598, 3, 17.85%, 57, 13, 2, 9.95
1577647786, 0, 0, 599, 599, 3, 17.85%, 57, 13, 2, 10.00
1577647807, 0, 0, 600, 600, 3, 17.85%, 58, 13, 2, 10.17
1577647817, 0, 0, 601, 601, 3, 17.85%, 58, 13, 2, 10.23
1577647915, 0, 0, 602, 602, 3, 17.85%, 58, 13, 2, 6.46
1577648022, 0, 0, 603, 603, 3, 17.85%, 58, 13, 2, 10.15
1577648130, 0, 0, 604, 604, 3, 17.85%, 58, 13, 2, 10.15
1577648135, 0, 0, 606, 606, 3, 17.85%, 58, 13, 2, 10.22
1577648237, 0, 0, 607, 607, 3, 17.86%, 58, 13, 2, 9.87
1577648248, 0, 0, 608, 608, 3, 17.88%, 58, 13, 2, 9.89
1577648253, 0, 0, 610, 610, 3, 17.88%, 58, 13, 2, 10.17
1577648258, 0, 0, 613, 613, 3, 17.88%, 58, 13, 2, 10.14
1577648263, 0, 0, 614, 614, 3, 17.88%, 58, 13, 2, 10.38
1577648289, 0, 0, 615, 615, 3, 17.88%, 58, 13, 2, 10.08
1577648314, 0, 0, 617, 617, 3, 17.89%, 58, 13, 2, 10.09
1577648319, 0, 0, 619, 619, 3, 17.89%, 58, 13, 2, 10.14
1577648325, 0, 0, 621, 621, 3, 17.90%, 58, 13, 2, 10.02
1577648330, 0, 0, 624, 624, 3, 17.91%, 58, 13, 2, 10.40
1577648335, 0, 0, 626, 626, 3, 17.91%, 58, 13, 2, 10.33
1577648340, 0, 0, 628, 628, 3, 17.91%, 58, 13, 2, 10.27
1577648356, 0, 0, 632, 632, 3, 17.93%, 58, 13, 2, 10.12
1577648361, 0, 0, 635, 635, 3, 17.94%, 58, 13, 2, 10.03
1577648366, 0, 0, 637, 637, 3, 17.94%, 58, 13, 2, 10.15
1577648386, 0, 0, 639, 639, 3, 17.94%, 58, 13, 2, 9.92
1577648391, 0, 0, 641, 641, 3, 17.95%, 58, 13, 2, 9.80
1577648396, 0, 0, 642, 642, 3, 17.95%, 58, 13, 2, 10.14
1577648402, 0, 0, 643, 643, 3, 17.95%, 58, 13, 2, 10.15
1577648407, 0, 0, 644, 644, 3, 17.95%, 58, 13, 2, 10.28
1577648412, 0, 0, 647, 647, 3, 17.95%, 58, 13, 2, 10.13
1577648417, 0, 0, 648, 648, 3, 17.95%, 58, 13, 2, 9.16
1577648422, 0, 0, 649, 649, 3, 17.95%, 58, 13, 2, 9.66
1577648427, 0, 0, 651, 651, 3, 17.95%, 58, 13, 2, 9.80
1577648433, 0, 0, 652, 652, 3, 17.95%, 58, 13, 2, 10.13
1577648438, 0, 0, 654, 654, 3, 17.95%, 58, 13, 2, 10.22
1577648443, 0, 0, 655, 655, 3, 17.95%, 58, 13, 2, 9.84
1577648453, 0, 0, 656, 656, 3, 17.95%, 58, 13, 2, 9.84
1577648463, 0, 0, 657, 657, 3, 17.95%, 60, 13, 2, 10.12
1577648468, 0, 0, 658, 658, 3, 17.95%, 60, 13, 2, 10.32
1577648473, 0, 0, 659, 659, 3, 17.95%, 60, 13, 2, 10.36
1577648478, 0, 0, 660, 660, 3, 17.95%, 60, 13, 2, 9.40
1577648494, 0, 0, 661, 661, 3, 17.95%, 60, 13, 2, 8.47
1577648550, 0, 0, 662, 662, 3, 17.95%, 60, 13, 2, 7.41
1577648555, 0, 0, 663, 663, 3, 17.95%, 60, 13, 2, 7.20
1577648591, 0, 0, 664, 664, 3, 17.95%, 60, 13, 2, 7.89
