# unix_time, cycles_done, cur_path, paths_total, pending_total, pending_favs, map_size, unique_crashes, unique_hangs, max_depth, execs_per_sec
1577889070, 0, 0, 3, 3, 3, 16.22%, 0, 0, 1, 12.89
1577889219, 0, 0, 7, 7, 3, 16.63%, 0, 0, 2, 11.35
1577889224, 0, 0, 9, 9, 3, 16.63%, 0, 0, 2, 11.29
1577889229, 0, 0, 10, 10, 3, 16.63%, 0, 0, 2, 11.34
1577889234, 0, 0, 12, 12, 3, 16.64%, 0, 0, 2, 11.09
1577889245, 0, 0, 15, 15, 3, 16.65%, 0, 0, 2, 11.03
1577889250, 0, 0, 16, 16, 3, 16.66%, 0, 0, 2, 12.08
1577889255, 0, 0, 18, 18, 3, 16.66%, 0, 0, 2, 12.75
1577889260, 0, 0, 19, 19, 3, 16.66%, 0, 0, 2, 12.95
1577889265, 0, 0, 21, 21, 3, 16.66%, 0, 0, 2, 13.01
1577889280, 0, 0, 25, 25, 3, 16.69%, 0, 0, 2, 12.98
1577889285, 0, 0, 27, 27, 3, 16.69%, 0, 0, 2, 12.99
1577889291, 0, 0, 28, 28, 3, 16.69%, 0, 0, 2, 13.00
1577889311, 0, 0, 31, 31, 3, 16.70%, 0, 0, 2, 12.95
1577889316, 0, 0, 33, 33, 3, 16.70%, 0, 0, 2, 12.98
1577889326, 0, 0, 35, 35, 3, 16.70%, 0, 0, 2, 12.96
1577889331, 0, 0, 37, 37, 3, 16.70%, 0, 0, 2, 12.96
1577889336, 0, 0, 39, 39, 3, 16.70%, 0, 0, 2, 12.97
1577889341, 0, 0, 41, 41, 3, 16.70%, 0, 0, 2, 12.96
1577889346, 0, 0, 42, 42, 3, 16.70%, 0, 0, 2, 12.95
1577889352, 0, 0, 44, 44, 3, 16.71%, 0, 0, 2, 12.92
1577889357, 0, 0, 46, 46, 3, 16.71%, 0, 0, 2, 12.57
1577889372, 0, 0, 47, 47, 3, 16.71%, 0, 0, 2, 12.90
1577889382, 0, 0, 48, 48, 3, 16.71%, 0, 0, 2, 12.79
1577889393, 0, 0, 49, 49, 3, 16.72%, 0, 0, 2, 12.92
1577889413, 0, 0, 50, 50, 3, 16.72%, 0, 0, 2, 12.92
1577889439, 0, 0, 51, 51, 3, 16.73%, 0, 0, 2, 12.95
1577889449, 0, 0, 52, 52, 3, 16.73%, 0, 0, 2, 12.96
1577889464, 0, 0, 53, 53, 3, 16.73%, 0, 0, 2, 12.98
1577889479, 0, 0, 54, 54, 3, 16.73%, 0, 0, 2, 12.98
1577889489, 0, 0, 55, 55, 3, 16.73%, 0, 0, 2, 12.92
1577889505, 0, 0, 56, 56, 3, 16.73%, 0, 0, 2, 12.76
1577889541, 0, 0, 59, 59, 3, 16.73%, 0, 0, 2, 12.74
1577889546, 0, 0, 60, 60, 3, 16.73%, 0, 0, 2, 12.82
1577889628, 0, 0, 61, 61, 3, 16.73%, 0, 0, 2, 10.76
1577889720, 0, 0, 62, 62, 3, 16.73%, 0, 0, 2, 10.07
1577889725, 0, 0, 63, 63, 3, 16.73%, 0, 0, 2, 9.94
1577889736, 0, 0, 64, 64, 3, 16.73%, 0, 0, 2, 10.18
1577889741, 0, 0, 67, 67, 3, 16.74%, 0, 0, 2, 10.04
1577889746, 0, 0, 70, 70, 3, 16.74%, 0, 0, 2, 9.95
1577889756, 0, 0, 72, 72, 3, 16.75%, 0, 0, 2, 10.17
1577889761, 0, 0, 75, 75, 3, 16.75%, 0, 0, 2, 10.20
1577889772, 0, 0, 76, 76, 3, 16.75%, 0, 0, 2, 10.04
1577889782, 0, 0, 78, 78, 3, 16.76%, 0, 0, 2, 10.27
1577889797, 0, 0, 79, 79, 3, 16.76%, 0, 0, 2, 10.24
1577889802, 0, 0, 80, 80, 3, 16.76%, 0, 0, 2, 10.17
1577889807, 0, 0, 81, 81, 3, 16.76%, 0, 0, 2, 10.31
1577889823, 0, 0, 83, 83, 3, 16.76%, 0, 0, 2, 10.18
1577889848, 0, 0, 84, 84, 3, 16.76%, 0, 0, 2, 10.25
1577890259, 0, 0, 85, 85, 3, 16.77%, 0, 0, 2, 10.46
1577890264, 0, 0, 86, 86, 3, 16.77%, 0, 0, 2, 10.58
1577890336, 0, 0, 87, 87, 3, 16.77%, 0, 0, 2, 12.62
1577890341, 0, 0, 88, 88, 3, 16.77%, 0, 0, 2, 12.85
1577890357, 0, 0, 89, 89, 3, 16.77%, 0, 0, 2, 12.91
1577890418, 0, 0, 90, 90, 3, 16.77%, 0, 0, 2, 11.11
1577890541, 0, 0, 91, 91, 3, 16.77%, 0, 0, 2, 11.75
1577890561, 0, 0, 92, 92, 3, 16.77%, 0, 0, 2, 11.82
1577890566, 0, 0, 93, 93, 3, 16.78%, 0, 0, 2, 11.44
1577890576, 0, 0, 94, 94, 3, 16.78%, 0, 0, 2, 10.98
1577890581, 0, 0, 95, 95, 3, 16.78%, 0, 0, 2, 10.74
1577890586, 0, 0, 96, 96, 3, 16.78%, 0, 0, 2, 10.02
1577890597, 0, 0, 97, 97, 3, 16.78%, 0, 0, 2, 10.38
1577890607, 0, 0, 98, 98, 3, 16.78%, 0, 0, 2, 9.75
1577890612, 0, 0, 99, 99, 3, 16.78%, 0, 0, 2, 10.03
1577890622, 0, 0, 100, 100, 3, 16.78%, 0, 0, 2, 9.65
1577890729, 0, 0, 101, 101, 3, 16.78%, 0, 0, 2, 12.28
1577890914, 0, 0, 102, 102, 3, 16.78%, 0, 0, 2, 12.92
1577890934, 0, 0, 103, 103, 3, 16.79%, 0, 0, 2, 12.86
1577891057, 0, 0, 104, 104, 3, 16.79%, 0, 0, 2, 12.85
1577891416, 0, 0, 105, 105, 3, 16.84%, 0, 0, 2, 12.78
1577891437, 0, 0, 106, 106, 3, 16.84%, 0, 0, 2, 13.00
1577891442, 0, 0, 107, 107, 3, 16.85%, 0, 0, 2, 12.89
1577891472, 0, 0, 108, 108, 3, 16.85%, 0, 0, 2, 13.06
1577891497, 0, 0, 109, 109, 3, 16.85%, 0, 0, 2, 13.05
1577891528, 0, 0, 110, 110, 3, 16.85%, 0, 0, 2, 12.94
1577891543, 0, 0, 111, 111, 3, 16.85%, 0, 0, 2, 12.95
1577891722, 0, 0, 112, 112, 3, 16.85%, 0, 0, 2, 13.03
1577891737, 0, 0, 113, 113, 3, 16.89%, 0, 0, 2, 13.12
1577891742, 0, 0, 116, 116, 3, 16.91%, 0, 0, 2, 13.10
1577891748, 0, 0, 117, 117, 3, 16.91%, 0, 0, 2, 13.03
1577891825, 0, 0, 118, 118, 3, 16.91%, 0, 0, 2, 12.91
1577891845, 0, 0, 120, 120, 3, 16.91%, 0, 0, 2, 12.82
1577891851, 0, 0, 122, 122, 3, 16.92%, 0, 0, 2, 12.95
1577891861, 0, 0, 124, 124, 3, 16.92%, 0, 0, 2, 12.89
1577891866, 0, 0, 125, 125, 3, 16.92%, 0, 0, 2, 12.79
1577891948, 0, 0, 126, 126, 3, 16.92%, 0, 0, 2, 13.00
1577891953, 0, 0, 127, 127, 3, 16.93%, 0, 0, 2, 12.80
1577891963, 0, 0, 128, 128, 3, 16.93%, 0, 0, 2, 12.88
1577891968, 0, 0, 129, 129, 3, 16.93%, 0, 0, 2, 12.94
1577892168, 0, 0, 130, 130, 3, 16.94%, 0, 0, 2, 12.91
1577892183, 0, 0, 131, 131, 3, 16.94%, 0, 0, 2, 12.84
1577892188, 0, 0, 133, 133, 3, 16.94%, 0, 0, 2, 12.80
1577892199, 0, 0, 134, 134, 3, 16.94%, 0, 0, 2, 12.65
1577892286, 0, 0, 135, 135, 3, 16.94%, 0, 0, 2, 12.82
1577892301, 0, 0, 136, 136, 3, 16.94%, 0, 0, 2, 12.82
1577892954, 0, 0, 137, 137, 3, 16.94%, 0, 0, 2, 12.75
1577893096, 0, 0, 138, 138, 3, 16.94%, 0, 0, 2, 12.97
1577893117, 0, 0, 140, 140, 3, 16.95%, 0, 0, 2, 13.01
1577893127, 0, 0, 142, 142, 3, 16.95%, 0, 0, 2, 12.74
1577893194, 0, 0, 143, 143, 3, 16.95%, 0, 0, 2, 12.93
1577893214, 0, 0, 144, 144, 3, 16.95%, 0, 0, 2, 12.96
1577893224, 0, 0, 145, 145, 3, 16.95%, 0, 0, 2, 13.02
1577893234, 0, 0, 146, 146, 3, 16.95%, 0, 0, 2, 12.51
1577893239, 0, 0, 147, 147, 3, 16.96%, 0, 0, 2, 12.18
1577893265, 0, 0, 148, 148, 3, 16.96%, 0, 0, 2, 12.08
1577893270, 0, 0, 149, 149, 3, 16.96%, 0, 0, 2, 12.62
1577893280, 0, 0, 151, 151, 3, 16.96%, 0, 0, 2, 12.59
1577893337, 0, 0, 152, 152, 3, 16.97%, 0, 0, 2, 12.68
1577893368, 0, 0, 154, 154, 3, 16.97%, 0, 0, 2, 12.92
1577893388, 0, 0, 155, 155, 3, 16.97%, 0, 0, 2, 12.82
1577893440, 0, 0, 156, 156, 3, 16.98%, 0, 0, 2, 13.06
1577893480, 0, 0, 157, 157, 3, 16.98%, 0, 0, 2, 13.08
1577893526, 0, 0, 158, 158, 3, 16.98%, 0, 0, 2, 12.69
1577893546, 0, 0, 159, 159, 3, 16.98%, 0, 0, 2, 12.91
1577893603, 0, 0, 162, 162, 3, 16.98%, 0, 0, 2, 12.68
1577893608, 0, 0, 165, 165, 3, 16.99%, 0, 0, 2, 12.29
1577893725, 0, 0, 166, 166, 3, 16.99%, 0, 0, 2, 12.92
1577893745, 0, 0, 167, 167, 3, 17.00%, 0, 0, 2, 12.97
1577893756, 0, 0, 168, 168, 3, 17.01%, 0, 0, 2, 13.60
1577893761, 0, 0, 169, 169, 3, 17.01%, 0, 0, 2, 13.38
1577893771, 0, 0, 172, 172, 3, 17.01%, 0, 0, 2, 13.51
1577893781, 0, 0, 172, 172, 3, 17.01%, 0, 2, 2, 3.21
1577893786, 0, 0, 175, 175, 3, 17.02%, 0, 3, 2, 7.42
1577893802, 0, 0, 178, 178, 3, 17.03%, 0, 3, 2, 8.80
1577893823, 0, 0, 179, 179, 3, 17.03%, 0, 3, 2, 9.38
1577893849, 0, 0, 180, 180, 3, 17.03%, 0, 4, 2, 1.68
1577893864, 0, 0, 181, 181, 3, 17.03%, 0, 4, 2, 9.82
1577893869, 0, 0, 182, 182, 3, 17.03%, 0, 6, 2, 11.90
1577893885, 0, 0, 182, 182, 3, 17.03%, 0, 7, 2, 6.79
1577893890, 0, 0, 183, 183, 3, 17.03%, 0, 8, 2, 7.23
1577893911, 0, 0, 183, 183, 3, 17.03%, 0, 10, 2, 6.26
1577893916, 0, 0, 183, 183, 3, 17.03%, 0, 11, 2, 6.57
1577893947, 0, 0, 186, 186, 3, 17.04%, 0, 11, 2, 9.36
1577893963, 0, 0, 187, 187, 3, 17.04%, 0, 11, 2, 7.65
1577893999, 0, 0, 188, 188, 3, 17.04%, 0, 11, 2, 9.18
1577894035, 0, 0, 188, 188, 3, 17.04%, 0, 12, 2, 6.75
1577894086, 0, 0, 189, 189, 3, 17.04%, 0, 12, 2, 7.55
1577894102, 0, 0, 189, 189, 3, 17.04%, 0, 13, 2, 6.10
1577894107, 0, 0, 190, 190, 3, 17.04%, 0, 13, 2, 9.80
1577894118, 0, 0, 190, 190, 3, 17.04%, 0, 14, 2, 2.21
1577894133, 0, 0, 190, 190, 3, 17.04%, 0, 15, 2, 7.87
1577894148, 0, 0, 191, 191, 3, 17.04%, 0, 15, 2, 13.05
1577894168, 0, 0, 192, 192, 3, 17.04%, 0, 15, 2, 13.12
1577894209, 0, 0, 193, 193, 3, 17.05%, 0, 15, 2, 10.80
1577894234, 0, 0, 193, 193, 3, 17.05%, 0, 16, 2, 6.46
1577894281, 0, 0, 194, 194, 3, 17.05%, 0, 16, 2, 7.48
1577894312, 0, 0, 195, 195, 3, 17.05%, 0, 16, 2, 8.86
1577894465, 0, 0, 195, 195, 3, 17.05%, 0, 17, 2, 6.54
1577894486, 0, 0, 196, 196, 3, 17.05%, 0, 17, 2, 7.36
1577894502, 0, 0, 197, 197, 3, 17.05%, 0, 17, 2, 7.97
1577894517, 0, 0, 198, 198, 3, 17.05%, 0, 17, 2, 10.85
1577894610, 0, 0, 198, 198, 3, 17.05%, 2, 17, 2, 7.07
1577894615, 0, 0, 199, 199, 3, 17.05%, 2, 17, 2, 8.01
1577894631, 0, 0, 200, 200, 3, 17.05%, 2, 17, 2, 6.78
1577894646, 0, 0, 201, 201, 3, 17.05%, 2, 17, 2, 9.17
1577894692, 0, 0, 201, 201, 3, 17.05%, 2, 18, 2, 7.36
1577897805, 0, 0, 202, 202, 3, 17.05%, 2, 18, 2, 0.00
1577897823, 0, 0, 203, 203, 3, 17.05%, 2, 19, 2, 9.07
1577897833, 0, 0, 203, 203, 3, 17.05%, 2, 20, 2, 9.02
1577897838, 0, 0, 204, 204, 3, 17.05%, 2, 20, 2, 9.19
1577897942, 0, 0, 205, 205, 3, 17.05%, 2, 20, 2, 7.25
1577898066, 0, 0, 206, 206, 3, 17.05%, 2, 20, 2, 7.73
1577898278, 0, 0, 206, 206, 3, 17.05%, 2, 21, 2, 9.22
1577898495, 0, 0, 207, 207, 3, 17.05%, 2, 21, 2, 6.98
1577898639, 0, 0, 208, 208, 3, 17.06%, 2, 21, 2, 7.46
1577898644, 0, 0, 209, 209, 3, 17.06%, 2, 21, 2, 7.78
1577899016, 0, 0, 209, 209, 3, 17.06%, 2, 22, 2, 6.75
1577899201, 0, 0, 210, 210, 3, 17.06%, 2, 22, 2, 6.61
1577899247, 0, 0, 211, 211, 3, 17.06%, 2, 22, 2, 10.12
1577899350, 0, 0, 211, 211, 3, 17.06%, 3, 22, 2, 6.76
1577899355, 0, 0, 212, 212, 3, 17.06%, 3, 22, 2, 7.04
1577899474, 0, 0, 212, 212, 3, 17.06%, 3, 23, 2, 6.93
1577899484, 0, 0, 212, 212, 3, 17.06%, 4, 23, 2, 7.02
1577899495, 0, 0, 212, 212, 3, 17.06%, 4, 24, 2, 6.32
1577899644, 0, 0, 212, 212, 3, 17.06%, 5, 24, 2, 6.75
1577899804, 0, 0, 212, 212, 3, 17.06%, 6, 24, 2, 6.74
1577900029, 0, 0, 212, 212, 3, 17.06%, 6, 25, 2, 11.82
1577900251, 0, 0, 213, 213, 3, 17.06%, 6, 25, 2, 7.03
1577900386, 0, 0, 214, 214, 3, 17.06%, 6, 25, 2, 7.36
1577900401, 0, 0, 216, 216, 3, 17.06%, 6, 25, 2, 7.94
1577900417, 0, 0, 217, 217, 3, 17.06%, 6, 25, 2, 10.65
1577900715, 0, 0, 217, 217, 3, 17.06%, 7, 25, 2, 6.97
1577900720, 0, 0, 217, 217, 3, 17.06%, 8, 25, 2, 6.97
1577900869, 0, 0, 218, 218, 3, 17.06%, 8, 25, 2, 11.30
1577900977, 0, 0, 219, 219, 3, 17.06%, 8, 25, 2, 7.78
1577901003, 0, 0, 220, 220, 3, 17.06%, 8, 25, 2, 10.86
1577947582, 0, 0, 220, 220, 3, 17.06%, 9, 25, 2, 7.02
1577947603, 0, 0, 221, 221, 3, 17.06%, 9, 25, 2, 7.45
1577947608, 0, 0, 222, 222, 3, 17.06%, 9, 25, 2, 10.49
1577947722, 0, 0, 222, 222, 3, 17.06%, 10, 25, 2, 6.73
1577947727, 0, 0, 222, 222, 3, 17.06%, 11, 25, 2, 6.53
1577947742, 0, 0, 223, 223, 3, 17.06%, 11, 25, 2, 9.55
1577947876, 0, 0, 224, 224, 3, 17.06%, 11, 25, 2, 9.15
1577948114, 0, 0, 225, 225, 3, 17.20%, 11, 25, 2, 10.49
1577948124, 0, 0, 227, 227, 3, 17.25%, 11, 25, 2, 13.13
1577948129, 0, 0, 228, 228, 3, 17.25%, 11, 25, 2, 13.16
1577948135, 0, 0, 230, 230, 3, 17.26%, 11, 25, 2, 12.93
1577948140, 0, 0, 231, 231, 3, 17.27%, 11, 25, 2, 12.89
1577948145, 0, 0, 234, 234, 3, 17.27%, 11, 25, 2, 12.97
1577948150, 0, 0, 235, 235, 3, 17.29%, 11, 25, 2, 12.91
1577948155, 0, 0, 239, 239, 3, 17.30%, 11, 25, 2, 12.98
1577948160, 0, 0, 244, 244, 3, 17.30%, 11, 25, 2, 12.73
1577948165, 0, 0, 246, 246, 3, 17.30%, 11, 25, 2, 12.87
1577948170, 0, 0, 250, 250, 3, 17.31%, 11, 25, 2, 13.00
1577948186, 0, 0, 254, 254, 3, 17.31%, 11, 25, 2, 13.05
1577948191, 0, 0, 255, 255, 3, 17.31%, 11, 25, 2, 13.04
1577948196, 0, 0, 258, 258, 3, 17.33%, 11, 25, 2, 12.79
1577948201, 0, 0, 264, 264, 3, 17.36%, 12, 25, 2, 13.02
1577948206, 0, 0, 265, 265, 3, 17.36%, 12, 25, 2, 12.96
1577948211, 0, 0, 270, 270, 3, 17.39%, 12, 25, 2, 13.00
1577948216, 0, 0, 273, 273, 3, 17.40%, 12, 25, 2, 12.93
1577948227, 0, 0, 275, 275, 3, 17.40%, 13, 25, 2, 13.09
1577948237, 0, 0, 276, 276, 3, 17.40%, 13, 25, 2, 12.95
1577948242, 0, 0, 277, 277, 3, 17.41%, 13, 25, 2, 13.04
1577948247, 0, 0, 281, 281, 3, 17.41%, 13, 25, 2, 12.92
1577948252, 0, 0, 284, 284, 3, 17.41%, 13, 25, 2, 12.99
1577948257, 0, 0, 289, 289, 3, 17.43%, 13, 25, 2, 12.91
1577948262, 0, 0, 291, 291, 3, 17.43%, 13, 25, 2, 12.90
1577948268, 0, 0, 292, 292, 3, 17.43%, 13, 25, 2, 12.89
1577948314, 0, 0, 294, 294, 3, 17.43%, 13, 25, 2, 12.42
1577948324, 0, 0, 297, 297, 3, 17.43%, 13, 25, 2, 11.64
1577948339, 0, 0, 299, 299, 3, 17.43%, 13, 25, 2, 11.56
1577948344, 0, 0, 300, 300, 3, 17.43%, 13, 25, 2, 11.85
1577948349, 0, 0, 301, 301, 3, 17.43%, 13, 25, 2, 11.47
1577948355, 0, 0, 303, 303, 3, 17.45%, 13, 25, 2, 11.35
1577948360, 0, 0, 306, 306, 3, 17.45%, 13, 25, 2, 12.02
1577948375, 0, 0, 309, 309, 3, 17.45%, 13, 25, 2, 12.54
1577948380, 0, 0, 310, 310, 3, 17.45%, 13, 25, 2, 12.61
1577948385, 0, 0, 311, 311, 3, 17.45%, 13, 25, 2, 12.61
1577948400, 0, 0, 313, 313, 3, 17.45%, 13, 25, 2, 10.76
1577948411, 0, 0, 315, 315, 3, 17.45%, 13, 25, 2, 11.85
1577948447, 0, 0, 317, 317, 3, 17.45%, 13, 25, 2, 12.06
1577948457, 0, 0, 318, 318, 3, 17.45%, 13, 25, 2, 11.92
1577948462, 0, 0, 320, 320, 3, 17.45%, 13, 25, 2, 11.95
1577948467, 0, 0, 321, 321, 3, 17.45%, 13, 25, 2, 10.99
1577948472, 0, 0, 323, 323, 3, 17.45%, 13, 25, 2, 10.52
1577948483, 0, 0, 325, 325, 3, 17.45%, 13, 25, 2, 10.32
1577948488, 0, 0, 326, 326, 3, 17.45%, 13, 25, 2, 10.27
1577948493, 0, 0, 328, 328, 3, 17.45%, 13, 25, 2, 10.34
1577948503, 0, 0, 329, 329, 3, 17.45%, 13, 25, 2, 10.22
1577948529, 0, 0, 330, 330, 3, 17.45%, 13, 25, 2, 12.05
1577948534, 0, 0, 331, 331, 3, 17.45%, 13, 25, 2, 11.89
1577948539, 0, 0, 332, 332, 3, 17.45%, 13, 25, 2, 12.01
1577948544, 0, 0, 334, 334, 3, 17.45%, 13, 25, 2, 12.02
1577948549, 0, 0, 335, 335, 3, 17.45%, 13, 25, 2, 11.95
1577948555, 0, 0, 337, 337, 3, 17.45%, 13, 25, 2, 12.00
1577948560, 0, 0, 338, 338, 3, 17.45%, 13, 25, 2, 11.95
1577948565, 0, 0, 339, 339, 3, 17.45%, 13, 25, 2, 12.02
1577948570, 0, 0, 340, 340, 3, 17.45%, 13, 25, 2, 11.98
1577948575, 0, 0, 341, 341, 3, 17.45%, 13, 25, 2, 11.55
1577948580, 0, 0, 343, 343, 3, 17.45%, 13, 25, 2, 10.97
1577948591, 0, 0, 345, 345, 3, 17.45%, 13, 25, 2, 10.58
1577948601, 0, 0, 347, 347, 3, 17.45%, 13, 25, 2, 10.40
1577948611, 0, 0, 348, 348, 3, 17.45%, 13, 25, 2, 10.23
1577948616, 0, 0, 349, 349, 3, 17.45%, 13, 25, 2, 10.33
1577948621, 0, 0, 350, 350, 3, 17.45%, 13, 25, 2, 10.12
1577948627, 0, 0, 352, 352, 3, 17.45%, 13, 25, 2, 10.15
1577948637, 0, 0, 354, 354, 3, 17.45%, 13, 25, 2, 10.52
1577948647, 0, 0, 355, 355, 3, 17.45%, 13, 25, 2, 10.52
1577948652, 0, 0, 356, 356, 3, 17.45%, 13, 25, 2, 10.81
1577948657, 0, 0, 357, 357, 3, 17.45%, 13, 25, 2, 10.77
1577948662, 0, 0, 359, 359, 3, 17.45%, 13, 25, 2, 10.62
1577948673, 0, 0, 360, 360, 3, 17.45%, 13, 25, 2, 10.59
1577948683, 0, 0, 363, 363, 3, 17.46%, 13, 25, 2, 10.67
1577948693, 0, 0, 364, 364, 3, 17.46%, 13, 25, 2, 10.01
1577948709, 0, 0, 366, 366, 3, 17.46%, 13, 25, 2, 10.40
1577948714, 0, 0, 367, 367, 3, 17.46%, 13, 25, 2, 10.56
1577948719, 0, 0, 369, 369, 3, 17.46%, 13, 25, 2, 10.58
1577948724, 0, 0, 370, 370, 3, 17.46%, 13, 25, 2, 10.39
1577948745, 0, 0, 371, 371, 3, 17.46%, 13, 25, 2, 10.37
1577948750, 0, 0, 373, 373, 3, 17.46%, 13, 25, 2, 10.26
1577948755, 0, 0, 375, 375, 3, 17.46%, 13, 25, 2, 9.92
1577948760, 0, 0, 376, 376, 3, 17.46%, 13, 25, 2, 8.45
1577948770, 0, 0, 377, 377, 3, 17.46%, 13, 25, 2, 8.09
1577948781, 0, 0, 378, 378, 3, 17.47%, 13, 25, 2, 8.43
1577948791, 0, 0, 380, 380, 3, 17.47%, 14, 25, 2, 9.20
1577948816, 0, 0, 381, 381, 3, 17.47%, 14, 25, 2, 8.44
1577948852, 0, 0, 382, 382, 3, 17.47%, 14, 25, 2, 9.51
1577948857, 0, 0, 383, 383, 3, 17.47%, 14, 25, 2, 9.33
1577948863, 0, 0, 384, 384, 3, 17.49%, 14, 25, 2, 9.28
1577948868, 0, 0, 386, 386, 3, 17.50%, 14, 25, 2, 8.45
1577948873, 0, 0, 388, 388, 3, 17.50%, 14, 25, 2, 8.99
1577948883, 0, 0, 389, 389, 3, 17.50%, 14, 25, 2, 8.73
1577948903, 0, 0, 390, 390, 3, 17.50%, 14, 25, 2, 8.72
1577948919, 0, 0, 393, 393, 3, 17.51%, 14, 25, 2, 8.48
1577948924, 0, 0, 394, 394, 3, 17.52%, 14, 25, 2, 8.20
1577948934, 0, 0, 395, 395, 3, 17.53%, 14, 25, 2, 8.11
1577948939, 0, 0, 397, 397, 3, 17.54%, 14, 25, 2, 7.99
1577948944, 0, 0, 400, 400, 3, 17.54%, 14, 25, 2, 8.05
1577948949, 0, 0, 403, 403, 3, 17.54%, 14, 25, 2, 7.96
1577948955, 0, 0, 405, 405, 3, 17.55%, 14, 25, 2, 7.77
1577948960, 0, 0, 406, 406, 3, 17.55%, 14, 25, 2, 8.07
1577949021, 0, 0, 408, 408, 3, 17.56%, 14, 25, 2, 8.01
1577949026, 0, 0, 410, 410, 3, 17.56%, 14, 25, 2, 7.93
1577949037, 0, 0, 411, 411, 3, 17.56%, 14, 25, 2, 7.87
1577949042, 0, 0, 412, 412, 3, 17.56%, 14, 25, 2, 7.86
1577949057, 0, 0, 413, 413, 3, 17.56%, 14, 25, 2, 8.03
1577949083, 0, 0, 414, 414, 3, 17.57%, 14, 25, 2, 8.03
1577949088, 0, 0, 415, 415, 3, 17.57%, 14, 25, 2, 7.95
1577949093, 0, 0, 417, 417, 3, 17.57%, 14, 25, 2, 8.39
1577949114, 0, 0, 418, 418, 3, 17.57%, 14, 25, 2, 8.14
1577949119, 0, 0, 421, 421, 3, 17.58%, 14, 25, 2, 8.18
1577949124, 0, 0, 424, 424, 3, 17.58%, 14, 25, 2, 7.78
1577949129, 0, 0, 426, 426, 3, 17.58%, 14, 25, 2, 8.47
1577949196, 0, 0, 427, 427, 3, 17.58%, 14, 25, 2, 8.27
1577949206, 0, 0, 428, 428, 3, 17.58%, 14, 25, 2, 8.30
1577949272, 0, 0, 429, 429, 3, 17.58%, 14, 25, 2, 11.21
1577949277, 0, 0, 432, 432, 3, 17.59%, 14, 25, 2, 11.57
1577949328, 0, 0, 433, 433, 3, 17.59%, 14, 25, 2, 11.69
1577949405, 0, 0, 434, 434, 3, 17.59%, 14, 25, 2, 11.65
1577949410, 0, 0, 435, 435, 3, 17.59%, 14, 25, 2, 11.52
1577949415, 0, 0, 437, 437, 3, 17.61%, 14, 25, 2, 11.67
1577949420, 0, 0, 439, 439, 3, 17.61%, 14, 25, 2, 11.83
1577949426, 0, 0, 441, 441, 3, 17.61%, 14, 25, 2, 11.77
1577949446, 0, 0, 443, 443, 3, 17.62%, 14, 25, 2, 11.55
1577949451, 0, 0, 445, 445, 3, 17.62%, 14, 25, 2, 11.57
1577949461, 0, 0, 446, 446, 3, 17.62%, 14, 25, 2, 11.66
1577949477, 0, 0, 447, 447, 3, 17.62%, 14, 25, 2, 11.59
1577949492, 0, 0, 448, 448, 3, 17.62%, 14, 25, 2, 11.59
1577949497, 0, 0, 449, 449, 3, 17.63%, 14, 25, 2, 11.70
1577949503, 0, 0, 454, 454, 3, 17.63%, 14, 25, 2, 11.58
1577949508, 0, 0, 457, 457, 3, 17.63%, 14, 25, 2, 11.72
1577949528, 0, 0, 460, 460, 3, 17.64%, 14, 25, 2, 11.33
1577949533, 0, 0, 461, 461, 3, 17.64%, 14, 25, 2, 11.54
1577949539, 0, 0, 462, 462, 3, 17.64%, 14, 25, 2, 11.77
1577949544, 0, 0, 464, 464, 3, 17.65%, 14, 25, 2, 11.71
1577949590, 0, 0, 465, 465, 3, 17.65%, 14, 25, 2, 11.63
1577949595, 0, 0, 466, 466, 3, 17.65%, 14, 25, 2, 11.64
1577949600, 0, 0, 467, 467, 3, 17.65%, 14, 25, 2, 11.39
1577949605, 0, 0, 468, 468, 3, 17.65%, 14, 25, 2, 11.62
1577949616, 0, 0, 471, 471, 3, 17.65%, 14, 25, 2, 11.46
1577949626, 0, 0, 472, 472, 3, 17.65%, 14, 25, 2, 11.57
1577949631, 0, 0, 475, 475, 3, 17.66%, 14, 25, 2, 11.37
1577949641, 0, 0, 477, 477, 3, 17.66%, 14, 25, 2, 11.48
1577949647, 0, 0, 479, 479, 3, 17.66%, 14, 25, 2, 11.49
1577949657, 0, 0, 481, 481, 3, 17.67%, 14, 25, 2, 11.41
1577949662, 0, 0, 484, 484, 3, 17.67%, 14, 25, 2, 11.36
1577949667, 0, 0, 485, 485, 3, 17.67%, 14, 25, 2, 11.46
1577949682, 0, 0, 486, 486, 3, 17.67%, 14, 25, 2, 11.49
1577949687, 0, 0, 488, 488, 3, 17.67%, 14, 25, 2, 11.44
1577949692, 0, 0, 489, 489, 3, 17.67%, 14, 25, 2, 11.28
1577949697, 0, 0, 490, 490, 3, 17.67%, 14, 25, 2, 10.55
1577949703, 0, 0, 491, 491, 3, 17.67%, 14, 25, 2, 10.54
1577949708, 0, 0, 492, 492, 3, 17.67%, 14, 25, 2, 10.40
1577949801, 0, 0, 493, 493, 3, 17.67%, 14, 25, 2, 6.05
1577949832, 0, 0, 494, 494, 3, 17.67%, 14, 25, 2, 10.01
1577949842, 0, 0, 495, 495, 3, 17.67%, 14, 25, 2, 10.58
1577949857, 0, 0, 497, 497, 3, 17.67%, 14, 25, 2, 9.58
1577949863, 0, 0, 498, 498, 3, 17.67%, 14, 25, 2, 8.76
1577949878, 0, 0, 500, 500, 3, 17.67%, 14, 25, 2, 8.96
1577949883, 0, 0, 502, 502, 3, 17.67%, 14, 25, 2, 8.31
1577949888, 0, 0, 503, 503, 3, 17.67%, 14, 25, 2, 8.81
1577949914, 0, 0, 504, 504, 3, 17.67%, 14, 25, 2, 8.27
1577949929, 0, 0, 505, 505, 3, 17.67%, 14, 25, 2, 6.86
1577949934, 0, 0, 506, 506, 3, 17.67%, 14, 25, 2, 6.17
1577950023, 0, 0, 507, 507, 3, 17.67%, 14, 25, 2, 10.73
1577950033, 0, 0, 508, 508, 3, 17.67%, 14, 25, 2, 10.47
1577950048, 0, 0, 509, 509, 3, 17.67%, 14, 25, 2, 10.48
1577950069, 0, 0, 510, 510, 3, 17.67%, 14, 25, 2, 10.46
1577950084, 0, 0, 511, 511, 3, 17.67%, 14, 25, 2, 10.76
1577950089, 0, 0, 513, 513, 3, 17.67%, 14, 25, 2, 11.14
1577950099, 0, 0, 515, 515, 3, 17.67%, 14, 25, 2, 10.59
1577950105, 0, 0, 517, 517, 3, 17.67%, 14, 25, 2, 9.02
1577950156, 0, 0, 518, 518, 3, 17.67%, 14, 25, 2, 11.72
1577950166, 0, 0, 519, 519, 3, 17.67%, 14, 25, 2, 11.79
1577950176, 0, 0, 520, 520, 3, 17.67%, 14, 25, 2, 11.80
1577950197, 0, 0, 522, 522, 3, 17.67%, 14, 25, 2, 11.85
1577950207, 0, 0, 523, 523, 3, 17.67%, 14, 25, 2, 11.82
1577950232, 0, 0, 525, 525, 3, 17.67%, 14, 25, 2, 12.33
1577950237, 0, 0, 526, 526, 3, 17.67%, 14, 25, 2, 11.98
1577950299, 0, 0, 529, 529, 3, 17.67%, 14, 25, 2, 11.95
1577950339, 0, 0, 530, 530, 3, 17.67%, 14, 25, 2, 11.94
1577950344, 0, 0, 531, 531, 3, 17.67%, 14, 25, 2, 11.98
1577950365, 0, 0, 533, 533, 3, 17.67%, 15, 25, 2, 12.04
1577950370, 0, 0, 536, 536, 3, 17.69%, 15, 25, 2, 11.83
1577950422, 0, 0, 537, 537, 3, 17.69%, 15, 25, 2, 12.07
1577950432, 0, 0, 539, 539, 3, 17.71%, 15, 25, 2, 11.90
1577950437, 0, 0, 541, 541, 3, 17.71%, 15, 25, 2, 12.05
1577950442, 0, 0, 542, 542, 3, 17.72%, 15, 25, 2, 12.07
1577950468, 0, 0, 543, 543, 3, 17.72%, 15, 25, 2, 12.02
1577950479, 0, 0, 546, 546, 3, 17.73%, 15, 25, 2, 12.07
1577950484, 0, 0, 548, 548, 3, 17.73%, 15, 25, 2, 12.07
1577950489, 0, 0, 549, 549, 3, 17.74%, 15, 25, 2, 12.03
1577950541, 0, 0, 550, 550, 3, 17.74%, 15, 25, 2, 12.05
1577950557, 0, 0, 551, 551, 3, 17.74%, 15, 25, 2, 12.06
1577950614, 0, 0, 552, 552, 3, 17.74%, 15, 25, 2, 11.97
1577950624, 0, 0, 554, 554, 3, 17.75%, 15, 25, 2, 11.96
1577950635, 0, 0, 555, 555, 3, 17.75%, 15, 25, 2, 12.09
1577950655, 0, 0, 557, 557, 3, 17.75%, 15, 25, 2, 12.04
1577950661, 0, 0, 559, 559, 3, 17.75%, 15, 25, 2, 12.05
1577950676, 0, 0, 560, 560, 3, 17.75%, 15, 25, 2, 12.03
1577950687, 0, 0, 562, 562, 3, 17.76%, 15, 25, 2, 12.04
1577950697, 0, 0, 563, 563, 3, 17.76%, 15, 25, 2, 12.07
1577950718, 0, 0, 564, 564, 3, 17.76%, 15, 25, 2, 12.06
1577950739, 0, 0, 565, 565, 3, 17.76%, 15, 25, 2, 12.10
1577950744, 0, 0, 566, 566, 3, 17.76%, 15, 25, 2, 12.10
1577950749, 0, 0, 568, 568, 3, 17.78%, 15, 25, 2, 12.11
1577950754, 0, 0, 569, 569, 3, 17.78%, 15, 25, 2, 12.10
1577950759, 0, 0, 570, 570, 3, 17.78%, 15, 25, 2, 12.03
1577950775, 0, 0, 571, 571, 3, 17.78%, 15, 25, 2, 12.08
1577950791, 0, 0, 572, 572, 3, 17.78%, 15, 25, 2, 12.09
1577950796, 0, 0, 574, 574, 3, 17.79%, 15, 25, 2, 12.04
1577950801, 0, 0, 576, 576, 3, 17.79%, 15, 25, 2, 12.08
1577950806, 0, 0, 578, 578, 3, 17.79%, 15, 25, 2, 12.10
1577950848, 0, 0, 579, 579, 3, 17.79%, 15, 25, 2, 12.03
1577950869, 0, 0, 580, 580, 3, 17.79%, 15, 25, 2, 12.08
1577950874, 0, 0, 581, 581, 3, 17.79%, 15, 25, 2, 12.08
1577950879, 0, 0, 583, 583, 3, 17.79%, 15, 25, 2, 11.99
1577950884, 0, 0, 584, 584, 3, 17.79%, 15, 25, 2, 12.08
1577950926, 0, 0, 585, 585, 3, 17.79%, 15, 25, 2, 12.06
1577950941, 0, 0, 587, 587, 3, 17.79%, 15, 25, 2, 11.99
1577950957, 0, 0, 588, 588, 3, 17.79%, 15, 25, 2, 12.10
1577950962, 0, 0, 589, 589, 3, 17.79%, 15, 25, 2, 11.96
1577950968, 0, 0, 591, 591, 3, 17.79%, 15, 25, 2, 12.02
1577951014, 0, 0, 592, 592, 3, 17.79%, 15, 25, 2, 12.07
1577951051, 0, 0, 593, 593, 3, 17.79%, 15, 25, 2, 12.05
1577951056, 0, 0, 595, 595, 3, 17.79%, 15, 25, 2, 12.06
1577951061, 0, 0, 597, 597, 3, 17.79%, 15, 25, 2, 12.02
1577951116, 0, 0, 598, 598, 3, 17.79%, 15, 25, 2, 12.01
1577951137, 0, 0, 601, 601, 3, 17.79%, 15, 25, 2, 11.99
1577951147, 0, 0, 602, 602, 3, 17.79%, 15, 25, 2, 11.93
1577951203, 0, 0, 603, 603, 3, 17.79%, 15, 25, 2, 12.00
1577951223, 0, 0, 605, 605, 3, 17.79%, 15, 25, 2, 12.19
1577951228, 0, 0, 606, 606, 3, 17.79%, 15, 25, 2, 12.08
1577951316, 0, 0, 607, 607, 3, 17.79%, 15, 25, 2, 12.83
1577951398, 0, 0, 608, 608, 3, 17.79%, 15, 25, 2, 12.61
1577951475, 0, 0, 609, 609, 3, 17.79%, 15, 25, 2, 12.73
1577951480, 0, 0, 611, 611, 3, 17.79%, 15, 25, 2, 12.64
1577951562, 0, 0, 612, 612, 3, 17.79%, 15, 25, 2, 12.66
1577951573, 0, 0, 614, 614, 3, 17.81%, 15, 25, 2, 12.47
1577951578, 0, 0, 617, 617, 3, 17.81%, 15, 25, 2, 12.50
1577951583, 0, 0, 618, 618, 3, 17.81%, 15, 25, 2, 12.84
1577951603, 0, 0, 619, 619, 3, 17.81%, 15, 25, 2, 12.60
1577951629, 0, 0, 623, 623, 3, 17.82%, 15, 25, 2, 12.73
1577951634, 0, 0, 624, 624, 3, 17.83%, 15, 25, 2, 12.80
1577951639, 0, 0, 628, 628, 3, 17.85%, 15, 25, 2, 12.76
1577951644, 0, 0, 629, 629, 3, 17.85%, 15, 25, 2, 12.76
1577951650, 0, 0, 630, 630, 3, 17.85%, 15, 25, 2, 12.81
1577951655, 0, 0, 631, 631, 3, 17.86%, 15, 25, 2, 12.78
1577951660, 0, 0, 635, 635, 3, 17.87%, 15, 25, 2, 12.74
1577951665, 0, 0, 637, 637, 3, 17.87%, 15, 25, 2, 12.77
1577951681, 0, 0, 639, 639, 3, 17.87%, 15, 25, 2, 12.93
1577951686, 0, 0, 641, 641, 3, 17.88%, 15, 25, 2, 12.95
1577951691, 0, 0, 643, 643, 3, 17.88%, 15, 25, 2, 12.86
1577951696, 0, 0, 644, 644, 3, 17.88%, 15, 25, 2, 12.94
1577951701, 0, 0, 646, 646, 3, 17.88%, 15, 25, 2, 12.96
1577951706, 0, 0, 648, 648, 3, 17.88%, 15, 25, 2, 12.82
1577951711, 0, 0, 649, 649, 3, 17.88%, 15, 25, 2, 12.84
1577951716, 0, 0, 651, 651, 3, 17.88%, 15, 25, 2, 12.87
1577951721, 0, 0, 653, 653, 3, 17.88%, 15, 25, 2, 12.92
1577951732, 0, 0, 654, 654, 3, 17.88%, 15, 25, 2, 12.65
1577951737, 0, 0, 655, 655, 3, 17.88%, 15, 25, 2, 12.83
1577951742, 0, 0, 658, 658, 3, 17.88%, 15, 25, 2, 12.96
1577951747, 0, 0, 659, 659, 3, 17.88%, 15, 25, 2, 12.94
1577951752, 0, 0, 661, 661, 3, 17.88%, 15, 25, 2, 12.82
1577951762, 0, 0, 662, 662, 3, 17.88%, 15, 25, 2, 12.94
1577951808, 0, 0, 663, 663, 3, 17.88%, 15, 25, 2, 12.76
1577951829, 0, 0, 664, 664, 3, 17.88%, 15, 25, 2, 12.64
1577951875, 0, 0, 665, 665, 3, 17.88%, 15, 25, 2, 12.85
1577951880, 0, 0, 666, 666, 3, 17.88%, 15, 25, 2, 12.85
1577951885, 0, 0, 667, 667, 3, 17.88%, 15, 25, 2, 12.80
1577951890, 0, 0, 668, 668, 3, 17.89%, 15, 25, 2, 12.61
1577951901, 0, 0, 670, 670, 3, 17.90%, 15, 25, 2, 12.65
1577951921, 0, 0, 672, 672, 3, 17.90%, 15, 25, 2, 12.65
1577951926, 0, 0, 673, 673, 3, 17.90%, 15, 25, 2, 12.86
1577951937, 0, 0, 674, 674, 3, 17.90%, 15, 25, 2, 12.95
1577951942, 0, 0, 675, 675, 3, 17.90%, 15, 25, 2, 12.64
1577951993, 0, 0, 677, 677, 3, 17.91%, 15, 25, 2, 12.79
1577951998, 0, 0, 681, 681, 3, 17.93%, 15, 25, 2, 12.82
1577952019, 0, 0, 682, 682, 3, 17.93%, 15, 25, 2, 10.67
1577952034, 0, 0, 684, 684, 3, 17.95%, 15, 25, 2, 12.48
1577952039, 0, 0, 686, 686, 3, 17.95%, 15, 25, 2, 12.78
1577952044, 0, 0, 687, 687, 3, 17.95%, 15, 25, 2, 12.62
1577952059, 0, 0, 688, 688, 3, 17.96%, 15, 25, 2, 12.93
1577952064, 0, 0, 689, 689, 3, 17.96%, 15, 25, 2, 12.89
1577952069, 0, 0, 692, 692, 3, 17.98%, 15, 25, 2, 12.97
1577952074, 0, 0, 693, 693, 3, 18.00%, 15, 25, 2, 13.08
1577952085, 0, 0, 697, 697, 3, 18.04%, 15, 25, 2, 13.00
1577952090, 0, 0, 700, 700, 3, 18.05%, 15, 25, 2, 12.86
1577952095, 0, 0, 703, 703, 3, 18.05%, 15, 25, 2, 13.02
1577952110, 0, 0, 705, 705, 3, 18.05%, 15, 25, 2, 12.85
1577952115, 0, 0, 706, 706, 3, 18.05%, 15, 25, 2, 12.92
1577952125, 0, 0, 708, 708, 3, 18.06%, 15, 25, 2, 12.99
1577952166, 0, 0, 710, 710, 3, 18.07%, 15, 25, 2, 12.04
1577952177, 0, 0, 711, 711, 3, 18.07%, 15, 25, 2, 12.69
1577952182, 0, 0, 714, 714, 3, 18.07%, 15, 25, 2, 12.88
1577952187, 0, 0, 715, 715, 3, 18.07%, 16, 25, 2, 13.96
1577952197, 0, 0, 716, 716, 3, 18.07%, 16, 25, 2, 13.17
1577952202, 0, 0, 719, 719, 3, 18.08%, 16, 25, 2, 12.96
1577952207, 0, 0, 723, 723, 3, 18.08%, 16, 25, 2, 12.96
1577952212, 0, 0, 725, 725, 3, 18.08%, 16, 25, 2, 12.81
1577952217, 0, 0, 727, 727, 3, 18.08%, 16, 25, 2, 12.55
1577952258, 0, 0, 729, 729, 3, 18.08%, 16, 25, 2, 12.69
1577952268, 0, 0, 731, 731, 3, 18.08%, 16, 25, 2, 12.68
1577952274, 0, 0, 732, 732, 3, 18.08%, 16, 25, 2, 12.75
1577952279, 0, 0, 734, 734, 3, 18.08%, 16, 25, 2, 12.84
1577952289, 0, 0, 735, 735, 3, 18.08%, 16, 25, 2, 12.53
1577952294, 0, 0, 738, 738, 3, 18.08%, 16, 25, 2, 11.82
1577952299, 0, 0, 740, 740, 3, 18.08%, 16, 25, 2, 10.51
1577952304, 0, 0, 741, 741, 3, 18.08%, 16, 25, 2, 11.59
1577952325, 0, 0, 742, 742, 3, 18.08%, 16, 25, 2, 12.96
1577952345, 0, 0, 743, 743, 3, 18.08%, 16, 25, 2, 10.06
1577952361, 0, 0, 744, 744, 3, 18.08%, 16, 25, 2, 12.66
1577952376, 0, 0, 747, 747, 3, 18.08%, 16, 25, 2, 12.95
1577952381, 0, 0, 749, 749, 3, 18.08%, 16, 25, 2, 12.98
1577952386, 0, 0, 750, 750, 3, 18.08%, 16, 25, 2, 12.75
1577952391, 0, 0, 751, 751, 3, 18.08%, 16, 25, 2, 12.96
1577952412, 0, 0, 752, 752, 3, 18.08%, 16, 25, 2, 12.93
1577952427, 0, 0, 753, 753, 3, 18.08%, 16, 25, 2, 13.03
1577952432, 0, 0, 755, 755, 3, 18.08%, 16, 25, 2, 12.99
1577952437, 0, 0, 757, 757, 3, 18.08%, 16, 25, 2, 12.89
1577952443, 0, 0, 758, 758, 3, 18.08%, 16, 25, 2, 12.73
1577952613, 0, 0, 762, 762, 3, 18.09%, 16, 25, 2, 12.64
1577952618, 0, 0, 763, 763, 3, 18.09%, 16, 25, 2, 12.66
1577952783, 0, 0, 767, 767, 3, 18.09%, 16, 25, 2, 12.79
1577952952, 0, 0, 768, 768, 3, 18.09%, 16, 25, 2, 12.78
1577952957, 0, 0, 770, 770, 3, 18.09%, 16, 25, 2, 12.78
1577953122, 0, 0, 772, 772, 3, 18.09%, 16, 25, 2, 12.71
1577953127, 0, 0, 773, 773, 3, 18.09%, 16, 25, 2, 12.87
1577953291, 0, 0, 775, 775, 3, 18.10%, 16, 25, 2, 12.92
1577953624, 0, 0, 777, 777, 3, 18.10%, 16, 25, 2, 12.56
1577953630, 0, 0, 778, 778, 3, 18.10%, 16, 25, 2, 12.71
1577953820, 0, 0, 780, 780, 3, 18.10%, 16, 25, 2, 12.72
1577953825, 0, 0, 781, 781, 3, 18.10%, 16, 25, 2, 11.70
1577954196, 0, 0, 782, 782, 3, 18.10%, 16, 25, 2, 12.06
1577954372, 0, 0, 783, 783, 3, 18.10%, 16, 25, 2, 12.20
1577954717, 0, 0, 784, 784, 3, 18.10%, 16, 25, 2, 12.10
1577954722, 0, 0, 785, 785, 3, 18.10%, 16, 25, 2, 12.06
1577955064, 0, 0, 788, 788, 3, 18.10%, 16, 25, 2, 12.82
1577955069, 0, 0, 789, 789, 3, 18.10%, 16, 25, 2, 12.86
1577955226, 0, 0, 792, 792, 3, 18.10%, 16, 25, 2, 13.18
1577955302, 0, 0, 794, 794, 3, 18.10%, 16, 25, 2, 13.16
1577955312, 0, 0, 796, 796, 3, 18.10%, 16, 25, 2, 13.14
1577955317, 0, 0, 797, 797, 3, 18.11%, 16, 25, 2, 13.14
1577955322, 0, 0, 799, 799, 3, 18.11%, 16, 25, 2, 13.16
1577955327, 0, 0, 801, 801, 3, 18.11%, 16, 25, 2, 13.17
1577955337, 0, 0, 803, 803, 3, 18.11%, 17, 25, 2, 13.19
1577955342, 0, 0, 805, 805, 3, 18.11%, 17, 25, 2, 13.34
1577955357, 0, 0, 806, 806, 3, 18.11%, 17, 25, 2, 13.15
1577955362, 0, 0, 808, 808, 3, 18.11%, 17, 25, 2, 13.17
1577955367, 0, 0, 809, 809, 3, 18.11%, 17, 25, 2, 13.35
1577955388, 0, 0, 810, 810, 3, 18.11%, 17, 25, 2, 13.08
1577955393, 0, 0, 811, 811, 3, 18.11%, 17, 25, 2, 12.60
1577955403, 0, 0, 813, 813, 3, 18.11%, 17, 25, 2, 13.09
1577955408, 0, 0, 815, 815, 3, 18.11%, 17, 25, 2, 13.17
1577955449, 0, 0, 816, 816, 3, 18.11%, 17, 25, 2, 13.21
1577955464, 0, 0, 818, 818, 3, 18.11%, 17, 25, 2, 13.18
1577955625, 0, 0, 819, 819, 3, 18.11%, 17, 25, 2, 13.18
1577955786, 0, 0, 821, 821, 3, 18.11%, 17, 25, 2, 13.18
1577956265, 0, 0, 822, 822, 3, 18.11%, 17, 25, 2, 13.17
1577956959, 0, 0, 823, 823, 3, 18.11%, 17, 25, 2, 10.92
1577957683, 0, 0, 824, 824, 3, 18.11%, 17, 25, 2, 11.69
1577957863, 0, 0, 825, 825, 3, 18.11%, 17, 25, 2, 11.79
1577958048, 0, 0, 826, 826, 3, 18.11%, 17, 25, 2, 11.56
1577958325, 0, 0, 828, 828, 3, 18.11%, 17, 25, 2, 11.79
1577958335, 0, 0, 829, 829, 3, 18.11%, 17, 25, 2, 11.48
1577958340, 0, 0, 830, 830, 3, 18.11%, 17, 25, 2, 11.24
1577958350, 0, 0, 831, 831, 3, 18.11%, 17, 25, 2, 11.72
1577958355, 0, 0, 832, 832, 3, 18.11%, 17, 25, 2, 11.51
1577958371, 0, 0, 833, 833, 3, 18.11%, 17, 25, 2, 11.72
1577958381, 0, 0, 834, 834, 3, 18.11%, 17, 25, 2, 11.54
1577958386, 0, 0, 835, 835, 3, 18.11%, 17, 25, 2, 11.80
1577958468, 0, 0, 836, 836, 3, 18.11%, 17, 25, 2, 11.70
1577958474, 0, 0, 840, 840, 3, 18.11%, 17, 25, 2, 11.74
1577958479, 0, 0, 841, 841, 3, 18.11%, 17, 25, 2, 11.85
1577958524, 0, 0, 842, 842, 3, 18.11%, 17, 25, 2, 11.76
1577958535, 0, 0, 843, 843, 3, 18.11%, 17, 25, 2, 11.64
1577958550, 0, 0, 845, 845, 3, 18.11%, 17, 25, 2, 11.96
1577958555, 0, 0, 847, 847, 3, 18.11%, 17, 25, 2, 11.79
1577958560, 0, 0, 848, 848, 3, 18.11%, 17, 25, 2, 11.95
1577958611, 0, 0, 849, 849, 3, 18.11%, 17, 25, 2, 12.00
1577958626, 0, 0, 850, 850, 3, 18.11%, 17, 25, 2, 11.96
1577958631, 0, 0, 853, 853, 3, 18.11%, 17, 25, 2, 11.91
1577958636, 0, 0, 854, 854, 3, 18.11%, 17, 25, 2, 11.95
1577958641, 0, 0, 855, 855, 3, 18.11%, 17, 25, 2, 11.74
1577958692, 0, 0, 856, 856, 3, 18.11%, 17, 25, 2, 11.57
1577958713, 0, 0, 858, 858, 3, 18.11%, 17, 25, 2, 11.84
1577958784, 0, 0, 859, 859, 3, 18.11%, 17, 25, 2, 11.96
1577958789, 0, 0, 861, 861, 3, 18.11%, 17, 25, 2, 11.97
1577958861, 0, 0, 862, 862, 3, 18.11%, 17, 25, 2, 11.97
1577958866, 0, 0, 863, 863, 3, 18.11%, 17, 25, 2, 11.70
1577958922, 0, 0, 864, 864, 3, 18.11%, 17, 25, 2, 11.67
1577958937, 0, 0, 865, 865, 3, 18.11%, 17, 25, 2, 11.97
1577958942, 0, 0, 866, 866, 3, 18.11%, 17, 25, 2, 11.84
1577959008, 0, 0, 867, 867, 3, 18.11%, 17, 25, 2, 11.67
1577959013, 0, 0, 868, 868, 3, 18.11%, 17, 25, 2, 11.58
1577959018, 0, 0, 870, 870, 3, 18.11%, 17, 25, 2, 11.76
1577959079, 0, 0, 871, 871, 3, 18.11%, 17, 25, 2, 11.59
1577959090, 0, 0, 872, 872, 3, 18.11%, 17, 25, 2, 11.62
1577959095, 0, 0, 873, 873, 3, 18.11%, 17, 25, 2, 11.70
1577959171, 0, 0, 874, 874, 3, 18.11%, 17, 25, 2, 10.89
1577959182, 0, 0, 875, 875, 3, 18.11%, 17, 25, 2, 11.17
1577959248, 0, 0, 876, 876, 3, 18.11%, 17, 25, 2, 11.13
1577959253, 0, 0, 877, 877, 3, 18.11%, 17, 25, 2, 11.60
1577959304, 0, 0, 878, 878, 3, 18.11%, 17, 25, 2, 11.47
1577959324, 0, 0, 879, 879, 3, 18.11%, 17, 25, 2, 11.91
1577959340, 0, 0, 880, 880, 3, 18.11%, 17, 25, 2, 11.89
1577959350, 0, 0, 882, 882, 3, 18.12%, 17, 25, 2, 11.99
1577959360, 0, 0, 883, 883, 3, 18.12%, 17, 25, 2, 12.29
1577959365, 0, 0, 884, 884, 3, 18.12%, 17, 25, 2, 12.48
1577959370, 0, 0, 885, 885, 3, 18.12%, 17, 25, 2, 12.54
1577959375, 0, 0, 886, 886, 3, 18.13%, 17, 25, 2, 12.17
1577959380, 0, 0, 888, 888, 3, 18.15%, 17, 25, 2, 11.92
1577959386, 0, 0, 889, 889, 3, 18.15%, 17, 25, 2, 11.99
1577959391, 0, 0, 892, 892, 3, 18.16%, 17, 25, 2, 11.97
1577959396, 0, 0, 894, 894, 3, 18.17%, 17, 25, 2, 11.89
1577959401, 0, 0, 898, 898, 3, 18.17%, 17, 25, 2, 11.80
1577959406, 0, 0, 900, 900, 3, 18.17%, 17, 25, 2, 11.88
1577959416, 0, 0, 901, 901, 3, 18.17%, 17, 25, 2, 11.89
1577959421, 0, 0, 902, 902, 3, 18.17%, 17, 25, 2, 11.55
1577959437, 0, 0, 903, 903, 3, 18.17%, 17, 25, 2, 11.56
1577959442, 0, 0, 904, 904, 3, 18.17%, 17, 25, 2, 11.76
1577959447, 0, 0, 905, 905, 3, 18.17%, 17, 25, 2, 11.74
1577959452, 0, 0, 906, 906, 3, 18.17%, 17, 25, 2, 11.95
1577959457, 0, 0, 907, 907, 3, 18.17%, 17, 25, 2, 11.68
1577959473, 0, 0, 908, 908, 3, 18.17%, 17, 25, 2, 12.00
1577959478, 0, 0, 909, 909, 3, 18.17%, 17, 25, 2, 11.95
1577959488, 0, 0, 911, 911, 3, 18.17%, 17, 25, 2, 11.89
1577959503, 0, 0, 912, 912, 3, 18.17%, 17, 25, 2, 11.93
1577959508, 0, 0, 913, 913, 3, 18.17%, 17, 25, 2, 11.89
1577959513, 0, 0, 914, 914, 3, 18.17%, 17, 25, 2, 11.96
1577959518, 0, 0, 916, 916, 3, 18.18%, 17, 25, 2, 11.95
1577959524, 0, 0, 917, 917, 3, 18.18%, 17, 25, 2, 11.71
1577959529, 0, 0, 918, 918, 3, 18.18%, 17, 25, 2, 11.87
1577959565, 0, 0, 919, 919, 3, 18.18%, 17, 25, 2, 11.81
1577959570, 0, 0, 921, 921, 3, 18.18%, 17, 25, 2, 11.78
1577959575, 0, 0, 922, 922, 3, 18.18%, 17, 25, 2, 11.85
1577959580, 0, 0, 923, 923, 3, 18.19%, 17, 25, 2, 11.86
1577959697, 0, 0, 924, 924, 3, 18.19%, 17, 25, 2, 10.72
1577959702, 0, 0, 925, 925, 3, 18.19%, 17, 25, 2, 10.06
1577959893, 0, 0, 927, 927, 3, 18.19%, 17, 25, 2, 10.51
1577959898, 0, 0, 928, 928, 3, 18.19%, 17, 25, 2, 10.83
1577959903, 0, 0, 929, 929, 3, 18.19%, 17, 25, 2, 10.70
1577959913, 0, 0, 930, 930, 3, 18.19%, 17, 25, 2, 11.63
1577959929, 0, 0, 931, 931, 3, 18.19%, 17, 25, 2, 11.57
1577959949, 0, 0, 932, 932, 3, 18.19%, 17, 25, 2, 11.62
1577959969, 0, 0, 933, 933, 3, 18.19%, 17, 25, 2, 11.76
1577960000, 0, 0, 935, 935, 3, 18.19%, 17, 25, 2, 11.80
1577960005, 0, 0, 937, 937, 3, 18.20%, 17, 25, 2, 11.73
1577960036, 0, 0, 938, 938, 3, 18.20%, 17, 25, 2, 11.91
1577960057, 0, 0, 939, 939, 3, 18.20%, 17, 25, 2, 11.80
1577960107, 0, 0, 940, 940, 3, 18.20%, 17, 25, 2, 12.03
1577960118, 0, 0, 942, 942, 3, 18.20%, 17, 25, 2, 12.68
1577960128, 0, 0, 943, 943, 3, 18.20%, 17, 25, 2, 12.60
1577960169, 0, 0, 944, 944, 3, 18.20%, 17, 25, 2, 11.86
1577960235, 0, 0, 945, 945, 3, 18.20%, 17, 25, 2, 11.95
1577960241, 0, 0, 946, 946, 3, 18.20%, 17, 25, 2, 11.88
1577960251, 0, 0, 948, 948, 3, 18.20%, 17, 25, 2, 11.96
1577960261, 0, 0, 949, 949, 3, 18.20%, 17, 25, 2, 11.96
1577960287, 0, 0, 950, 950, 3, 18.21%, 17, 25, 2, 11.88
1577960435, 0, 0, 951, 951, 3, 18.21%, 17, 25, 2, 10.11
1577960538, 0, 0, 952, 952, 3, 18.21%, 17, 25, 2, 11.15
1577960548, 0, 0, 953, 953, 3, 18.21%, 17, 25, 2, 11.52
1577960553, 0, 0, 954, 954, 3, 18.24%, 17, 25, 2, 11.76
1577960610, 0, 0, 955, 955, 3, 18.24%, 17, 25, 2, 11.92
1577960630, 0, 0, 956, 956, 3, 18.25%, 17, 25, 2, 11.85
1577960671, 0, 0, 957, 957, 3, 18.25%, 17, 25, 2, 9.98
1577961077, 0, 0, 958, 958, 3, 18.25%, 17, 25, 2, 10.98
1577961082, 0, 0, 959, 959, 3, 18.25%, 17, 25, 2, 10.90
1577961087, 0, 0, 960, 960, 3, 18.26%, 17, 25, 2, 10.77
1577961092, 0, 0, 961, 961, 3, 18.26%, 17, 25, 2, 10.08
1577961097, 0, 0, 963, 963, 3, 18.27%, 17, 25, 2, 9.90
1577961144, 0, 0, 965, 965, 3, 18.27%, 17, 25, 2, 10.47
1577961149, 0, 0, 966, 966, 3, 18.27%, 17, 25, 2, 9.70
1577961169, 0, 0, 967, 967, 3, 18.27%, 17, 25, 2, 10.07
1577961185, 0, 0, 968, 968, 3, 18.27%, 17, 25, 2, 10.58
1577961195, 0, 0, 969, 969, 3, 18.27%, 17, 25, 2, 10.63
1577961262, 0, 0, 970, 970, 3, 18.27%, 17, 25, 2, 10.38
1577961467, 0, 0, 971, 971, 3, 18.27%, 17, 25, 2, 9.58
1577962806, 0, 0, 972, 972, 3, 18.27%, 17, 25, 2, 12.15
1577962935, 0, 0, 974, 974, 3, 18.27%, 17, 25, 2, 12.25
1577962945, 0, 0, 975, 975, 3, 18.27%, 17, 25, 2, 11.94
1577962950, 0, 0, 977, 977, 3, 18.28%, 17, 25, 2, 12.01
1577962960, 0, 0, 978, 978, 3, 18.28%, 17, 25, 2, 11.93
1577962991, 0, 0, 979, 979, 3, 18.28%, 17, 25, 2, 11.93
1577963180, 0, 0, 980, 980, 3, 18.28%, 17, 25, 2, 11.78
1577963380, 0, 0, 981, 981, 3, 18.28%, 17, 25, 2, 11.98
1577963385, 0, 0, 982, 982, 3, 18.28%, 17, 25, 2, 11.95
1577963395, 0, 0, 983, 983, 3, 18.28%, 17, 25, 2, 12.04
1577963915, 0, 0, 984, 984, 3, 18.28%, 17, 25, 2, 7.28
1577963920, 0, 0, 985, 985, 3, 18.29%, 17, 25, 2, 7.67
1577963930, 0, 0, 986, 986, 3, 18.29%, 17, 25, 2, 9.01
1577963935, 0, 0, 987, 987, 3, 18.29%, 17, 25, 2, 8.15
1577963940, 0, 0, 989, 989, 3, 18.30%, 17, 25, 2, 9.18
1577964008, 0, 0, 990, 990, 3, 18.30%, 17, 25, 2, 7.91
1577964023, 0, 0, 991, 991, 3, 18.31%, 17, 25, 2, 11.35
1577964074, 0, 0, 992, 992, 3, 18.31%, 17, 25, 2, 10.56
1577964080, 0, 0, 993, 993, 3, 18.31%, 17, 25, 2, 11.06
1577964085, 0, 0, 995, 995, 3, 18.31%, 17, 25, 2, 11.38
1577964182, 0, 0, 996, 996, 3, 18.31%, 17, 25, 2, 12.00
1577964540, 0, 0, 997, 997, 3, 18.31%, 17, 25, 2, 11.98
1577964679, 0, 0, 998, 998, 3, 18.31%, 17, 25, 2, 12.05
1577964837, 0, 0, 999, 999, 3, 18.31%, 17, 25, 2, 11.81
1577964981, 0, 0, 1000, 1000, 3, 18.31%, 17, 25, 2, 11.90
1577965191, 0, 0, 1001, 1001, 3, 18.31%, 17, 25, 2, 7.55
1577965745, 0, 0, 1002, 1002, 3, 18.31%, 17, 25, 2, 11.67
1577965851, 0, 0, 1004, 1004, 3, 18.31%, 17, 25, 2, 12.05
1577965861, 0, 0, 1005, 1005, 3, 18.31%, 17, 25, 2, 11.75
1577965937, 0, 0, 1006, 1006, 3, 18.31%, 17, 25, 2, 11.80
1577965988, 0, 0, 1007, 1007, 3, 18.32%, 17, 25, 2, 11.87
1577966232, 0, 0, 1008, 1008, 3, 18.32%, 17, 25, 2, 13.00
1577966586, 0, 0, 1009, 1009, 3, 18.32%, 17, 25, 2, 12.92
1577966596, 0, 0, 1010, 1010, 3, 18.32%, 17, 25, 2, 12.90
1577966688, 0, 0, 1011, 1011, 3, 18.32%, 17, 25, 2, 12.97
1577966708, 0, 0, 1012, 1012, 3, 18.32%, 17, 25, 2, 13.08
1577966819, 0, 0, 1013, 1013, 3, 18.32%, 17, 25, 2, 13.01
1577966829, 0, 0, 1014, 1014, 3, 18.32%, 17, 25, 2, 13.07
1577966854, 0, 0, 1015, 1015, 3, 18.32%, 17, 25, 2, 13.03
1577966930, 0, 0, 1017, 1017, 3, 18.32%, 17, 25, 2, 13.10
1577966941, 0, 0, 1019, 1019, 3, 18.32%, 17, 25, 2, 13.14
1577966951, 0, 0, 1020, 1020, 3, 18.33%, 17, 25, 2, 13.08
1577967011, 0, 0, 1021, 1021, 3, 18.33%, 17, 25, 2, 13.06
1577967198, 0, 0, 1022, 1022, 3, 18.33%, 17, 25, 2, 13.04
1577967274, 0, 0, 1023, 1023, 3, 18.33%, 17, 25, 2, 13.06
1577967952, 0, 0, 1024, 1024, 3, 18.33%, 17, 25, 2, 13.22
1577969069, 0, 0, 1025, 1025, 3, 18.33%, 17, 25, 2, 11.74
1577969151, 0, 0, 1026, 1026, 3, 18.33%, 17, 25, 2, 12.01
1577969156, 0, 0, 1027, 1027, 3, 18.33%, 17, 25, 2, 12.04
1577969167, 0, 0, 1028, 1028, 3, 18.33%, 17, 25, 2, 12.06
1577969992, 0, 0, 1029, 1029, 3, 18.33%, 17, 25, 2, 12.38
1577970146, 0, 0, 1030, 1030, 3, 18.33%, 17, 25, 2, 12.39
1577970535, 0, 0, 1033, 1033, 3, 18.33%, 17, 25, 2, 12.60
1577970545, 0, 0, 1034, 1034, 3, 18.33%, 17, 25, 2, 12.70
1577971045, 0, 0, 1035, 1035, 3, 18.33%, 17, 25, 2, 11.99
1577971061, 0, 0, 1037, 1037, 3, 18.33%, 17, 25, 2, 11.76
1577972149, 0, 0, 1038, 1038, 3, 18.33%, 17, 25, 2, 11.85
1577972533, 0, 0, 1039, 1039, 3, 18.33%, 17, 25, 2, 12.01
1577972631, 0, 0, 1040, 1040, 3, 18.33%, 17, 25, 2, 12.16
1577972787, 0, 0, 1041, 1041, 3, 18.33%, 17, 25, 2, 12.17
1577972937, 0, 0, 1042, 1042, 3, 18.33%, 17, 25, 2, 12.00
1577973093, 0, 0, 1043, 1043, 3, 18.33%, 17, 25, 2, 12.17
1577973316, 0, 0, 1044, 1044, 3, 18.33%, 17, 25, 2, 11.94
1577973539, 0, 0, 1045, 1045, 3, 18.33%, 17, 25, 2, 12.14
1577973643, 0, 0, 1046, 1046, 3, 18.33%, 17, 25, 2, 11.76
1577973814, 0, 0, 1047, 1047, 3, 18.33%, 17, 25, 2, 12.14
1577973923, 0, 0, 1048, 1048, 3, 18.33%, 17, 25, 2, 12.18
1577974037, 0, 0, 1049, 1049, 3, 18.33%, 17, 25, 2, 12.12
1577974089, 0, 0, 1050, 1050, 3, 18.33%, 17, 25, 2, 12.06
1577974187, 0, 0, 1051, 1051, 3, 18.33%, 17, 25, 2, 12.15
1577974213, 0, 0, 1052, 1052, 3, 18.33%, 17, 25, 2, 12.14
1577974348, 0, 0, 1053, 1053, 3, 18.33%, 17, 25, 2, 11.96
1577974512, 0, 0, 1054, 1054, 3, 18.33%, 17, 25, 2, 11.92
1577974671, 0, 0, 1055, 1055, 3, 18.33%, 17, 25, 2, 11.90
1577974906, 0, 0, 1056, 1056, 3, 18.33%, 17, 25, 2, 11.93
1577975136, 0, 0, 1057, 1057, 3, 18.33%, 17, 25, 2, 11.70
1577975309, 0, 0, 1058, 1058, 3, 18.33%, 17, 25, 2, 11.93
1577975426, 0, 0, 1059, 1059, 3, 18.33%, 17, 25, 2, 12.10
1577975540, 0, 0, 1060, 1060, 3, 18.33%, 17, 25, 2, 12.03
1577975653, 0, 0, 1061, 1061, 3, 18.33%, 17, 25, 2, 11.35
1577976865, 0, 0, 1062, 1062, 3, 18.33%, 17, 25, 2, 12.78
1577977424, 0, 0, 1063, 1063, 3, 18.33%, 17, 25, 2, 11.20
1577977429, 0, 0, 1064, 1064, 3, 18.33%, 17, 25, 2, 10.90
1577977593, 0, 0, 1065, 1065, 3, 18.33%, 17, 25, 2, 11.18
1577977876, 0, 0, 1066, 1066, 3, 18.33%, 17, 25, 2, 12.80
1577977882, 0, 0, 1067, 1067, 3, 18.33%, 17, 25, 2, 12.51
1577978915, 0, 0, 1068, 1068, 3, 18.33%, 17, 25, 2, 11.82
1577979014, 0, 0, 1069, 1069, 3, 18.33%, 17, 25, 2, 9.16
1577982322, 0, 0, 1070, 1070, 3, 18.33%, 17, 25, 2, 12.05
1577982353, 0, 0, 1071, 1071, 3, 18.33%, 17, 25, 2, 12.54
1577983089, 0, 0, 1073, 1073, 3, 18.33%, 17, 25, 2, 10.58
1577983095, 0, 0, 1074, 1074, 3, 18.33%, 17, 25, 2, 10.61
1577983115, 0, 0, 1075, 1075, 3, 18.33%, 17, 25, 2, 10.22
1577983125, 0, 0, 1076, 1076, 3, 18.33%, 17, 25, 2, 10.52
1577983233, 0, 0, 1078, 1078, 3, 18.34%, 17, 25, 2, 12.36
1577983244, 0, 0, 1079, 1079, 3, 18.34%, 17, 25, 2, 15.28
1577983249, 0, 0, 1082, 1082, 3, 18.34%, 17, 25, 2, 17.12
1577983259, 0, 0, 1085, 1085, 3, 18.36%, 17, 25, 2, 16.07
1577983264, 0, 0, 1087, 1087, 3, 18.37%, 17, 25, 2, 16.05
1577983269, 0, 0, 1089, 1089, 3, 18.37%, 17, 25, 2, 15.06
1577983274, 0, 0, 1091, 1091, 3, 18.37%, 17, 25, 2, 14.50
1577983279, 0, 0, 1093, 1093, 3, 18.37%, 17, 25, 2, 14.65
1577983289, 0, 0, 1095, 1095, 3, 18.37%, 17, 25, 2, 14.82
1577983300, 0, 0, 1097, 1097, 3, 18.37%, 17, 25, 2, 14.33
1577983305, 0, 0, 1098, 1098, 3, 18.37%, 17, 25, 2, 14.51
1577983310, 0, 0, 1100, 1100, 3, 18.37%, 17, 25, 2, 15.82
1577983315, 0, 0, 1101, 1101, 3, 18.37%, 17, 25, 2, 15.71
1577983320, 0, 0, 1102, 1102, 3, 18.37%, 17, 25, 2, 16.10
1577983325, 0, 0, 1104, 1104, 3, 18.37%, 17, 25, 2, 16.22
1577983341, 0, 0, 1106, 1106, 3, 18.37%, 17, 25, 2, 16.00
1577983366, 0, 0, 1107, 1107, 3, 18.37%, 17, 25, 2, 13.58
1577983371, 0, 0, 1108, 1108, 3, 18.37%, 17, 25, 2, 12.97
1577983376, 0, 0, 1109, 1109, 3, 18.37%, 17, 25, 2, 16.17
1577983382, 0, 0, 1110, 1110, 3, 18.37%, 17, 25, 2, 14.38
1577983387, 0, 0, 1111, 1111, 3, 18.37%, 17, 25, 2, 13.82
1577983402, 0, 0, 1112, 1112, 3, 18.37%, 17, 25, 2, 14.14
1577983448, 0, 0, 1114, 1114, 3, 18.37%, 17, 25, 2, 15.82
1577983484, 0, 0, 1115, 1115, 3, 18.37%, 17, 25, 2, 15.50
1577983489, 0, 0, 1116, 1116, 3, 18.38%, 17, 25, 2, 16.73
1577983494, 0, 0, 1118, 1118, 3, 18.38%, 17, 25, 2, 15.33
1577983499, 0, 0, 1120, 1120, 3, 18.38%, 17, 25, 2, 14.15
1577983530, 0, 0, 1121, 1121, 3, 18.38%, 17, 25, 2, 14.27
1577983535, 0, 0, 1125, 1125, 3, 18.38%, 17, 25, 2, 16.10
1577983540, 0, 0, 1127, 1127, 3, 18.38%, 18, 25, 2, 17.18
1577983545, 0, 0, 1128, 1128, 3, 18.38%, 18, 25, 2, 17.12
1577983550, 0, 0, 1133, 1133, 3, 18.38%, 18, 25, 2, 16.07
1577983556, 0, 0, 1134, 1134, 3, 18.39%, 18, 25, 2, 16.11
1577983561, 0, 0, 1137, 1137, 3, 18.39%, 21, 25, 2, 16.68
1577983566, 0, 0, 1138, 1138, 3, 18.39%, 21, 25, 2, 15.97
1577983571, 0, 0, 1140, 1140, 3, 18.39%, 21, 25, 2, 17.00
1577983576, 0, 0, 1141, 1141, 3, 18.39%, 21, 25, 2, 16.62
1577983587, 0, 0, 1143, 1143, 3, 18.39%, 21, 25, 2, 16.77
1577983592, 0, 0, 1144, 1144, 3, 18.39%, 21, 25, 2, 16.27
1577983597, 0, 0, 1146, 1146, 3, 18.39%, 21, 25, 2, 16.26
1577983602, 0, 0, 1147, 1147, 3, 18.39%, 21, 25, 2, 16.17
1577983607, 0, 0, 1148, 1148, 3, 18.39%, 22, 25, 2, 15.81
1577983612, 0, 0, 1150, 1150, 3, 18.39%, 22, 25, 2, 16.72
1577983622, 0, 0, 1151, 1151, 3, 18.39%, 22, 25, 2, 16.08
1577983627, 0, 0, 1152, 1152, 3, 18.39%, 22, 25, 2, 16.53
1577983638, 0, 0, 1154, 1154, 3, 18.39%, 22, 25, 2, 16.94
1577983648, 0, 0, 1155, 1155, 3, 18.39%, 22, 25, 2, 16.34
1577983653, 0, 0, 1158, 1158, 3, 18.39%, 22, 25, 2, 16.20
1577983658, 0, 0, 1159, 1159, 3, 18.39%, 22, 25, 2, 15.87
1577983663, 0, 0, 1160, 1160, 3, 18.39%, 22, 25, 2, 15.62
1577983668, 0, 0, 1161, 1161, 3, 18.39%, 22, 25, 2, 16.44
1577983679, 0, 0, 1162, 1162, 3, 18.39%, 22, 25, 2, 16.32
1577983684, 0, 0, 1163, 1163, 3, 18.39%, 24, 25, 2, 16.26
1577983689, 0, 0, 1164, 1164, 3, 18.39%, 24, 25, 2, 16.94
1577983704, 0, 0, 1165, 1165, 3, 18.39%, 24, 25, 2, 16.50
1577983714, 0, 0, 1167, 1167, 3, 18.39%, 24, 25, 2, 16.68
1577983725, 0, 0, 1168, 1168, 3, 18.39%, 24, 25, 2, 16.80
1577983750, 0, 0, 1169, 1169, 3, 18.39%, 24, 25, 2, 14.86
1577983765, 0, 0, 1171, 1171, 3, 18.39%, 24, 25, 2, 15.31
1577983771, 0, 0, 1173, 1173, 3, 18.39%, 24, 25, 2, 15.31
1577983781, 0, 0, 1176, 1176, 3, 18.39%, 24, 25, 2, 13.94
1577983796, 0, 0, 1177, 1177, 3, 18.39%, 24, 25, 2, 14.26
1577983811, 0, 0, 1179, 1179, 3, 18.39%, 24, 25, 2, 14.52
1577983816, 0, 0, 1183, 1183, 3, 18.40%, 24, 25, 2, 16.39
1577983822, 0, 0, 1184, 1184, 3, 18.40%, 24, 25, 2, 17.46
1577983827, 0, 0, 1185, 1185, 3, 18.40%, 24, 25, 2, 16.91
1577983832, 0, 0, 1187, 1187, 3, 18.40%, 24, 25, 2, 16.67
1577983837, 0, 0, 1188, 1188, 3, 18.40%, 25, 25, 2, 16.93
1577983852, 0, 0, 1189, 1189, 3, 18.40%, 25, 25, 2, 16.72
1577983878, 0, 0, 1190, 1190, 3, 18.40%, 25, 25, 2, 16.00
1577983888, 0, 0, 1191, 1191, 3, 18.40%, 25, 25, 2, 16.57
1577983934, 0, 0, 1192, 1192, 3, 18.40%, 25, 25, 2, 16.55
1577983944, 0, 0, 1193, 1193, 3, 18.40%, 25, 25, 2, 17.18
1577983949, 0, 0, 1194, 1194, 3, 18.40%, 25, 25, 2, 16.66
1577983990, 0, 0, 1195, 1195, 3, 18.40%, 25, 25, 2, 16.84
1577983995, 0, 0, 1196, 1196, 3, 18.40%, 25, 25, 2, 14.64
1577984000, 0, 0, 1198, 1198, 3, 18.40%, 25, 25, 2, 15.27
1577984020, 0, 0, 1199, 1199, 3, 18.40%, 25, 25, 2, 15.31
1577984030, 0, 0, 1200, 1200, 3, 18.40%, 25, 25, 2, 14.23
1577984036, 0, 0, 1201, 1201, 3, 18.40%, 25, 25, 2, 16.82
1577984041, 0, 0, 1203, 1203, 3, 18.40%, 25, 25, 2, 16.83
1577984046, 0, 0, 1204, 1204, 3, 18.40%, 25, 25, 2, 16.96
1577984051, 0, 0, 1205, 1205, 3, 18.40%, 25, 25, 2, 16.56
1577984056, 0, 0, 1205, 1205, 3, 18.40%, 26, 25, 2, 16.63
1577984076, 0, 0, 1206, 1206, 3, 18.40%, 26, 25, 2, 16.93
1577984081, 0, 0, 1207, 1207, 3, 18.40%, 26, 25, 2, 16.58
1577984102, 0, 0, 1209, 1209, 3, 18.40%, 26, 25, 2, 17.19
1577984117, 0, 0, 1211, 1211, 3, 18.40%, 26, 25, 2, 16.47
1577984148, 0, 0, 1212, 1212, 3, 18.40%, 26, 25, 2, 16.45
1577984153, 0, 0, 1215, 1215, 3, 18.40%, 26, 25, 2, 15.08
1577984169, 0, 0, 1217, 1217, 3, 18.40%, 26, 25, 2, 14.22
1577984174, 0, 0, 1218, 1218, 3, 18.40%, 27, 25, 2, 17.10
1577984179, 0, 0, 1220, 1220, 3, 18.40%, 28, 25, 2, 19.07
1577984184, 0, 0, 1222, 1222, 3, 18.40%, 28, 25, 2, 19.90
1577984189, 0, 0, 1223, 1223, 3, 18.40%, 30, 25, 2, 20.48
1577984194, 0, 0, 1224, 1224, 3, 18.40%, 30, 25, 2, 19.02
1577984199, 0, 0, 1226, 1226, 3, 18.40%, 30, 25, 2, 16.91
1577984204, 0, 0, 1228, 1228, 3, 18.40%, 30, 25, 2, 17.05
1577984209, 0, 0, 1231, 1231, 3, 18.40%, 30, 25, 2, 16.98
1577984215, 0, 0, 1233, 1233, 3, 18.40%, 30, 25, 2, 17.86
1577984220, 0, 0, 1234, 1234, 3, 18.40%, 30, 25, 2, 18.46
1577984230, 0, 0, 1236, 1236, 3, 18.40%, 30, 25, 2, 17.67
1577984246, 0, 0, 1238, 1238, 3, 18.40%, 30, 25, 2, 18.27
1577984256, 0, 0, 1239, 1239, 3, 18.41%, 30, 25, 2, 17.23
1577984277, 0, 0, 1240, 1240, 3, 18.41%, 30, 25, 2, 16.61
1577984292, 0, 0, 1242, 1242, 3, 18.41%, 30, 25, 2, 16.56
1577984298, 0, 0, 1243, 1243, 3, 18.41%, 30, 25, 2, 14.34
1577984333, 0, 0, 1244, 1244, 3, 18.41%, 30, 25, 2, 13.70
1577984364, 0, 0, 1245, 1245, 3, 18.41%, 30, 25, 2, 16.20
1577984384, 0, 0, 1246, 1246, 3, 18.41%, 30, 25, 2, 14.95
1577984415, 0, 0, 1248, 1248, 3, 18.41%, 30, 25, 2, 15.02
1577984420, 0, 0, 1249, 1249, 3, 18.41%, 30, 25, 2, 16.80
1577984431, 0, 0, 1250, 1250, 3, 18.41%, 30, 25, 2, 14.03
1577984461, 0, 0, 1251, 1251, 3, 18.41%, 30, 25, 2, 13.85
1577984467, 0, 0, 1255, 1255, 3, 18.41%, 30, 25, 2, 14.97
1577984472, 0, 0, 1257, 1257, 3, 18.41%, 30, 25, 2, 16.15
1577984477, 0, 0, 1258, 1258, 3, 18.41%, 30, 25, 2, 15.83
1577984482, 0, 0, 1260, 1260, 3, 18.41%, 30, 25, 2, 15.66
1577984487, 0, 0, 1260, 1260, 3, 18.41%, 31, 25, 2, 16.45
1577984518, 0, 0, 1261, 1261, 3, 18.41%, 34, 25, 2, 15.78
1577984523, 0, 0, 1262, 1262, 3, 18.41%, 34, 25, 2, 15.28
1577984549, 0, 0, 1263, 1263, 3, 18.41%, 35, 25, 2, 16.19
1577984585, 0, 0, 1264, 1264, 3, 18.41%, 35, 25, 2, 16.35
1577984590, 0, 0, 1265, 1265, 3, 18.41%, 35, 25, 2, 15.86
1577984621, 0, 0, 1266, 1266, 3, 18.41%, 35, 25, 2, 16.30
1577984626, 0, 0, 1267, 1267, 3, 18.41%, 35, 25, 2, 15.47
1577984657, 0, 0, 1268, 1268, 3, 18.41%, 35, 25, 2, 16.06
1577984688, 0, 0, 1269, 1269, 3, 18.41%, 35, 25, 2, 15.79
1577984729, 0, 0, 1270, 1270, 3, 18.41%, 35, 25, 2, 14.93
1577984765, 0, 0, 1271, 1271, 3, 18.41%, 35, 25, 2, 15.75
1577984785, 0, 0, 1272, 1272, 3, 18.41%, 35, 25, 2, 16.18
1577984795, 0, 0, 1273, 1273, 3, 18.41%, 35, 25, 2, 15.89
1577984811, 0, 0, 1274, 1274, 3, 18.41%, 35, 25, 2, 15.38
1577984980, 0, 0, 1275, 1275, 3, 18.41%, 35, 25, 2, 16.28
1577985016, 0, 0, 1276, 1276, 3, 18.41%, 35, 25, 2, 16.01
1577985046, 0, 0, 1277, 1277, 3, 18.41%, 35, 25, 2, 15.87
1577985052, 0, 0, 1278, 1278, 3, 18.41%, 35, 25, 2, 14.90
1577985072, 0, 0, 1278, 1278, 3, 18.41%, 36, 25, 2, 16.32
1577985087, 0, 0, 1279, 1279, 3, 18.41%, 36, 25, 2, 15.76
1577985237, 0, 0, 1280, 1280, 3, 18.41%, 36, 25, 2, 15.80
1577985268, 0, 0, 1281, 1281, 3, 18.41%, 36, 25, 2, 15.77
1577985375, 0, 0, 1282, 1282, 3, 18.41%, 37, 25, 2, 14.33
1577985380, 0, 0, 1283, 1283, 3, 18.42%, 37, 25, 2, 16.50
1577985386, 0, 0, 1284, 1284, 3, 18.42%, 37, 25, 2, 14.31
1577985391, 0, 0, 1286, 1286, 3, 18.42%, 37, 25, 2, 13.61
1577985396, 0, 0, 1287, 1287, 3, 18.42%, 37, 25, 2, 14.07
1577985411, 0, 0, 1288, 1288, 3, 18.42%, 37, 25, 2, 14.13
1577985422, 0, 0, 1289, 1289, 3, 18.42%, 37, 25, 2, 13.97
1577985427, 0, 0, 1290, 1290, 3, 18.42%, 38, 25, 2, 15.15
1577985432, 0, 0, 1292, 1292, 3, 18.42%, 38, 25, 2, 16.04
1577985437, 0, 0, 1294, 1294, 3, 18.42%, 38, 25, 2, 15.98
1577985442, 0, 0, 1297, 1297, 3, 18.42%, 38, 25, 2, 15.47
1577985447, 0, 0, 1302, 1302, 3, 18.43%, 38, 25, 2, 16.22
1577985452, 0, 0, 1306, 1306, 3, 18.44%, 38, 25, 2, 15.67
1577985457, 0, 0, 1309, 1309, 3, 18.44%, 38, 25, 2, 15.78
1577985462, 0, 0, 1311, 1311, 3, 18.44%, 38, 25, 2, 15.44
1577985467, 0, 0, 1313, 1313, 3, 18.44%, 39, 25, 2, 16.96
1577985472, 0, 0, 1316, 1316, 3, 18.44%, 39, 25, 2, 17.09
1577985478, 0, 0, 1317, 1317, 3, 18.45%, 40, 25, 2, 16.26
1577985483, 0, 0, 1320, 1320, 3, 18.45%, 41, 25, 2, 15.87
1577985498, 0, 0, 1321, 1321, 3, 18.45%, 41, 25, 2, 15.38
1577985508, 0, 0, 1322, 1322, 3, 18.45%, 41, 25, 2, 15.74
1577985519, 0, 0, 1324, 1324, 3, 18.45%, 41, 25, 2, 15.14
1577985524, 0, 0, 1325, 1325, 3, 18.45%, 41, 25, 2, 15.66
1577985534, 0, 0, 1326, 1326, 3, 18.45%, 41, 25, 2, 15.34
1577985549, 0, 0, 1328, 1328, 3, 18.45%, 41, 25, 2, 15.53
1577985555, 0, 0, 1330, 1330, 3, 18.45%, 41, 25, 2, 15.98
1577985560, 0, 0, 1331, 1331, 3, 18.45%, 41, 25, 2, 15.25
1577985585, 0, 0, 1332, 1332, 3, 18.45%, 41, 25, 2, 16.09
1577985590, 0, 0, 1334, 1334, 3, 18.45%, 42, 25, 2, 16.46
1577985595, 0, 0, 1335, 1335, 3, 18.45%, 42, 25, 2, 15.93
1577985600, 0, 0, 1337, 1337, 3, 18.45%, 42, 25, 2, 16.48
1577985606, 0, 0, 1339, 1339, 3, 18.45%, 42, 25, 2, 16.20
1577985611, 0, 0, 1340, 1340, 3, 18.45%, 43, 25, 2, 17.06
1577985621, 0, 0, 1341, 1341, 3, 18.45%, 43, 25, 2, 16.90
1577985631, 0, 0, 1342, 1342, 3, 18.45%, 43, 25, 2, 15.68
1577985647, 0, 0, 1343, 1343, 3, 18.45%, 43, 25, 2, 16.30
1577985657, 0, 0, 1344, 1344, 3, 18.45%, 43, 25, 2, 15.93
1577985673, 0, 0, 1345, 1345, 3, 18.45%, 43, 25, 2, 16.25
1577985688, 0, 0, 1346, 1346, 3, 18.45%, 43, 25, 2, 16.12
1577985699, 0, 0, 1347, 1347, 3, 18.45%, 44, 25, 2, 16.43
1577985709, 0, 0, 1348, 1348, 3, 18.45%, 44, 25, 2, 15.66
1577985714, 0, 0, 1349, 1349, 3, 18.45%, 44, 25, 2, 15.69
1577985719, 0, 0, 1350, 1350, 3, 18.45%, 44, 25, 2, 15.49
1577985724, 0, 0, 1351, 1351, 3, 18.45%, 44, 25, 2, 16.08
1577985734, 0, 0, 1352, 1352, 3, 18.45%, 44, 25, 2, 15.56
1577985740, 0, 0, 1354, 1354, 3, 18.45%, 44, 25, 2, 15.53
1577985745, 0, 0, 1355, 1355, 3, 18.45%, 44, 25, 2, 15.72
1577985760, 0, 0, 1356, 1356, 3, 18.45%, 44, 25, 2, 15.45
1577985765, 0, 0, 1357, 1357, 3, 18.45%, 44, 25, 2, 14.51
1577985770, 0, 0, 1358, 1358, 3, 18.45%, 44, 25, 2, 14.73
1577985781, 0, 0, 1360, 1360, 3, 18.45%, 44, 25, 2, 14.37
1577985791, 0, 0, 1361, 1361, 3, 18.45%, 44, 25, 2, 15.16
1577985807, 0, 0, 1363, 1363, 3, 18.45%, 44, 25, 2, 15.82
1577985812, 0, 0, 1364, 1364, 3, 18.45%, 44, 25, 2, 15.86
1577985827, 0, 0, 1365, 1365, 3, 18.45%, 44, 25, 2, 15.34
1577985837, 0, 0, 1366, 1366, 3, 18.45%, 44, 25, 2, 15.22
1577985909, 0, 0, 1367, 1367, 3, 18.45%, 44, 25, 2, 15.48
1577985971, 0, 0, 1368, 1368, 3, 18.45%, 44, 25, 2, 15.42
1577985981, 0, 0, 1369, 1369, 3, 18.45%, 44, 25, 2, 15.93
1577985997, 0, 0, 1370, 1370, 3, 18.45%, 44, 25, 2, 15.73
1577986002, 0, 0, 1372, 1372, 3, 18.45%, 44, 25, 2, 15.51
1577986017, 0, 0, 1373, 1373, 3, 18.45%, 44, 25, 2, 15.17
1577986027, 0, 0, 1375, 1375, 3, 18.45%, 44, 25, 2, 2.79
1577986038, 0, 0, 1377, 1377, 3, 18.45%, 44, 25, 2, 12.47
1577986043, 0, 0, 1378, 1378, 3, 18.45%, 44, 25, 2, 13.72
1577986053, 0, 0, 1379, 1379, 3, 18.45%, 44, 25, 2, 15.73
1577986058, 0, 0, 1380, 1380, 3, 18.45%, 44, 25, 2, 15.87
1577986063, 0, 0, 1381, 1381, 3, 18.45%, 44, 25, 2, 16.09
1577986068, 0, 0, 1382, 1382, 3, 18.45%, 44, 25, 2, 16.17
1577986084, 0, 0, 1383, 1383, 3, 18.45%, 44, 25, 2, 16.26
1577986094, 0, 0, 1384, 1384, 3, 18.45%, 44, 25, 2, 16.04
1577986114, 0, 0, 1385, 1385, 3, 18.45%, 44, 25, 2, 16.23
1577986125, 0, 0, 1386, 1386, 3, 18.45%, 44, 25, 2, 16.40
1577986130, 0, 0, 1387, 1387, 3, 18.45%, 44, 25, 2, 16.09
1577986165, 0, 0, 1388, 1388, 3, 18.45%, 44, 25, 2, 16.06
1577986170, 0, 0, 1389, 1389, 3, 18.45%, 44, 25, 2, 16.99
1577986181, 0, 0, 1390, 1390, 3, 18.45%, 44, 25, 2, 15.42
1577986201, 0, 0, 1391, 1391, 3, 18.45%, 44, 25, 2, 14.89
1577986211, 0, 0, 1392, 1392, 3, 18.45%, 44, 25, 2, 15.11
1577986216, 0, 0, 1393, 1393, 3, 18.45%, 44, 25, 2, 17.23
1577986227, 0, 0, 1394, 1394, 3, 18.45%, 44, 25, 2, 16.76
1577986232, 0, 0, 1394, 1394, 3, 18.45%, 45, 25, 2, 16.31
1577986339, 0, 0, 1395, 1395, 3, 18.45%, 45, 25, 2, 14.73
1577986349, 0, 0, 1396, 1396, 3, 18.45%, 45, 25, 2, 14.88
1577986359, 0, 0, 1397, 1397, 3, 18.45%, 45, 25, 2, 14.81
1577986400, 0, 0, 1398, 1398, 3, 18.45%, 45, 25, 2, 16.29
1577986405, 0, 0, 1399, 1399, 3, 18.45%, 45, 25, 2, 16.62
1577986436, 0, 0, 1401, 1401, 3, 18.45%, 45, 25, 2, 15.80
1577986441, 0, 0, 1402, 1402, 3, 18.45%, 45, 25, 2, 16.23
1577986451, 0, 0, 1404, 1404, 3, 18.45%, 45, 25, 2, 16.10
1577986497, 0, 0, 1405, 1405, 3, 18.45%, 45, 25, 2, 16.06
1577986502, 0, 0, 1407, 1407, 3, 18.45%, 45, 25, 2, 14.73
1577986512, 0, 0, 1409, 1409, 3, 18.46%, 45, 25, 2, 15.91
1577986522, 0, 0, 1410, 1410, 3, 18.46%, 45, 25, 2, 15.68
1577986548, 0, 0, 1411, 1411, 3, 18.46%, 45, 25, 2, 15.30
1577986553, 0, 0, 1414, 1414, 3, 18.47%, 45, 25, 2, 16.38
1577986558, 0, 0, 1416, 1416, 3, 18.47%, 45, 25, 2, 14.82
1577986573, 0, 0, 1419, 1419, 3, 18.47%, 45, 25, 2, 15.06
1577986578, 0, 0, 1422, 1422, 3, 18.47%, 45, 25, 2, 14.08
1577986584, 0, 0, 1423, 1423, 3, 18.47%, 45, 25, 2, 13.38
1577986589, 0, 0, 1424, 1424, 3, 18.47%, 45, 25, 2, 13.40
1577986614, 0, 0, 1427, 1427, 3, 18.47%, 45, 25, 2, 14.62
1577986619, 0, 0, 1428, 1428, 3, 18.47%, 45, 25, 2, 13.40
1577986650, 0, 0, 1430, 1430, 3, 18.47%, 45, 25, 2, 15.66
1577986676, 0, 0, 1431, 1431, 3, 18.47%, 45, 25, 2, 15.34
1577986696, 0, 0, 1432, 1432, 3, 18.47%, 45, 25, 2, 14.33
1577986701, 0, 0, 1433, 1433, 3, 18.47%, 45, 25, 2, 13.51
1577986746, 0, 0, 1434, 1434, 3, 18.47%, 45, 25, 2, 13.56
1577986772, 0, 0, 1435, 1435, 3, 18.47%, 45, 25, 2, 13.14
1577986802, 0, 0, 1437, 1437, 3, 18.47%, 45, 25, 2, 15.40
1577986940, 0, 0, 1438, 1438, 3, 18.47%, 45, 25, 2, 14.47
1577986991, 0, 0, 1439, 1439, 3, 18.47%, 45, 25, 2, 12.16
1577987022, 0, 0, 1439, 1439, 3, 18.47%, 46, 25, 2, 12.86
1577987062, 0, 0, 1440, 1440, 3, 18.47%, 46, 25, 2, 14.31
1577987114, 0, 0, 1441, 1441, 3, 18.47%, 46, 25, 2, 13.87
1577987221, 0, 0, 1442, 1442, 3, 18.47%, 46, 25, 2, 12.87
1577987272, 0, 0, 1443, 1443, 3, 18.47%, 46, 25, 2, 10.16
1577987277, 0, 0, 1444, 1444, 3, 18.47%, 46, 25, 2, 12.01
1577987410, 0, 0, 1446, 1446, 3, 18.47%, 46, 25, 2, 15.31
1577987466, 0, 0, 1447, 1447, 3, 18.47%, 46, 25, 2, 14.40
1577987702, 0, 0, 1448, 1448, 3, 18.47%, 46, 25, 2, 15.55
1577987722, 0, 0, 1449, 1449, 3, 18.47%, 46, 25, 2, 13.55
1577987727, 0, 0, 1450, 1450, 3, 18.47%, 46, 25, 2, 13.05
1577987784, 0, 0, 1451, 1451, 3, 18.47%, 46, 25, 2, 15.25
1577987789, 0, 0, 1453, 1453, 3, 18.47%, 46, 25, 2, 13.99
1577987820, 0, 0, 1454, 1454, 3, 18.47%, 46, 25, 2, 13.56
1577987835, 0, 0, 1455, 1455, 3, 18.47%, 46, 25, 2, 15.76
1577987840, 0, 0, 1456, 1456, 3, 18.47%, 46, 25, 2, 15.97
1577987902, 0, 0, 1458, 1458, 3, 18.47%, 46, 25, 2, 13.64
1577987907, 0, 0, 1459, 1459, 3, 18.47%, 46, 25, 2, 16.16
1577987927, 0, 0, 1460, 1460, 3, 18.47%, 46, 25, 2, 13.92
1577987963, 0, 0, 1461, 1461, 3, 18.47%, 46, 25, 2, 15.95
1577987978, 0, 0, 1462, 1462, 3, 18.47%, 46, 25, 2, 15.51
1577987999, 0, 0, 1463, 1463, 3, 18.47%, 46, 25, 2, 16.04
1577988051, 0, 0, 1464, 1464, 3, 18.47%, 46, 25, 2, 15.39
1577988061, 0, 0, 1465, 1465, 3, 18.47%, 46, 25, 2, 13.41
1577988066, 0, 0, 1466, 1466, 3, 18.48%, 46, 25, 2, 16.36
1577988076, 0, 0, 1467, 1467, 3, 18.48%, 46, 25, 2, 13.69
1577988117, 0, 0, 1468, 1468, 3, 18.48%, 46, 25, 2, 14.09
1577988122, 0, 0, 1469, 1469, 3, 18.48%, 46, 25, 2, 14.76
1577988138, 0, 0, 1470, 1470, 3, 18.48%, 46, 25, 2, 10.41
1577988179, 0, 0, 1471, 1471, 3, 18.48%, 46, 25, 2, 11.51
1577988184, 0, 0, 1472, 1472, 3, 18.48%, 46, 25, 2, 14.75
1577988199, 0, 0, 1473, 1473, 3, 18.48%, 46, 25, 2, 13.01
1577988260, 0, 0, 1474, 1474, 3, 18.48%, 46, 25, 2, 13.67
1577988332, 0, 0, 1475, 1475, 3, 18.49%, 46, 25, 2, 13.36
1577988337, 0, 0, 1477, 1477, 3, 18.49%, 46, 25, 2, 13.77
1577988342, 0, 0, 1478, 1478, 3, 18.49%, 46, 25, 2, 12.49
1577988352, 0, 0, 1479, 1479, 3, 18.49%, 46, 25, 2, 12.65
1577988388, 0, 0, 1480, 1480, 3, 18.49%, 46, 25, 2, 13.60
1577988398, 0, 0, 1481, 1481, 3, 18.49%, 46, 25, 2, 12.72
1577988404, 0, 0, 1482, 1482, 3, 18.49%, 46, 25, 2, 13.20
1577988419, 0, 0, 1483, 1483, 3, 18.49%, 46, 25, 2, 13.77
1577988424, 0, 0, 1484, 1484, 3, 18.49%, 46, 25, 2, 14.14
1577988445, 0, 0, 1485, 1485, 3, 18.50%, 46, 25, 2, 13.11
1577988450, 0, 0, 1487, 1487, 3, 18.51%, 46, 25, 2, 14.58
1577988455, 0, 0, 1488, 1488, 3, 18.51%, 46, 25, 2, 12.68
1577988460, 0, 0, 1490, 1490, 3, 18.51%, 46, 25, 2, 12.70
1577988465, 0, 0, 1491, 1491, 3, 18.51%, 46, 25, 2, 13.20
1577988496, 0, 0, 1492, 1492, 3, 18.51%, 46, 25, 2, 12.40
1577988512, 0, 0, 1493, 1493, 3, 18.51%, 46, 25, 2, 13.72
1577988527, 0, 0, 1494, 1494, 3, 18.51%, 46, 25, 2, 13.72
1577988537, 0, 0, 1495, 1495, 3, 18.51%, 46, 25, 2, 13.49
1577988563, 0, 0, 1496, 1496, 3, 18.51%, 46, 25, 2, 12.33
1577988598, 0, 0, 1497, 1497, 3, 18.51%, 46, 25, 2, 11.19
1577988603, 0, 0, 1498, 1498, 3, 18.52%, 46, 25, 2, 14.59
1577988608, 0, 0, 1499, 1499, 3, 18.52%, 46, 25, 2, 13.22
1577988614, 0, 0, 1501, 1501, 3, 18.52%, 46, 25, 2, 13.95
1577988619, 0, 0, 1504, 1504, 3, 18.52%, 46, 25, 2, 11.97
1577988624, 0, 0, 1507, 1507, 3, 18.52%, 46, 25, 2, 13.99
1577988650, 0, 0, 1509, 1509, 3, 18.52%, 46, 25, 2, 12.93
1577988665, 0, 0, 1510, 1510, 3, 18.52%, 46, 25, 2, 12.41
1577988706, 0, 0, 1511, 1511, 3, 18.52%, 46, 25, 2, 14.00
1577988711, 0, 0, 1511, 1511, 3, 18.52%, 47, 25, 2, 14.51
1577988727, 0, 0, 1511, 1511, 3, 18.52%, 48, 25, 2, 14.48
1577988778, 0, 0, 1511, 1511, 3, 18.52%, 49, 25, 2, 13.48
1577988845, 0, 0, 1512, 1512, 3, 18.52%, 49, 25, 2, 16.70
1577988855, 0, 0, 1513, 1513, 3, 18.52%, 49, 25, 2, 14.71
1577988870, 0, 0, 1514, 1514, 3, 18.52%, 49, 25, 2, 12.43
1577988891, 0, 0, 1515, 1515, 3, 18.52%, 49, 25, 2, 12.06
1577988906, 0, 0, 1516, 1516, 3, 18.52%, 49, 25, 2, 13.99
1577989076, 0, 0, 1517, 1517, 3, 18.52%, 49, 25, 2, 11.47
1577989081, 0, 0, 1518, 1518, 3, 18.52%, 49, 25, 2, 13.06
1577989091, 0, 0, 1519, 1519, 3, 18.52%, 49, 25, 2, 13.87
1577989101, 0, 0, 1520, 1520, 3, 18.52%, 49, 25, 2, 14.11
1577989270, 0, 0, 1521, 1521, 3, 18.52%, 49, 25, 2, 13.23
1577989311, 0, 0, 1523, 1523, 3, 18.52%, 49, 25, 2, 14.61
1577989332, 0, 0, 1523, 1523, 3, 18.52%, 50, 25, 2, 13.65
1577989352, 0, 0, 1524, 1524, 3, 18.52%, 50, 25, 2, 13.64
1577989700, 0, 0, 1525, 1525, 3, 18.52%, 50, 25, 2, 14.36
1577989705, 0, 0, 1526, 1526, 3, 18.52%, 50, 25, 2, 15.67
1577989756, 0, 0, 1528, 1528, 3, 18.52%, 50, 25, 2, 16.32
1577989761, 0, 0, 1529, 1529, 3, 18.52%, 50, 25, 2, 16.35
1577989792, 0, 0, 1530, 1530, 3, 18.52%, 50, 25, 2, 13.35
1577989802, 0, 0, 1532, 1532, 3, 18.52%, 50, 25, 2, 14.57
1577989807, 0, 0, 1533, 1533, 3, 18.52%, 50, 25, 2, 14.23
1577989812, 0, 0, 1534, 1534, 3, 18.52%, 50, 25, 2, 15.45
1577989858, 0, 0, 1536, 1536, 3, 18.52%, 50, 25, 2, 15.14
1577989873, 0, 0, 1537, 1537, 3, 18.52%, 50, 25, 2, 15.85
1577989894, 0, 0, 1538, 1538, 3, 18.52%, 50, 25, 2, 16.34
1577989899, 0, 0, 1539, 1539, 3, 18.52%, 50, 25, 2, 14.46
1577989904, 0, 0, 1540, 1540, 3, 18.52%, 50, 25, 2, 13.99
1577989919, 0, 0, 1541, 1541, 3, 18.52%, 50, 25, 2, 14.60
1577989945, 0, 0, 1542, 1542, 3, 18.52%, 50, 25, 2, 13.81
1577989955, 0, 0, 1543, 1543, 3, 18.52%, 50, 25, 2, 14.72
1577989996, 0, 0, 1544, 1544, 3, 18.52%, 50, 25, 2, 14.54
1577990001, 0, 0, 1545, 1545, 3, 18.52%, 50, 25, 2, 14.01
1577990006, 0, 0, 1547, 1547, 3, 18.52%, 50, 25, 2, 15.40
1577990016, 0, 0, 1548, 1548, 3, 18.52%, 50, 25, 2, 15.26
1577990027, 0, 0, 1549, 1549, 3, 18.52%, 50, 25, 2, 14.64
1577990042, 0, 0, 1550, 1550, 3, 18.52%, 50, 25, 2, 13.71
1577990053, 0, 0, 1551, 1551, 3, 18.52%, 50, 25, 2, 12.98
1577990098, 0, 0, 1552, 1552, 3, 18.52%, 50, 25, 2, 12.86
1577990109, 0, 0, 1553, 1553, 3, 18.52%, 50, 25, 2, 14.24
1577990124, 0, 0, 1554, 1554, 3, 18.52%, 50, 25, 2, 13.35
1577990196, 0, 0, 1555, 1555, 3, 18.52%, 50, 25, 2, 15.10
1577990212, 0, 0, 1556, 1556, 3, 18.52%, 50, 25, 2, 14.09
1577990273, 0, 0, 1557, 1557, 3, 18.52%, 50, 25, 2, 15.27
1577990293, 0, 0, 1559, 1559, 3, 18.52%, 50, 25, 2, 16.39
1577990304, 0, 0, 1561, 1561, 3, 18.52%, 50, 25, 2, 13.89
1577990309, 0, 0, 1562, 1562, 3, 18.52%, 50, 25, 2, 14.92
1577990355, 0, 0, 1563, 1563, 3, 18.52%, 50, 25, 2, 15.21
1577990365, 0, 0, 1564, 1564, 3, 18.52%, 50, 25, 2, 16.13
1577990391, 0, 0, 1565, 1565, 3, 18.52%, 50, 25, 2, 16.59
1577990401, 0, 0, 1566, 1566, 3, 18.52%, 50, 25, 2, 13.70
1577990406, 0, 0, 1567, 1567, 3, 18.52%, 50, 25, 2, 14.38
1577990417, 0, 0, 1568, 1568, 3, 18.52%, 50, 25, 2, 14.26
1577990422, 0, 0, 1569, 1569, 3, 18.52%, 50, 25, 2, 14.32
1577990488, 0, 0, 1570, 1570, 3, 18.52%, 50, 25, 2, 14.62
1577990498, 0, 0, 1571, 1571, 3, 18.52%, 50, 25, 2, 12.10
1577990508, 0, 0, 1572, 1572, 3, 18.52%, 50, 25, 2, 12.14
1577990560, 0, 0, 1573, 1573, 3, 18.52%, 50, 25, 2, 12.92
1577990601, 0, 0, 1576, 1576, 3, 18.52%, 50, 25, 2, 13.29
1577990606, 0, 0, 1578, 1578, 3, 18.53%, 50, 25, 2, 13.36
1577990611, 0, 0, 1580, 1580, 3, 18.53%, 50, 25, 2, 11.60
1577990616, 0, 0, 1583, 1583, 3, 18.53%, 50, 25, 2, 13.32
1577990663, 0, 0, 1586, 1586, 3, 18.53%, 50, 25, 2, 15.42
1577990668, 0, 0, 1587, 1587, 3, 18.53%, 50, 25, 2, 15.94
1577990673, 0, 0, 1588, 1588, 3, 18.53%, 50, 25, 2, 15.66
1577990678, 0, 0, 1589, 1589, 3, 18.53%, 50, 25, 2, 15.71
1577990688, 0, 0, 1591, 1591, 3, 18.54%, 51, 25, 2, 22.85
1577990693, 0, 0, 1593, 1593, 3, 18.55%, 51, 25, 2, 21.44
1577990698, 0, 0, 1594, 1594, 3, 18.55%, 51, 25, 2, 21.28
1577990703, 0, 0, 1595, 1595, 3, 18.55%, 52, 25, 2, 19.88
1577990708, 0, 0, 1600, 1600, 3, 18.55%, 53, 25, 2, 17.77
1577990714, 0, 0, 1602, 1602, 3, 18.61%, 53, 25, 2, 16.35
1577990719, 0, 0, 1605, 1605, 3, 18.63%, 55, 25, 2, 21.88
1577990724, 0, 0, 1610, 1610, 3, 18.67%, 55, 25, 2, 23.09
1577990729, 0, 0, 1613, 1613, 3, 18.70%, 55, 25, 2, 17.61
1577990734, 0, 0, 1617, 1617, 3, 18.70%, 55, 25, 2, 15.86
1577990744, 0, 0, 1618, 1618, 3, 18.70%, 55, 25, 2, 16.05
1577990749, 0, 0, 1620, 1620, 3, 18.70%, 55, 25, 2, 15.53
1577990760, 0, 0, 1623, 1623, 3, 18.71%, 55, 25, 2, 16.67
1577990775, 0, 0, 1626, 1626, 3, 18.71%, 56, 25, 2, 16.08
1577990780, 0, 0, 1627, 1627, 3, 18.71%, 56, 25, 2, 13.87
1577990790, 0, 0, 1629, 1629, 3, 18.71%, 56, 25, 2, 19.64
1577990796, 0, 0, 1632, 1632, 3, 18.71%, 56, 25, 2, 17.52
1577990811, 0, 0, 1634, 1634, 3, 18.71%, 56, 25, 2, 15.97
1577990821, 0, 0, 1635, 1635, 3, 18.71%, 56, 25, 2, 16.36
1577990826, 0, 0, 1637, 1637, 3, 18.71%, 56, 25, 2, 15.90
1577990836, 0, 0, 1639, 1639, 3, 18.71%, 56, 25, 2, 16.40
1577990841, 0, 0, 1640, 1640, 3, 18.71%, 56, 25, 2, 15.74
1577990846, 0, 0, 1641, 1641, 3, 18.71%, 56, 25, 2, 21.11
1577990852, 0, 0, 1643, 1643, 3, 18.71%, 56, 25, 2, 19.25
1577990857, 0, 0, 1644, 1644, 3, 18.71%, 56, 25, 2, 16.53
1577990867, 0, 0, 1645, 1645, 3, 18.71%, 56, 25, 2, 16.74
1577990882, 0, 0, 1648, 1648, 3, 18.72%, 56, 25, 2, 15.37
1577990893, 0, 0, 1649, 1649, 3, 18.72%, 56, 25, 2, 16.60
1577990898, 0, 0, 1650, 1650, 3, 18.72%, 56, 25, 2, 16.12
1577990908, 0, 0, 1651, 1651, 3, 18.72%, 56, 25, 2, 15.66
1577990939, 0, 0, 1652, 1652, 3, 18.72%, 57, 25, 2, 15.96
1577990949, 0, 0, 1653, 1653, 3, 18.72%, 57, 25, 2, 16.62
1577991067, 0, 0, 1655, 1655, 3, 18.72%, 57, 25, 2, 14.64
1577991072, 0, 0, 1658, 1658, 3, 18.73%, 57, 25, 2, 15.39
1577991078, 0, 0, 1660, 1660, 3, 18.73%, 57, 25, 2, 15.65
1577991088, 0, 0, 1663, 1663, 3, 18.74%, 57, 25, 2, 15.73
1577991093, 0, 0, 1664, 1664, 3, 18.74%, 57, 25, 2, 15.63
1577991103, 0, 0, 1665, 1665, 3, 18.74%, 57, 25, 2, 15.33
1577991113, 0, 0, 1666, 1666, 3, 18.74%, 57, 25, 2, 16.10
1577991119, 0, 0, 1666, 1666, 3, 18.74%, 59, 25, 2, 16.72
1577991124, 0, 0, 1670, 1670, 3, 18.75%, 59, 25, 2, 15.85
1577991129, 0, 0, 1671, 1671, 3, 18.75%, 62, 25, 2, 15.80
1577991134, 0, 0, 1675, 1675, 3, 18.76%, 63, 25, 2, 15.47
1577991139, 0, 0, 1678, 1678, 3, 18.77%, 63, 25, 2, 15.49
1577991144, 0, 0, 1680, 1680, 3, 18.77%, 63, 25, 2, 15.50
1577991149, 0, 0, 1683, 1683, 3, 18.77%, 63, 25, 2, 15.45
1577991154, 0, 0, 1685, 1685, 3, 18.77%, 63, 25, 2, 15.61
1577991159, 0, 0, 1686, 1686, 3, 18.77%, 63, 25, 2, 15.31
1577991165, 0, 0, 1688, 1688, 3, 18.77%, 64, 25, 2, 15.84
1577991170, 0, 0, 1692, 1692, 3, 18.77%, 64, 25, 2, 15.19
1577991175, 0, 0, 1693, 1693, 3, 18.77%, 64, 25, 2, 15.61
1577991180, 0, 0, 1695, 1695, 3, 18.77%, 64, 25, 2, 16.08
1577991185, 0, 0, 1697, 1697, 3, 18.77%, 64, 25, 2, 15.79
1577991190, 0, 0, 1698, 1698, 3, 18.77%, 64, 25, 2, 16.41
1577991200, 0, 0, 1698, 1698, 3, 18.77%, 65, 25, 2, 15.68
1577991211, 0, 0, 1698, 1698, 3, 18.77%, 66, 25, 2, 15.42
1577991226, 0, 0, 1698, 1698, 3, 18.77%, 67, 25, 2, 17.20
1577991242, 0, 0, 1699, 1699, 3, 18.77%, 67, 25, 2, 16.66
1577991247, 0, 0, 1700, 1700, 3, 18.77%, 67, 25, 2, 16.50
1577991252, 0, 0, 1702, 1702, 3, 18.77%, 71, 25, 2, 16.13
1577991257, 0, 0, 1703, 1703, 3, 18.77%, 71, 25, 2, 14.11
1577991267, 0, 0, 1703, 1703, 3, 18.77%, 72, 25, 2, 13.91
1577991272, 0, 0, 1704, 1704, 3, 18.77%, 72, 25, 2, 13.28
1577991293, 0, 0, 1705, 1705, 3, 18.77%, 72, 25, 2, 12.65
1577991298, 0, 0, 1706, 1706, 3, 18.77%, 72, 25, 2, 13.18
1577991421, 0, 0, 1707, 1707, 3, 18.77%, 72, 25, 2, 13.56
1577991426, 0, 0, 1709, 1709, 3, 18.77%, 72, 25, 2, 13.97
1577991432, 0, 0, 1710, 1710, 3, 18.77%, 72, 25, 2, 14.56
1577991447, 0, 0, 1711, 1711, 3, 18.77%, 72, 25, 2, 13.76
1577991452, 0, 0, 1712, 1712, 3, 18.77%, 72, 25, 2, 14.72
1577991483, 0, 0, 1713, 1713, 3, 18.77%, 72, 25, 2, 13.99
1577991498, 0, 0, 1714, 1714, 3, 18.77%, 72, 25, 2, 15.08
1577991559, 0, 0, 1715, 1715, 3, 18.77%, 72, 25, 2, 15.47
1577991565, 0, 0, 1716, 1716, 3, 18.77%, 72, 25, 2, 15.52
1577991580, 0, 0, 1717, 1717, 3, 18.77%, 72, 25, 2, 14.06
1577991585, 0, 0, 1718, 1718, 3, 18.77%, 72, 25, 2, 14.78
1577991590, 0, 0, 1719, 1719, 3, 18.77%, 72, 25, 2, 13.89
1577991682, 0, 0, 1720, 1720, 3, 18.77%, 72, 25, 2, 14.91
1577991687, 0, 0, 1721, 1721, 3, 18.77%, 72, 25, 2, 15.69
1577991718, 0, 0, 1722, 1722, 3, 18.77%, 72, 25, 2, 14.91
1577991748, 0, 0, 1723, 1723, 3, 18.77%, 72, 25, 2, 15.60
1577991764, 0, 0, 1724, 1724, 3, 18.77%, 72, 25, 2, 15.82
1577991815, 0, 0, 1725, 1725, 3, 18.77%, 72, 25, 2, 14.23
1577991820, 0, 0, 1726, 1726, 3, 18.77%, 72, 25, 2, 14.63
1577991835, 0, 0, 1727, 1727, 3, 18.77%, 72, 25, 2, 14.73
1577991845, 0, 0, 1728, 1728, 3, 18.77%, 72, 25, 2, 15.18
1577991865, 0, 0, 1729, 1729, 3, 18.77%, 72, 25, 2, 15.05
1577991942, 0, 0, 1730, 1730, 3, 18.77%, 72, 25, 2, 14.70
1577991962, 0, 0, 1731, 1731, 3, 18.77%, 72, 25, 2, 14.61
1577991972, 0, 0, 1732, 1732, 3, 18.77%, 72, 25, 2, 15.12
1577992069, 0, 0, 1733, 1733, 3, 18.77%, 72, 25, 2, 14.37
1577992084, 0, 0, 1734, 1734, 3, 18.77%, 72, 25, 2, 14.97
1577992089, 0, 0, 1735, 1735, 3, 18.77%, 72, 25, 2, 15.29
1577992094, 0, 0, 1736, 1736, 3, 18.77%, 72, 25, 2, 14.69
1577992099, 0, 0, 1737, 1737, 3, 18.77%, 72, 25, 2, 14.67
1577992119, 0, 0, 1738, 1738, 3, 18.77%, 72, 25, 2, 15.25
1577992140, 0, 0, 1739, 1739, 3, 18.77%, 72, 25, 2, 16.06
1577992160, 0, 0, 1740, 1740, 3, 18.77%, 72, 25, 2, 15.91
1577992170, 0, 0, 1741, 1741, 3, 18.77%, 72, 25, 2, 15.71
1577992191, 0, 0, 1743, 1743, 3, 18.77%, 72, 25, 2, 14.13
1577992196, 0, 0, 1744, 1744, 3, 18.78%, 72, 25, 2, 16.92
1577992201, 0, 0, 1745, 1745, 3, 18.78%, 72, 25, 2, 14.46
1577992206, 0, 0, 1746, 1746, 3, 18.78%, 72, 25, 2, 13.70
1577992211, 0, 0, 1750, 1750, 3, 18.78%, 72, 25, 2, 15.31
1577992221, 0, 0, 1751, 1751, 3, 18.78%, 72, 25, 2, 15.43
1577992231, 0, 0, 1754, 1754, 3, 18.78%, 72, 25, 2, 14.74
1577992237, 0, 0, 1756, 1756, 3, 18.78%, 72, 25, 2, 15.24
1577992242, 0, 0, 1759, 1759, 3, 18.81%, 72, 25, 2, 14.93
1577992247, 0, 0, 1760, 1760, 3, 18.81%, 72, 25, 2, 13.55
1577992403, 0, 0, 1762, 1762, 3, 18.81%, 72, 25, 2, 13.89
1577992564, 0, 0, 1765, 1765, 3, 18.81%, 72, 25, 2, 15.00
1577992665, 0, 0, 1767, 1767, 3, 18.81%, 72, 25, 2, 14.74
1577992681, 0, 0, 1768, 1768, 3, 18.81%, 72, 25, 2, 16.56
1577992686, 0, 0, 1770, 1770, 3, 18.82%, 73, 25, 2, 16.07
1577992696, 0, 0, 1771, 1771, 3, 18.82%, 73, 25, 2, 16.23
1577992701, 0, 0, 1772, 1772, 3, 18.82%, 73, 25, 2, 16.08
1577992716, 0, 0, 1773, 1773, 3, 18.82%, 74, 25, 2, 16.31
1577992737, 0, 0, 1774, 1774, 3, 18.82%, 74, 25, 2, 16.14
1577992742, 0, 0, 1775, 1775, 3, 18.82%, 74, 25, 2, 16.28
1577992768, 0, 0, 1777, 1777, 3, 18.82%, 74, 25, 2, 16.20
1577992773, 0, 0, 1778, 1778, 3, 18.82%, 74, 25, 2, 15.12
1577992813, 0, 0, 1779, 1779, 3, 18.82%, 74, 25, 2, 16.61
1577992819, 0, 0, 1780, 1780, 3, 18.82%, 74, 25, 2, 17.60
1577992824, 0, 0, 1783, 1783, 3, 18.82%, 75, 25, 2, 17.22
1577992829, 0, 0, 1784, 1784, 3, 18.82%, 75, 25, 2, 16.98
1577992839, 0, 0, 1786, 1786, 3, 18.82%, 75, 25, 2, 15.98
1577992849, 0, 0, 1787, 1787, 3, 18.82%, 75, 25, 2, 15.65
1577992854, 0, 0, 1788, 1788, 3, 18.82%, 75, 25, 2, 15.89
1577992859, 0, 0, 1790, 1790, 3, 18.82%, 75, 25, 2, 16.52
1577992865, 0, 0, 1791, 1791, 3, 18.82%, 75, 25, 2, 15.93
1577992875, 0, 0, 1792, 1792, 3, 18.82%, 75, 25, 2, 16.19
1577992885, 0, 0, 1793, 1793, 3, 18.82%, 75, 25, 2, 15.87
1577992901, 0, 0, 1794, 1794, 3, 18.82%, 75, 25, 2, 16.19
1577992992, 0, 0, 1795, 1795, 3, 18.82%, 75, 25, 2, 15.94
1577993003, 0, 0, 1796, 1796, 3, 18.82%, 75, 25, 2, 16.19
1577993018, 0, 0, 1797, 1797, 3, 18.82%, 75, 25, 2, 16.12
1577993141, 0, 0, 1798, 1798, 3, 18.82%, 75, 25, 2, 13.11
1577993151, 0, 0, 1799, 1799, 3, 18.82%, 75, 25, 2, 16.74
1577993161, 0, 0, 1800, 1800, 3, 18.82%, 75, 25, 2, 14.51
1577993166, 0, 0, 1801, 1801, 3, 18.82%, 75, 25, 2, 14.24
1577993186, 0, 0, 1802, 1802, 3, 18.82%, 75, 25, 2, 14.20
1577993191, 0, 0, 1803, 1803, 3, 18.82%, 75, 25, 2, 15.69
1577993212, 0, 0, 1804, 1804, 3, 18.82%, 75, 25, 2, 16.08
1577993242, 0, 0, 1806, 1806, 3, 18.82%, 75, 25, 2, 15.83
1577993273, 0, 0, 1807, 1807, 3, 18.82%, 75, 25, 2, 16.33
1577993314, 0, 0, 1808, 1808, 3, 18.82%, 75, 25, 2, 16.91
1577993437, 0, 0, 1809, 1809, 3, 18.82%, 75, 25, 2, 16.08
1577993452, 0, 0, 1810, 1810, 3, 18.82%, 75, 25, 2, 16.07
1577993467, 0, 0, 1811, 1811, 3, 18.82%, 75, 25, 2, 14.47
1577993477, 0, 0, 1813, 1813, 3, 18.82%, 75, 25, 2, 15.51
1577993487, 0, 0, 1815, 1815, 3, 18.82%, 75, 25, 2, 15.36
1577993548, 0, 0, 1816, 1816, 3, 18.82%, 75, 25, 2, 14.10
1577993583, 0, 0, 1817, 1817, 3, 18.82%, 75, 25, 2, 14.08
1577993619, 0, 0, 1818, 1818, 3, 18.82%, 75, 25, 2, 14.19
1577993664, 0, 0, 1819, 1819, 3, 18.82%, 75, 25, 2, 13.67
1577993856, 0, 0, 1820, 1820, 3, 18.82%, 75, 25, 2, 13.19
1577993861, 0, 0, 1821, 1821, 3, 18.82%, 75, 25, 2, 13.14
1577994143, 0, 0, 1822, 1822, 3, 18.82%, 75, 25, 2, 14.41
1577994667, 0, 0, 1823, 1823, 3, 18.82%, 75, 25, 2, 13.06
1577994959, 0, 0, 1824, 1824, 3, 18.82%, 75, 25, 2, 13.99
1577995091, 0, 0, 1825, 1825, 3, 18.82%, 75, 25, 2, 14.13
1577996022, 0, 0, 1825, 1825, 3, 18.82%, 76, 25, 2, 13.32
1577999897, 0, 0, 1829, 1829, 3, 18.82%, 76, 25, 2, 40.90
1577999902, 0, 0, 1832, 1832, 3, 18.82%, 77, 25, 2, 26.58
1577999907, 0, 0, 1833, 1833, 3, 18.84%, 77, 25, 2, 18.76
1577999928, 0, 0, 1836, 1836, 3, 18.84%, 77, 25, 2, 27.09
1577999933, 0, 0, 1837, 1837, 3, 18.84%, 77, 25, 2, 27.47
1577999943, 0, 0, 1838, 1838, 3, 18.84%, 77, 25, 2, 17.58
1577999949, 0, 0, 1840, 1840, 3, 18.84%, 78, 25, 2, 21.40
1577999954, 0, 0, 1841, 1841, 3, 18.84%, 78, 25, 2, 22.39
1577999959, 0, 0, 1842, 1842, 3, 18.84%, 78, 25, 2, 18.43
1577999974, 0, 0, 1844, 1844, 3, 18.84%, 78, 25, 2, 14.31
1577999979, 0, 0, 1845, 1845, 3, 18.84%, 78, 25, 2, 16.37
1578000050, 0, 0, 1846, 1846, 3, 18.84%, 78, 25, 2, 16.07
1578000262, 0, 0, 1847, 1847, 3, 18.84%, 78, 25, 2, 13.37
1578000403, 0, 0, 1848, 1848, 3, 18.84%, 78, 25, 2, 14.34
1578001549, 0, 0, 1849, 1849, 3, 18.84%, 78, 25, 2, 16.34
1578001559, 0, 0, 1850, 1850, 3, 18.84%, 78, 25, 2, 14.27
1578001589, 0, 0, 1852, 1852, 3, 18.84%, 78, 25, 2, 18.15
1578001594, 0, 0, 1853, 1853, 3, 18.84%, 78, 25, 2, 19.45
1578001610, 0, 0, 1854, 1854, 3, 18.84%, 78, 25, 2, 16.70
1578001625, 0, 0, 1855, 1855, 3, 18.84%, 78, 25, 2, 16.08
1578001671, 0, 0, 1856, 1856, 3, 18.84%, 78, 25, 2, 14.41
1578001676, 0, 0, 1858, 1858, 3, 18.84%, 78, 25, 2, 16.53
1578001682, 0, 0, 1860, 1860, 3, 18.85%, 78, 25, 2, 14.56
1578001687, 0, 0, 1861, 1861, 3, 18.85%, 78, 25, 2, 14.92
1578001697, 0, 0, 1862, 1862, 3, 18.85%, 78, 25, 2, 14.33
1578001717, 0, 0, 1863, 1863, 3, 18.85%, 78, 25, 2, 12.47
1578001738, 0, 0, 1864, 1864, 3, 18.85%, 78, 25, 2, 13.38
1578001763, 0, 0, 1865, 1865, 3, 18.85%, 78, 25, 2, 15.80
1578001779, 0, 0, 1866, 1866, 3, 18.85%, 78, 25, 2, 15.75
1578001784, 0, 0, 1866, 1866, 3, 18.85%, 79, 25, 2, 15.24
1578001815, 0, 0, 1867, 1867, 3, 18.85%, 79, 25, 2, 18.15
1578001825, 0, 0, 1868, 1868, 3, 18.85%, 79, 25, 2, 15.97
1578001845, 0, 0, 1869, 1869, 3, 18.85%, 79, 25, 2, 13.09
1578001850, 0, 0, 1870, 1870, 3, 18.85%, 79, 25, 2, 12.57
1578001866, 0, 0, 1871, 1871, 3, 18.85%, 79, 25, 2, 13.82
