# unix_time, cycles_done, cur_path, paths_total, pending_total, pending_favs, map_size, unique_crashes, unique_hangs, max_depth, execs_per_sec
1564385848, 0, 0, 3, 3, 3, 38.18%, 0, 0, 1, 4.82
1564385869, 0, 0, 7, 7, 3, 38.30%, 2, 0, 2, 7.30
1564385874, 0, 0, 12, 12, 3, 39.40%, 3, 0, 2, 7.30
1564385879, 0, 0, 17, 17, 3, 39.48%, 4, 0, 2, 31.96
1564385884, 0, 0, 20, 20, 3, 39.54%, 4, 0, 2, 19.94
1564385889, 0, 0, 24, 24, 3, 39.55%, 5, 0, 2, 25.18
1564385894, 0, 0, 31, 31, 3, 39.58%, 6, 0, 2, 20.65
1564385900, 0, 0, 36, 36, 3, 39.59%, 6, 0, 2, 22.05
1564385905, 0, 0, 41, 41, 3, 39.61%, 6, 0, 2, 16.29
1564385910, 0, 0, 44, 44, 3, 39.65%, 6, 0, 2, 12.51
1564385915, 0, 0, 48, 48, 3, 40.48%, 6, 0, 2, 16.21
1564385920, 0, 0, 52, 52, 3, 40.55%, 7, 0, 2, 16.19
1564385925, 0, 0, 57, 57, 3, 40.55%, 8, 0, 2, 15.24
1564385930, 0, 0, 61, 61, 3, 40.57%, 9, 0, 2, 33.72
1564385936, 0, 0, 65, 65, 3, 40.70%, 9, 0, 2, 25.40
1564385941, 0, 0, 69, 69, 3, 40.78%, 10, 0, 2, 20.69
1564385946, 0, 0, 74, 74, 3, 40.88%, 10, 0, 2, 21.10
1564385951, 0, 0, 77, 77, 3, 40.95%, 10, 0, 2, 15.40
1564385956, 0, 0, 82, 82, 3, 40.97%, 11, 0, 2, 19.70
1564385961, 0, 0, 86, 86, 3, 40.97%, 11, 0, 2, 16.50
1564385966, 0, 0, 89, 89, 3, 40.97%, 11, 0, 2, 12.48
1564385971, 0, 0, 94, 94, 3, 41.03%, 11, 0, 2, 25.84
1564385976, 0, 0, 97, 97, 3, 41.09%, 11, 0, 2, 19.13
1564385982, 0, 0, 102, 102, 3, 41.09%, 11, 0, 2, 26.31
1564385987, 0, 0, 108, 108, 3, 41.11%, 12, 0, 2, 24.89
1564385992, 0, 0, 112, 112, 3, 41.11%, 12, 0, 2, 22.35
1564385997, 0, 0, 115, 115, 3, 41.14%, 12, 0, 2, 16.15
1564386002, 0, 0, 119, 119, 3, 41.15%, 12, 0, 2, 19.35
1564386007, 0, 0, 123, 123, 3, 41.20%, 14, 0, 2, 17.76
1564386012, 0, 0, 126, 126, 3, 41.20%, 14, 0, 2, 22.59
1564386017, 0, 0, 130, 130, 3, 41.46%, 14, 0, 2, 21.12
1564386022, 0, 0, 133, 133, 3, 41.47%, 14, 0, 2, 20.97
1564386027, 0, 0, 137, 137, 3, 41.54%, 14, 0, 2, 17.59
1564386033, 0, 0, 140, 140, 3, 41.54%, 14, 0, 2, 17.14
1564386038, 0, 0, 145, 145, 3, 41.56%, 14, 0, 2, 15.03
1564386043, 0, 0, 149, 149, 3, 41.56%, 14, 0, 2, 12.99
1564386048, 0, 0, 153, 153, 3, 41.72%, 14, 0, 2, 14.55
1564386053, 0, 0, 157, 157, 3, 41.72%, 14, 0, 2, 25.43
1564386058, 0, 0, 161, 161, 3, 41.73%, 15, 0, 2, 20.32
1564386063, 0, 0, 165, 165, 3, 41.83%, 15, 0, 2, 18.39
1564386069, 0, 0, 169, 169, 3, 41.90%, 15, 0, 2, 11.87
1564386074, 0, 0, 171, 171, 3, 41.91%, 16, 0, 2, 14.20
1564386079, 0, 0, 175, 175, 3, 41.91%, 16, 0, 2, 12.48
1564386084, 0, 0, 180, 180, 3, 41.92%, 16, 0, 2, 16.63
1564386089, 0, 0, 186, 186, 3, 42.28%, 17, 0, 2, 27.19
1564386094, 0, 0, 189, 189, 3, 42.56%, 17, 0, 2, 26.80
1564386099, 0, 0, 191, 191, 3, 42.58%, 17, 0, 2, 21.82
1564386104, 0, 0, 196, 196, 3, 42.58%, 17, 0, 2, 23.72
1564386109, 0, 0, 200, 200, 3, 42.77%, 18, 0, 2, 16.05
1564386114, 0, 0, 203, 203, 3, 42.79%, 18, 0, 2, 17.37
1564386119, 0, 0, 206, 206, 3, 42.80%, 18, 0, 2, 21.59
1564386125, 0, 0, 211, 211, 3, 42.80%, 19, 0, 2, 15.18
1564386130, 0, 0, 214, 214, 3, 42.84%, 19, 0, 2, 99.01
1564386135, 0, 0, 217, 217, 3, 42.86%, 19, 0, 2, 7.11
1564386140, 0, 0, 220, 220, 3, 42.91%, 19, 0, 2, 7.36
1564386145, 0, 0, 223, 223, 3, 43.06%, 19, 0, 2, 10.09
1564386150, 0, 0, 227, 227, 3, 43.33%, 19, 0, 2, 6.15
1564386155, 0, 1, 228, 227, 70, 43.33%, 19, 0, 2, 64.22
1564386176, 0, 1, 243, 242, 70, 43.41%, 19, 0, 2, 64.20
1564386181, 0, 1, 254, 253, 70, 43.42%, 19, 0, 2, 83.42
1564386186, 0, 1, 262, 261, 70, 43.57%, 19, 0, 2, 5.65
1564386191, 0, 1, 267, 266, 70, 43.59%, 19, 0, 2, 45.34
1564386196, 0, 1, 275, 274, 70, 43.64%, 19, 0, 2, 10.85
1564386201, 0, 1, 281, 280, 70, 43.65%, 20, 0, 2, 76.13
1564386207, 0, 1, 284, 283, 70, 43.76%, 20, 1, 2, 32.33
1564386212, 0, 2, 285, 283, 87, 43.76%, 20, 1, 2, 87.56
1564386222, 0, 2, 287, 285, 87, 43.77%, 21, 1, 2, 12.71
1564386227, 0, 2, 291, 289, 87, 44.32%, 21, 1, 2, 12.24
1564386232, 0, 2, 295, 293, 87, 44.32%, 21, 1, 2, 10.89
1564386237, 0, 2, 298, 296, 87, 44.64%, 21, 1, 2, 7.61
1564386242, 0, 2, 299, 297, 87, 44.64%, 21, 1, 2, 6.02
1564386247, 0, 2, 301, 299, 87, 44.65%, 21, 1, 2, 39.66
1564386253, 0, 2, 304, 302, 87, 44.84%, 21, 1, 2, 4.76
1564386258, 0, 2, 306, 304, 87, 44.85%, 21, 1, 2, 45.32
1564386263, 0, 2, 307, 305, 87, 45.29%, 21, 1, 2, 5.77
1564386268, 0, 2, 309, 307, 87, 45.29%, 22, 1, 2, 11.35
1564386273, 0, 2, 312, 310, 87, 45.30%, 22, 1, 2, 7.62
1564386278, 0, 2, 313, 311, 87, 45.30%, 22, 1, 2, 43.48
1564386284, 0, 2, 316, 314, 87, 45.30%, 22, 1, 2, 5.35
1564386289, 0, 2, 319, 317, 87, 45.33%, 22, 1, 2, 5.76
1564386294, 0, 2, 323, 321, 87, 45.34%, 22, 1, 2, 4.90
1564386299, 0, 9, 323, 320, 96, 45.34%, 22, 1, 2, 98.76
1564386314, 0, 9, 324, 321, 96, 45.35%, 22, 1, 3, 13.12
1564386319, 0, 9, 326, 323, 96, 45.35%, 22, 1, 3, 5.56
1564386325, 0, 9, 330, 327, 96, 45.36%, 22, 1, 3, 25.45
1564386330, 0, 9, 334, 331, 96, 45.36%, 22, 1, 3, 20.47
1564386335, 0, 9, 337, 334, 96, 45.48%, 22, 1, 3, 15.90
1564386340, 0, 9, 339, 336, 96, 45.49%, 22, 1, 3, 26.54
1564386345, 0, 9, 342, 339, 96, 45.49%, 22, 1, 3, 19.24
1564386350, 0, 9, 344, 341, 96, 45.54%, 22, 1, 3, 15.11
1564386355, 0, 9, 348, 345, 96, 45.75%, 22, 1, 3, 11.49
1564386360, 0, 9, 351, 348, 96, 46.25%, 22, 1, 3, 12.24
1564386365, 0, 9, 355, 352, 96, 46.25%, 22, 1, 3, 18.93
1564386371, 0, 9, 358, 355, 96, 46.25%, 22, 1, 3, 83.82
1564386376, 0, 9, 360, 357, 96, 46.34%, 22, 1, 3, 9.17
1564386381, 0, 9, 362, 359, 96, 46.34%, 22, 1, 3, 16.23
1564386386, 0, 9, 365, 362, 96, 46.34%, 22, 1, 3, 12.50
1564386391, 0, 9, 369, 366, 96, 46.34%, 22, 1, 3, 21.84
1564386396, 0, 9, 372, 369, 96, 46.47%, 23, 1, 3, 6.56
1564386402, 0, 9, 374, 371, 96, 46.48%, 23, 1, 3, 93.17
1564386407, 0, 9, 377, 374, 96, 46.48%, 23, 1, 3, 11.74
1564386412, 0, 9, 379, 376, 96, 46.48%, 23, 1, 3, 6.36
1564386417, 0, 9, 382, 379, 96, 46.48%, 23, 1, 3, 11.72
1564386422, 0, 9, 385, 382, 96, 46.48%, 23, 1, 3, 11.66
1564386427, 0, 9, 387, 384, 96, 46.52%, 23, 1, 3, 6.53
1564386432, 0, 9, 391, 388, 96, 46.71%, 23, 1, 3, 25.82
1564386437, 0, 9, 394, 391, 96, 46.72%, 23, 1, 3, 7.63
1564386443, 0, 9, 397, 394, 96, 46.72%, 23, 1, 3, 17.06
1564386448, 0, 9, 400, 397, 96, 46.72%, 23, 1, 3, 24.41
1564386453, 0, 9, 403, 400, 96, 46.74%, 23, 1, 3, 15.42
1564386458, 0, 9, 406, 403, 96, 46.74%, 23, 1, 3, 15.00
1564386463, 0, 9, 408, 405, 96, 46.74%, 23, 1, 3, 14.09
1564386468, 0, 9, 411, 408, 96, 46.80%, 23, 1, 3, 17.79
1564386473, 0, 12, 413, 409, 124, 46.80%, 23, 1, 3, 56.35
1564386489, 0, 12, 415, 411, 124, 46.82%, 23, 1, 3, 7.93
1564386494, 0, 12, 418, 414, 124, 46.82%, 23, 1, 3, 10.38
1564386499, 0, 12, 422, 418, 124, 46.83%, 23, 1, 3, 21.68
1564386504, 0, 12, 425, 421, 124, 46.84%, 23, 1, 3, 34.48
1564386509, 0, 12, 428, 424, 124, 46.84%, 23, 1, 3, 23.68
1564386514, 0, 12, 431, 427, 124, 46.90%, 23, 1, 3, 18.82
1564386519, 0, 12, 434, 430, 124, 46.90%, 23, 1, 3, 20.70
1564386525, 0, 12, 438, 434, 124, 46.91%, 23, 1, 3, 16.64
1564386530, 0, 12, 441, 437, 124, 46.92%, 23, 1, 3, 20.36
1564386535, 0, 12, 443, 439, 124, 46.92%, 23, 1, 3, 27.00
1564386540, 0, 12, 445, 441, 124, 46.95%, 23, 1, 3, 2.47
1564386545, 0, 12, 448, 444, 124, 47.17%, 23, 1, 3, 8.68
1564386550, 0, 12, 451, 447, 124, 47.26%, 23, 1, 3, 61.21
1564386556, 0, 12, 456, 452, 124, 47.26%, 23, 1, 3, 11.49
1564386561, 0, 12, 459, 455, 124, 47.27%, 23, 1, 3, 13.44
1564386566, 0, 12, 463, 459, 124, 47.27%, 23, 1, 3, 14.23
1564386571, 0, 12, 465, 461, 124, 47.27%, 23, 1, 3, 32.24
1564386576, 0, 13, 467, 462, 132, 47.27%, 24, 1, 3, 42.68
1564386581, 0, 17, 467, 461, 131, 47.27%, 24, 1, 3, 89.67
1564386592, 0, 17, 468, 462, 131, 47.27%, 24, 1, 3, 6.99
1564386597, 0, 17, 470, 464, 131, 47.34%, 24, 1, 3, 51.74
1564386602, 0, 17, 472, 466, 131, 47.34%, 24, 1, 3, 43.35
1564386607, 0, 17, 476, 470, 131, 47.38%, 24, 1, 3, 23.43
1564386612, 0, 17, 480, 474, 131, 47.44%, 24, 1, 3, 22.10
1564386617, 0, 17, 482, 476, 131, 47.44%, 24, 1, 3, 20.25
1564386623, 0, 17, 485, 479, 131, 47.46%, 24, 1, 3, 8.78
1564386628, 0, 17, 487, 481, 131, 47.46%, 24, 1, 3, 7.14
1564386633, 0, 17, 489, 483, 131, 47.46%, 24, 1, 3, 6.65
1564386638, 0, 17, 491, 485, 131, 47.46%, 24, 1, 3, 35.03
1564386643, 0, 17, 493, 487, 131, 47.46%, 24, 1, 3, 6.47
1564386648, 0, 36, 493, 486, 138, 47.46%, 24, 1, 3, 100.70
1564386664, 0, 36, 495, 488, 138, 47.46%, 24, 1, 3, 8.88
1564386669, 0, 36, 498, 491, 138, 47.47%, 24, 1, 3, 11.26
1564386674, 0, 36, 499, 492, 138, 47.47%, 24, 1, 3, 19.72
1564386679, 0, 36, 503, 496, 138, 47.47%, 24, 1, 3, 15.85
1564386684, 0, 36, 506, 499, 138, 47.47%, 24, 1, 3, 16.93
1564386689, 0, 42, 506, 498, 140, 47.47%, 24, 1, 3, 101.43
1564386705, 0, 42, 509, 501, 140, 47.47%, 24, 1, 3, 9.77
1564386710, 0, 42, 512, 504, 140, 47.47%, 24, 1, 3, 19.09
1564386715, 0, 42, 513, 505, 140, 47.47%, 24, 1, 3, 53.23
1564386720, 0, 42, 516, 508, 140, 47.47%, 24, 1, 3, 75.00
1564386725, 0, 42, 519, 511, 140, 47.48%, 24, 1, 3, 53.64
1564386730, 0, 42, 524, 516, 140, 47.49%, 24, 1, 3, 36.35
1564386735, 0, 42, 527, 519, 140, 47.63%, 24, 1, 3, 29.45
1564386740, 0, 42, 530, 522, 140, 47.64%, 24, 1, 3, 27.62
1564386745, 0, 42, 533, 525, 140, 47.64%, 24, 1, 3, 18.20
1564386751, 0, 42, 536, 528, 140, 47.64%, 25, 1, 3, 16.49
1564386756, 0, 42, 537, 529, 140, 47.64%, 25, 1, 3, 24.97
1564386761, 0, 47, 538, 529, 143, 47.64%, 25, 1, 3, 73.18
1564386776, 0, 47, 540, 531, 143, 47.68%, 25, 1, 3, 8.19
1564386781, 0, 47, 543, 534, 143, 47.68%, 25, 1, 3, 8.62
1564386786, 0, 47, 545, 536, 143, 47.68%, 25, 1, 3, 51.86
1564386792, 0, 47, 547, 538, 143, 47.75%, 25, 1, 3, 91.95
1564386797, 0, 47, 549, 540, 143, 47.75%, 25, 1, 3, 22.66
1564386802, 0, 47, 551, 542, 143, 47.75%, 25, 1, 3, 24.53
1564386807, 0, 47, 554, 545, 143, 47.76%, 25, 1, 3, 19.32
1564386812, 0, 47, 556, 547, 143, 47.76%, 25, 1, 3, 6.41
1564386817, 0, 47, 559, 550, 143, 47.79%, 25, 1, 3, 7.66
1564386822, 0, 47, 564, 555, 143, 47.80%, 25, 1, 3, 7.64
1564386827, 0, 47, 567, 558, 143, 47.80%, 25, 1, 3, 95.51
1564386832, 0, 47, 571, 562, 143, 47.85%, 25, 1, 3, 13.19
1564386837, 0, 47, 574, 565, 143, 47.85%, 25, 1, 3, 15.98
1564386843, 0, 47, 576, 567, 143, 47.85%, 25, 1, 3, 22.00
1564386848, 0, 47, 578, 569, 143, 47.86%, 25, 1, 3, 19.98
1564386853, 0, 47, 582, 573, 143, 47.86%, 25, 1, 3, 18.83
1564386858, 0, 47, 584, 575, 143, 47.86%, 25, 1, 3, 39.86
1564386863, 0, 47, 586, 577, 143, 47.90%, 25, 1, 3, 45.11
1564386868, 0, 47, 589, 580, 143, 47.96%, 25, 1, 3, 90.79
1564386873, 0, 47, 591, 582, 143, 47.98%, 25, 1, 3, 24.63
1564386878, 0, 47, 594, 585, 143, 48.02%, 25, 1, 3, 31.77
1564386883, 0, 47, 596, 587, 143, 48.02%, 25, 1, 3, 23.41
1564386888, 0, 60, 596, 586, 158, 48.02%, 25, 1, 3, 74.61
1564386904, 0, 60, 598, 588, 158, 48.17%, 25, 1, 3, 6.92
1564386909, 0, 62, 598, 587, 158, 48.17%, 26, 1, 3, 77.31
1564386924, 0, 62, 599, 588, 158, 48.17%, 26, 1, 3, 8.68
1564386930, 0, 62, 602, 591, 158, 48.17%, 26, 1, 3, 12.20
1564386935, 0, 62, 606, 595, 158, 48.18%, 26, 1, 3, 8.77
1564386940, 0, 62, 609, 598, 158, 48.18%, 26, 1, 3, 12.23
1564386945, 0, 62, 612, 601, 158, 48.20%, 26, 1, 3, 10.83
1564386950, 0, 62, 614, 603, 158, 48.20%, 26, 1, 3, 22.09
1564386955, 0, 62, 618, 607, 158, 48.24%, 26, 1, 3, 21.21
1564386961, 0, 62, 621, 610, 158, 48.24%, 26, 1, 3, 17.85
1564386966, 0, 62, 623, 612, 158, 48.24%, 26, 1, 3, 20.31
1564386971, 0, 62, 627, 616, 158, 48.24%, 27, 1, 3, 18.23
1564386976, 0, 62, 629, 618, 158, 48.24%, 27, 1, 3, 20.78
1564386981, 0, 62, 632, 621, 158, 48.47%, 27, 1, 3, 20.82
1564386986, 0, 62, 634, 623, 158, 48.48%, 27, 1, 3, 26.00
1564386991, 0, 62, 636, 625, 158, 48.48%, 27, 1, 3, 39.17
1564386996, 0, 62, 639, 628, 158, 48.48%, 27, 1, 3, 39.41
1564387001, 0, 71, 641, 629, 166, 48.48%, 27, 1, 3, 43.15
1564387017, 0, 71, 642, 630, 166, 48.48%, 27, 1, 3, 42.07
1564387022, 0, 71, 644, 632, 166, 48.50%, 27, 1, 3, 7.19
1564387027, 0, 71, 646, 634, 166, 48.65%, 27, 1, 3, 7.46
1564387032, 0, 71, 648, 636, 166, 48.65%, 27, 1, 3, 14.04
1564387038, 0, 71, 651, 639, 166, 48.65%, 27, 1, 3, 17.01
1564387043, 0, 71, 654, 642, 166, 48.72%, 27, 1, 3, 21.55
1564387048, 0, 71, 655, 643, 166, 48.72%, 27, 1, 3, 31.56
1564387053, 0, 71, 658, 646, 166, 48.72%, 27, 1, 3, 27.01
1564387058, 0, 71, 660, 648, 166, 48.77%, 27, 1, 3, 24.86
1564387063, 0, 71, 662, 650, 166, 48.77%, 27, 1, 3, 24.33
1564387069, 0, 71, 664, 652, 166, 48.80%, 27, 1, 3, 22.66
1564387074, 0, 72, 664, 651, 173, 48.80%, 27, 1, 3, 83.58
1564387084, 0, 72, 665, 652, 173, 48.80%, 27, 1, 3, 95.15
1564387089, 0, 73, 665, 651, 172, 48.80%, 27, 1, 3, 89.86
1564387104, 0, 73, 666, 652, 172, 48.80%, 27, 1, 3, 11.71
1564387109, 0, 73, 668, 654, 172, 48.81%, 27, 1, 3, 5.62
1564387115, 0, 73, 670, 656, 172, 48.81%, 27, 1, 3, 36.91
1564387120, 0, 73, 672, 658, 172, 48.81%, 27, 1, 3, 94.06
1564387125, 0, 73, 676, 662, 172, 48.81%, 27, 1, 3, 19.12
1564387130, 0, 73, 678, 664, 172, 48.81%, 27, 1, 3, 17.19
1564387135, 0, 73, 681, 667, 172, 48.81%, 27, 1, 3, 20.29
1564387140, 0, 73, 683, 669, 172, 48.81%, 27, 1, 3, 29.26
1564387146, 0, 73, 685, 671, 172, 48.81%, 27, 1, 3, 29.21
1564387151, 0, 73, 687, 673, 172, 48.82%, 27, 1, 3, 4.59
1564387156, 0, 73, 690, 676, 172, 48.82%, 27, 1, 3, 7.24
1564387161, 0, 73, 692, 678, 172, 48.83%, 27, 1, 3, 37.68
1564387166, 0, 73, 693, 679, 172, 48.83%, 27, 1, 3, 4.31
1564387171, 0, 73, 694, 680, 172, 48.83%, 27, 1, 3, 9.17
1564387182, 0, 73, 696, 682, 172, 48.87%, 27, 1, 3, 9.55
1564387187, 0, 73, 698, 684, 172, 48.88%, 27, 1, 3, 10.36
1564387192, 0, 73, 701, 687, 172, 48.89%, 27, 1, 3, 4.47
1564387197, 0, 73, 702, 688, 172, 48.89%, 28, 1, 3, 4.46
1564387202, 0, 73, 703, 689, 172, 48.89%, 29, 1, 3, 4.56
1564387207, 0, 73, 704, 690, 172, 48.93%, 29, 1, 3, 4.61
1564387212, 0, 73, 706, 692, 172, 48.96%, 29, 1, 3, 4.80
1564387222, 0, 73, 708, 694, 172, 48.96%, 29, 1, 3, 9.97
1564387227, 0, 73, 711, 697, 172, 48.96%, 29, 1, 3, 4.59
1564387233, 0, 73, 713, 699, 172, 48.96%, 29, 1, 3, 80.16
1564387238, 0, 76, 713, 698, 182, 48.96%, 29, 1, 3, 96.85
1564387253, 0, 76, 716, 701, 182, 49.04%, 30, 1, 3, 7.86
1564387258, 0, 76, 719, 704, 182, 49.04%, 30, 1, 3, 18.18
1564387264, 0, 76, 722, 707, 182, 49.08%, 30, 1, 3, 5.52
1564387269, 0, 76, 725, 710, 182, 49.16%, 30, 1, 3, 32.98
1564387274, 0, 76, 727, 712, 182, 49.19%, 30, 1, 3, 38.84
1564387279, 0, 76, 728, 713, 182, 49.19%, 30, 1, 3, 22.63
1564387284, 0, 76, 730, 715, 182, 49.20%, 30, 1, 3, 25.04
1564387289, 0, 76, 732, 717, 182, 49.21%, 30, 1, 3, 30.98
1564387294, 0, 76, 734, 719, 182, 49.22%, 31, 1, 3, 3.49
1564387299, 0, 76, 736, 721, 182, 49.22%, 31, 1, 3, 14.57
1564387304, 0, 79, 736, 720, 192, 49.22%, 31, 1, 3, 98.97
1564387320, 0, 79, 740, 724, 192, 49.22%, 31, 1, 3, 13.59
1564387326, 0, 79, 743, 727, 192, 49.22%, 31, 1, 3, 3.89
1564387331, 0, 96, 744, 727, 193, 49.22%, 31, 1, 3, 76.63
1564387351, 0, 96, 746, 729, 193, 49.22%, 31, 1, 3, 43.98
1564387356, 0, 97, 747, 729, 193, 49.22%, 31, 1, 3, 79.08
1564387372, 0, 97, 750, 732, 193, 49.23%, 31, 1, 3, 65.04
1564387377, 0, 97, 753, 735, 193, 49.23%, 31, 1, 3, 7.15
1564387382, 0, 97, 756, 738, 193, 49.23%, 31, 1, 3, 5.42
1564387387, 0, 97, 758, 740, 193, 49.23%, 31, 1, 3, 15.40
1564387392, 0, 97, 760, 742, 193, 49.23%, 31, 1, 3, 20.67
1564387397, 0, 97, 762, 744, 193, 49.23%, 31, 1, 3, 21.23
1564387402, 0, 97, 763, 745, 193, 49.23%, 31, 1, 3, 22.51
1564387408, 0, 97, 766, 748, 193, 49.23%, 31, 1, 3, 16.13
1564387413, 0, 97, 768, 750, 193, 49.23%, 31, 1, 3, 4.52
1564387418, 0, 97, 769, 751, 193, 49.23%, 31, 1, 3, 42.16
1564387423, 0, 107, 769, 749, 195, 49.23%, 31, 1, 3, 43.16
1564387454, 0, 122, 770, 749, 195, 49.24%, 31, 1, 3, 79.75
1564387474, 0, 122, 773, 752, 195, 49.24%, 31, 1, 3, 11.75
1564387479, 0, 122, 776, 755, 195, 49.24%, 31, 1, 3, 18.74
1564387484, 0, 122, 778, 757, 195, 49.24%, 31, 1, 3, 19.42
1564387490, 0, 122, 781, 760, 195, 49.25%, 31, 1, 3, 20.91
1564387495, 0, 122, 784, 763, 195, 49.25%, 31, 1, 3, 26.45
1564387500, 0, 122, 785, 764, 195, 49.29%, 31, 1, 3, 3.72
1564387505, 0, 122, 786, 765, 195, 49.30%, 31, 1, 3, 30.43
1564387510, 0, 122, 787, 766, 195, 49.30%, 31, 1, 3, 5.99
1564387515, 0, 122, 789, 768, 195, 49.30%, 31, 1, 3, 23.67
1564387520, 0, 122, 791, 770, 195, 49.30%, 31, 1, 3, 21.17
1564387525, 0, 122, 792, 771, 195, 49.32%, 31, 1, 3, 6.79
1564387530, 0, 122, 794, 773, 195, 49.32%, 32, 1, 3, 19.72
1564387535, 0, 122, 797, 776, 195, 49.33%, 32, 1, 3, 30.47
1564387540, 0, 122, 800, 779, 195, 49.33%, 32, 1, 3, 18.35
1564387545, 0, 122, 804, 783, 195, 49.33%, 32, 1, 3, 24.13
1564387550, 0, 122, 807, 786, 195, 49.35%, 32, 1, 3, 15.06
1564387556, 0, 122, 808, 787, 195, 49.35%, 32, 2, 3, 14.52
1564387562, 0, 122, 810, 789, 195, 49.35%, 32, 2, 3, 12.68
1564387567, 0, 128, 810, 788, 205, 49.35%, 32, 2, 3, 51.99
1564387582, 0, 128, 811, 789, 205, 49.35%, 32, 2, 3, 52.57
1564387587, 0, 128, 814, 792, 205, 49.37%, 32, 2, 3, 11.27
1564387592, 0, 128, 817, 795, 205, 49.37%, 32, 2, 3, 16.85
1564387598, 0, 128, 819, 797, 205, 49.38%, 32, 2, 3, 16.77
1564387603, 0, 128, 820, 798, 205, 49.38%, 32, 2, 3, 3.88
1564387608, 0, 128, 821, 799, 205, 49.38%, 32, 2, 3, 26.39
1564387613, 0, 128, 823, 801, 205, 49.38%, 32, 2, 3, 25.19
1564387618, 0, 128, 825, 803, 205, 49.38%, 32, 2, 3, 5.30
1564387623, 0, 128, 827, 805, 205, 49.38%, 32, 2, 3, 30.61
1564387628, 0, 128, 828, 806, 205, 49.38%, 32, 2, 3, 28.87
1564387633, 0, 128, 830, 808, 205, 49.38%, 32, 2, 3, 8.62
1564387638, 0, 128, 832, 810, 205, 49.38%, 32, 2, 3, 6.66
1564387643, 0, 128, 834, 812, 205, 49.39%, 32, 2, 3, 6.00
1564387648, 0, 128, 836, 814, 205, 49.39%, 32, 2, 3, 15.09
1564387654, 0, 136, 837, 814, 210, 49.39%, 32, 2, 3, 47.16
1564387669, 0, 136, 838, 815, 210, 49.39%, 33, 2, 3, 7.64
1564387679, 0, 149, 839, 815, 209, 49.39%, 33, 2, 3, 77.20
1564387695, 0, 149, 840, 816, 209, 49.39%, 33, 2, 3, 2.24
1564387700, 0, 149, 842, 818, 209, 49.39%, 34, 2, 3, 38.87
1564387705, 0, 158, 842, 817, 208, 49.39%, 34, 2, 3, 73.64
1564387721, 0, 158, 844, 819, 208, 49.39%, 34, 2, 3, 14.42
1564387726, 0, 158, 846, 821, 208, 49.40%, 34, 2, 3, 61.64
1564387731, 0, 158, 849, 824, 208, 49.40%, 34, 2, 3, 10.77
1564387736, 0, 158, 852, 827, 208, 49.41%, 34, 2, 3, 16.96
1564387741, 0, 160, 852, 826, 210, 49.41%, 34, 2, 3, 70.03
1564387757, 0, 160, 855, 829, 210, 49.42%, 34, 2, 3, 11.29
1564387762, 0, 160, 856, 830, 210, 49.42%, 34, 2, 3, 21.26
1564387767, 0, 160, 857, 831, 210, 49.48%, 34, 2, 3, 35.34
1564387772, 0, 160, 858, 832, 210, 49.48%, 34, 2, 3, 7.60
1564387777, 0, 160, 860, 834, 210, 49.48%, 34, 2, 3, 28.53
1564387783, 0, 160, 862, 836, 210, 49.48%, 34, 2, 3, 27.69
1564387788, 0, 160, 865, 839, 210, 49.48%, 34, 2, 3, 23.80
1564387793, 0, 160, 867, 841, 210, 49.48%, 34, 2, 3, 24.07
1564387798, 0, 160, 869, 843, 210, 49.48%, 34, 3, 3, 10.94
1564387803, 0, 160, 871, 845, 210, 49.48%, 34, 3, 3, 20.10
1564387808, 0, 161, 871, 844, 214, 49.48%, 34, 3, 3, 64.65
1564387823, 0, 161, 873, 846, 214, 49.48%, 34, 3, 3, 22.82
1564387829, 0, 161, 876, 849, 214, 49.48%, 34, 3, 3, 16.02
1564387834, 0, 161, 878, 851, 214, 49.48%, 34, 3, 3, 23.10
1564387839, 0, 161, 879, 852, 214, 49.49%, 34, 3, 3, 31.79
1564387844, 0, 161, 881, 854, 214, 49.49%, 34, 3, 3, 26.24
1564387849, 0, 161, 883, 856, 214, 49.49%, 34, 3, 3, 100.48
1564387854, 0, 163, 883, 855, 215, 49.49%, 34, 3, 3, 101.27
1564387865, 0, 163, 884, 856, 215, 49.50%, 34, 3, 3, 86.13
1564387870, 0, 163, 886, 858, 215, 49.51%, 34, 3, 3, 17.81
1564387875, 0, 163, 889, 861, 215, 49.51%, 34, 3, 3, 16.91
1564387880, 0, 163, 892, 864, 215, 49.51%, 34, 3, 3, 30.10
1564387885, 0, 163, 894, 866, 215, 49.51%, 34, 3, 3, 23.60
1564387890, 0, 163, 896, 868, 215, 49.52%, 34, 3, 3, 23.44
1564387895, 0, 163, 898, 870, 215, 49.53%, 34, 3, 3, 9.13
1564387901, 0, 163, 900, 872, 215, 49.53%, 34, 3, 3, 10.51
1564387906, 0, 163, 903, 875, 215, 49.53%, 34, 3, 3, 26.57
1564387911, 0, 166, 905, 876, 221, 49.54%, 34, 3, 3, 39.27
1564387926, 0, 166, 906, 877, 221, 49.54%, 35, 3, 3, 19.23
1564387931, 0, 166, 907, 878, 221, 49.54%, 35, 3, 3, 49.29
1564387936, 0, 166, 910, 881, 221, 49.54%, 35, 3, 3, 17.88
1564387942, 0, 166, 912, 883, 221, 49.55%, 35, 3, 3, 11.20
1564387947, 0, 166, 914, 885, 221, 49.59%, 35, 3, 3, 83.42
1564387952, 0, 166, 916, 887, 221, 49.59%, 35, 3, 3, 5.65
1564387957, 0, 166, 919, 890, 221, 49.60%, 35, 3, 3, 7.34
1564387962, 0, 166, 921, 892, 221, 49.61%, 35, 3, 3, 5.95
1564387967, 0, 166, 923, 894, 221, 49.61%, 35, 3, 3, 63.59
1564387973, 0, 166, 925, 896, 221, 49.61%, 35, 3, 3, 17.12
1564387978, 0, 166, 927, 898, 221, 49.61%, 35, 3, 3, 14.25
1564387983, 0, 166, 929, 900, 221, 49.62%, 35, 3, 3, 12.96
1564387988, 0, 166, 931, 902, 221, 49.62%, 35, 3, 3, 7.06
1564387993, 0, 168, 932, 902, 224, 49.62%, 35, 3, 3, 86.79
1564388008, 0, 168, 933, 903, 224, 49.62%, 35, 3, 3, 24.96
1564388014, 0, 168, 934, 904, 224, 49.63%, 35, 3, 3, 35.01
1564388019, 0, 169, 934, 903, 224, 49.63%, 35, 3, 3, 69.77
1564388034, 0, 169, 936, 905, 224, 49.63%, 35, 3, 3, 46.46
1564388040, 0, 169, 938, 907, 224, 49.65%, 35, 3, 3, 39.85
1564388045, 0, 169, 940, 909, 224, 49.66%, 35, 3, 3, 7.38
1564388050, 0, 169, 942, 911, 224, 49.80%, 35, 3, 3, 20.95
1564388055, 0, 169, 945, 914, 224, 49.81%, 36, 3, 3, 3.33
1564388060, 0, 169, 947, 916, 224, 49.81%, 36, 3, 3, 3.95
1564388065, 0, 169, 948, 917, 224, 49.81%, 36, 3, 3, 41.47
1564388071, 0, 179, 948, 916, 229, 49.81%, 36, 3, 3, 94.52
1564388086, 0, 179, 949, 917, 229, 49.81%, 36, 3, 3, 9.93
1564388091, 0, 179, 950, 918, 229, 49.81%, 36, 3, 3, 41.52
1564388096, 0, 179, 951, 919, 229, 49.81%, 36, 3, 3, 39.02
1564388101, 0, 183, 951, 918, 228, 49.81%, 36, 3, 3, 85.16
1564388117, 0, 183, 952, 919, 228, 49.81%, 36, 3, 3, 20.09
1564388122, 0, 183, 953, 920, 228, 49.81%, 36, 3, 3, 27.57
1564388127, 0, 185, 953, 919, 228, 49.81%, 36, 3, 3, 84.81
1564388142, 0, 185, 954, 920, 228, 49.81%, 37, 3, 3, 19.54
1564388148, 0, 185, 957, 923, 228, 49.81%, 37, 3, 3, 23.20
1564388153, 0, 185, 960, 926, 228, 49.91%, 37, 3, 3, 15.17
1564388158, 0, 185, 961, 927, 228, 49.91%, 37, 3, 3, 27.94
1564388163, 0, 188, 961, 926, 229, 49.91%, 37, 3, 3, 81.19
1564388178, 0, 188, 963, 928, 229, 49.95%, 37, 3, 3, 37.71
1564388183, 0, 188, 965, 930, 229, 49.97%, 37, 3, 3, 38.92
1564388189, 0, 188, 968, 933, 229, 49.97%, 37, 3, 3, 21.31
1564388194, 0, 190, 970, 934, 232, 49.97%, 38, 3, 3, 28.08
1564388209, 0, 190, 971, 935, 232, 49.97%, 38, 3, 3, 15.40
1564388214, 0, 190, 971, 935, 232, 49.97%, 38, 4, 3, 40.81
1564388219, 0, 192, 971, 934, 232, 49.97%, 38, 4, 3, 69.12
1564388234, 0, 192, 971, 934, 232, 49.97%, 39, 4, 3, 83.90
1564388240, 0, 196, 971, 933, 231, 49.97%, 40, 4, 3, 96.58
1564388255, 0, 196, 973, 935, 231, 49.97%, 40, 4, 3, 30.42
1564388260, 0, 196, 975, 937, 231, 50.10%, 40, 4, 3, 24.22
1564388265, 0, 196, 978, 940, 231, 50.11%, 40, 4, 3, 21.24
1564388270, 0, 196, 979, 941, 231, 50.11%, 40, 4, 3, 37.99
1564388276, 0, 196, 981, 943, 231, 50.11%, 40, 4, 3, 5.73
1564388281, 0, 196, 983, 945, 231, 50.11%, 40, 4, 3, 20.64
1564388286, 0, 196, 986, 948, 231, 50.15%, 40, 4, 3, 15.85
1564388291, 0, 196, 987, 949, 231, 50.15%, 40, 4, 3, 23.90
1564388296, 0, 196, 990, 952, 231, 50.18%, 40, 4, 3, 17.32
1564388301, 0, 201, 991, 952, 235, 50.18%, 40, 4, 3, 56.60
1564388317, 0, 201, 992, 953, 235, 50.18%, 40, 4, 3, 18.23
1564388322, 0, 201, 994, 955, 235, 50.18%, 40, 4, 3, 82.75
1564388327, 0, 201, 997, 958, 235, 50.18%, 40, 4, 3, 15.58
1564388333, 0, 201, 998, 959, 235, 50.18%, 40, 4, 3, 2.44
1564388338, 0, 201, 1000, 961, 235, 50.19%, 40, 4, 3, 10.28
1564388343, 0, 212, 1000, 960, 236, 50.19%, 40, 4, 3, 80.02
1564388359, 0, 212, 1002, 962, 236, 50.20%, 40, 4, 3, 10.63
1564388364, 0, 212, 1004, 964, 236, 50.20%, 40, 4, 3, 17.44
1564388369, 0, 212, 1007, 967, 236, 50.20%, 40, 4, 3, 18.47
1564388374, 0, 212, 1009, 969, 236, 50.20%, 40, 4, 3, 19.07
1564388379, 0, 212, 1011, 971, 236, 50.23%, 40, 4, 3, 17.73
1564388384, 0, 212, 1012, 972, 236, 50.23%, 40, 4, 3, 21.61
1564388390, 0, 212, 1014, 974, 236, 50.23%, 41, 4, 3, 3.45
1564388400, 0, 212, 1017, 977, 236, 50.24%, 41, 4, 3, 26.69
1564388405, 0, 213, 1018, 977, 240, 50.24%, 41, 4, 3, 61.13
1564388420, 0, 213, 1019, 978, 240, 50.24%, 41, 4, 3, 51.25
1564388426, 0, 213, 1023, 982, 240, 50.24%, 41, 4, 3, 47.95
1564388431, 0, 213, 1024, 983, 240, 50.24%, 41, 4, 3, 46.14
1564388436, 0, 213, 1026, 985, 240, 50.27%, 41, 4, 3, 31.22
1564388441, 0, 220, 1026, 984, 243, 50.27%, 41, 4, 3, 86.88
1564388456, 0, 220, 1028, 986, 243, 50.28%, 41, 4, 3, 10.01
1564388461, 0, 220, 1031, 989, 243, 50.28%, 41, 4, 3, 17.34
1564388467, 0, 220, 1033, 991, 243, 50.28%, 41, 4, 3, 22.15
1564388472, 0, 220, 1034, 992, 243, 50.29%, 41, 4, 3, 38.83
1564388477, 0, 220, 1036, 994, 243, 50.29%, 41, 4, 3, 29.96
1564388482, 0, 221, 1036, 993, 247, 50.29%, 41, 4, 3, 82.25
1564388497, 0, 221, 1039, 996, 247, 50.29%, 41, 4, 3, 7.04
1564388502, 0, 221, 1043, 1000, 247, 50.29%, 41, 4, 3, 17.78
1564388508, 0, 221, 1044, 1001, 247, 50.30%, 41, 4, 3, 25.19
1564388518, 0, 221, 1047, 1004, 247, 50.30%, 42, 4, 3, 16.38
1564388523, 0, 221, 1049, 1006, 247, 50.30%, 42, 4, 3, 17.14
1564388528, 0, 221, 1050, 1007, 247, 50.30%, 42, 4, 3, 14.12
1564388533, 0, 221, 1052, 1009, 247, 50.31%, 42, 4, 3, 11.53
1564388539, 0, 221, 1054, 1011, 247, 50.31%, 42, 4, 3, 25.77
1564388544, 0, 221, 1055, 1012, 247, 50.31%, 42, 4, 3, 28.99
1564388549, 0, 221, 1057, 1014, 247, 50.31%, 42, 4, 3, 7.01
1564388554, 0, 223, 1057, 1013, 250, 50.31%, 42, 4, 3, 101.03
1564388569, 0, 223, 1059, 1015, 250, 50.31%, 42, 4, 3, 58.80
1564388575, 0, 223, 1060, 1016, 250, 50.31%, 42, 4, 3, 42.76
1564388580, 0, 223, 1061, 1017, 250, 50.31%, 42, 4, 3, 5.06
1564388585, 0, 225, 1062, 1017, 252, 50.31%, 42, 4, 3, 47.99
1564388600, 0, 225, 1063, 1018, 252, 50.31%, 42, 4, 3, 83.30
1564388605, 0, 225, 1065, 1020, 252, 50.31%, 42, 4, 3, 80.38
1564388611, 0, 225, 1068, 1023, 252, 50.34%, 42, 4, 3, 16.64
1564388616, 0, 225, 1069, 1024, 252, 50.34%, 42, 4, 3, 32.02
1564388621, 0, 225, 1070, 1025, 252, 50.34%, 42, 4, 3, 37.21
1564388626, 0, 225, 1075, 1030, 252, 50.35%, 42, 4, 3, 23.50
1564388631, 0, 225, 1077, 1032, 252, 50.38%, 42, 4, 3, 27.16
1564388636, 0, 225, 1080, 1035, 252, 50.40%, 42, 4, 3, 27.26
1564388641, 0, 225, 1084, 1039, 252, 50.41%, 42, 4, 3, 21.61
1564388647, 0, 225, 1085, 1040, 252, 50.41%, 42, 4, 3, 26.03
1564388652, 0, 226, 1086, 1040, 254, 50.41%, 42, 4, 3, 66.17
1564388667, 0, 226, 1087, 1041, 254, 50.41%, 42, 4, 3, 10.29
1564388672, 0, 226, 1089, 1043, 254, 50.41%, 43, 4, 3, 17.02
1564388677, 0, 226, 1090, 1044, 254, 50.42%, 43, 4, 3, 29.04
1564388682, 0, 229, 1091, 1044, 255, 50.42%, 43, 4, 3, 92.40
1564388703, 0, 231, 1093, 1045, 254, 50.42%, 43, 4, 3, 94.59
1564388729, 0, 232, 1093, 1044, 253, 50.42%, 43, 4, 3, 93.11
1564388749, 0, 236, 1094, 1044, 252, 50.42%, 43, 4, 3, 93.20
1564388770, 0, 236, 1103, 1053, 252, 50.42%, 43, 4, 3, 84.49
1564388775, 0, 236, 1104, 1054, 252, 50.42%, 43, 4, 3, 84.56
1564388780, 0, 241, 1104, 1053, 252, 50.42%, 43, 4, 3, 91.61
1564388801, 0, 244, 1105, 1053, 252, 50.42%, 43, 4, 3, 93.67
1564388821, 0, 250, 1106, 1053, 252, 50.42%, 43, 4, 3, 92.80
1564388831, 0, 250, 1121, 1068, 252, 50.42%, 43, 4, 3, 102.89
1564388836, 0, 250, 1123, 1070, 252, 50.42%, 43, 4, 3, 98.82
1564388841, 0, 256, 1123, 1069, 252, 50.42%, 43, 4, 3, 93.86
1564388857, 0, 256, 1124, 1070, 252, 50.46%, 43, 4, 3, 13.18
1564388862, 0, 256, 1126, 1072, 252, 50.46%, 43, 4, 3, 28.15
1564388867, 0, 256, 1130, 1076, 252, 50.48%, 43, 4, 3, 23.36
1564388872, 0, 256, 1134, 1080, 252, 50.48%, 43, 4, 3, 33.79
1564388877, 0, 256, 1137, 1083, 252, 50.49%, 43, 4, 3, 25.82
1564388882, 0, 256, 1140, 1086, 252, 50.50%, 43, 4, 3, 19.31
1564388888, 0, 256, 1145, 1091, 252, 50.50%, 43, 4, 3, 35.99
1564388893, 0, 256, 1147, 1093, 252, 50.50%, 43, 4, 3, 62.88
1564388898, 0, 261, 1147, 1092, 257, 50.50%, 43, 4, 3, 87.14
1564388918, 0, 263, 1147, 1091, 256, 50.50%, 43, 4, 3, 91.81
1564388938, 0, 266, 1147, 1090, 255, 50.50%, 43, 4, 3, 83.68
1564388964, 0, 282, 1147, 1089, 254, 50.50%, 43, 4, 3, 94.23
1564388984, 0, 282, 1150, 1092, 254, 50.50%, 43, 4, 3, 55.71
1564388989, 0, 282, 1155, 1097, 254, 50.50%, 43, 4, 3, 14.15
1564388995, 0, 282, 1158, 1100, 254, 50.50%, 43, 4, 3, 13.83
1564389000, 0, 282, 1159, 1101, 254, 50.50%, 43, 4, 3, 16.28
1564389005, 0, 282, 1161, 1103, 254, 50.50%, 43, 4, 3, 50.58
1564389010, 0, 285, 1161, 1102, 254, 50.50%, 43, 4, 3, 87.42
1564389025, 0, 287, 1161, 1101, 253, 50.50%, 43, 4, 3, 101.29
1564389035, 0, 288, 1161, 1100, 252, 50.50%, 43, 4, 3, 97.95
1564389051, 0, 288, 1162, 1101, 252, 50.50%, 43, 4, 3, 100.17
1564389056, 0, 290, 1162, 1100, 251, 50.50%, 43, 4, 3, 101.51
1564389066, 0, 290, 1163, 1101, 251, 50.52%, 43, 4, 3, 99.60
1564389071, 0, 291, 1163, 1100, 251, 50.52%, 43, 4, 3, 99.92
1564389082, 0, 297, 1163, 1099, 250, 50.52%, 43, 4, 3, 100.10
1564389097, 0, 297, 1165, 1101, 250, 50.54%, 43, 4, 3, 4.08
1564389107, 0, 297, 1168, 1104, 250, 50.59%, 43, 4, 3, 4.88
1564389112, 0, 297, 1170, 1106, 250, 50.59%, 43, 4, 3, 4.90
1564389117, 0, 297, 1172, 1108, 250, 50.61%, 43, 4, 3, 4.07
1564389123, 0, 297, 1173, 1109, 250, 50.62%, 43, 5, 3, 5.04
1564389128, 0, 297, 1174, 1110, 250, 50.67%, 43, 5, 3, 27.86
1564389133, 0, 297, 1176, 1112, 250, 50.70%, 43, 5, 3, 4.56
1564389138, 0, 297, 1178, 1114, 250, 50.71%, 43, 5, 3, 4.80
1564389143, 0, 297, 1180, 1116, 250, 50.71%, 43, 5, 3, 11.91
1564389148, 0, 297, 1181, 1117, 250, 50.71%, 43, 5, 3, 18.13
1564389159, 0, 297, 1183, 1119, 250, 50.72%, 43, 5, 3, 11.45
1564389164, 0, 297, 1185, 1121, 250, 50.72%, 43, 5, 3, 4.03
1564389169, 0, 297, 1187, 1123, 250, 50.72%, 43, 5, 3, 45.68
1564389174, 0, 297, 1190, 1126, 250, 50.76%, 43, 5, 3, 8.83
1564389179, 0, 297, 1190, 1126, 250, 50.76%, 44, 5, 3, 96.62
1564389184, 0, 303, 1190, 1125, 262, 50.76%, 44, 5, 3, 101.31
1564389200, 0, 304, 1190, 1124, 261, 50.76%, 44, 5, 3, 96.07
1564389215, 0, 306, 1190, 1123, 260, 50.76%, 44, 5, 3, 74.79
1564389225, 0, 306, 1191, 1124, 260, 50.76%, 44, 5, 3, 92.87
1564389230, 0, 306, 1194, 1127, 260, 50.77%, 44, 5, 3, 20.67
1564389235, 0, 306, 1196, 1129, 260, 50.80%, 44, 5, 3, 14.12
1564389241, 0, 306, 1198, 1131, 260, 50.82%, 44, 5, 3, 10.75
1564389246, 0, 306, 1199, 1132, 260, 50.83%, 44, 5, 3, 8.29
1564389251, 0, 306, 1200, 1133, 260, 50.83%, 44, 5, 3, 15.06
1564389256, 0, 306, 1202, 1135, 260, 50.83%, 44, 5, 3, 9.56
1564389261, 0, 306, 1204, 1137, 260, 50.83%, 44, 5, 3, 9.43
1564389266, 0, 306, 1205, 1138, 260, 50.86%, 44, 5, 3, 7.58
1564389271, 0, 306, 1207, 1140, 260, 50.94%, 44, 5, 3, 3.82
1564389277, 0, 306, 1209, 1142, 260, 50.94%, 44, 5, 3, 28.11
1564389282, 0, 306, 1210, 1143, 260, 50.95%, 44, 5, 3, 24.42
1564389287, 0, 306, 1211, 1144, 260, 50.95%, 44, 5, 3, 7.09
1564389292, 0, 306, 1213, 1146, 260, 50.99%, 44, 5, 3, 8.56
1564389297, 0, 307, 1213, 1145, 265, 50.99%, 44, 5, 3, 56.62
1564389312, 0, 308, 1214, 1145, 264, 50.99%, 44, 5, 3, 77.68
1564389328, 0, 314, 1214, 1144, 263, 50.99%, 44, 5, 3, 92.15
1564389343, 0, 314, 1215, 1145, 263, 50.99%, 44, 5, 3, 12.16
1564389348, 0, 316, 1215, 1144, 262, 50.99%, 44, 5, 3, 94.34
1564389364, 0, 316, 1216, 1145, 262, 51.14%, 44, 5, 3, 60.78
1564389374, 0, 323, 1216, 1144, 262, 51.14%, 44, 5, 3, 52.56
1564389394, 0, 323, 1217, 1145, 262, 51.14%, 44, 5, 4, 5.21
1564389399, 0, 323, 1218, 1146, 262, 51.14%, 44, 5, 4, 8.66
1564389404, 0, 323, 1219, 1147, 262, 51.14%, 44, 5, 4, 63.06
1564389409, 0, 323, 1221, 1149, 262, 51.14%, 44, 5, 4, 14.16
1564389415, 0, 323, 1224, 1152, 262, 51.14%, 44, 5, 4, 9.28
1564389420, 0, 323, 1225, 1153, 262, 51.14%, 44, 5, 4, 5.00
1564389425, 0, 323, 1226, 1154, 262, 51.14%, 44, 5, 4, 4.93
1564389430, 0, 323, 1227, 1155, 262, 51.14%, 44, 5, 4, 5.32
1564389440, 0, 323, 1228, 1156, 262, 51.14%, 44, 5, 4, 23.48
1564389445, 0, 323, 1230, 1158, 262, 51.14%, 44, 5, 4, 21.98
1564389450, 0, 323, 1232, 1160, 262, 51.14%, 44, 5, 4, 27.52
1564389456, 0, 323, 1235, 1163, 262, 51.16%, 44, 5, 4, 6.27
1564389461, 0, 323, 1237, 1165, 262, 51.17%, 44, 5, 4, 14.43
1564389466, 0, 323, 1239, 1167, 262, 51.17%, 44, 5, 4, 17.74
1564389471, 0, 328, 1239, 1166, 267, 51.17%, 44, 5, 4, 51.73
1564389486, 0, 328, 1240, 1167, 267, 51.17%, 44, 5, 4, 7.58
1564389492, 0, 328, 1241, 1168, 267, 51.17%, 44, 5, 4, 3.75
1564389497, 0, 329, 1241, 1167, 267, 51.17%, 44, 5, 4, 81.17
1564389512, 0, 329, 1242, 1168, 267, 51.17%, 44, 5, 4, 96.22
1564389517, 0, 333, 1242, 1167, 266, 51.17%, 44, 5, 4, 97.69
1564389533, 0, 333, 1243, 1168, 266, 51.17%, 44, 5, 4, 12.46
1564389538, 0, 333, 1245, 1170, 266, 51.19%, 44, 5, 4, 86.46
1564389543, 0, 333, 1247, 1172, 266, 51.19%, 44, 5, 4, 30.45
1564389548, 0, 336, 1249, 1173, 266, 51.19%, 44, 5, 4, 42.16
1564389564, 0, 336, 1250, 1174, 266, 51.21%, 44, 5, 4, 7.02
1564389569, 0, 336, 1251, 1175, 266, 51.21%, 44, 5, 4, 32.91
1564389574, 0, 336, 1253, 1177, 266, 51.21%, 44, 5, 4, 9.06
1564389579, 0, 336, 1255, 1179, 266, 51.22%, 44, 5, 4, 7.27
1564389584, 0, 336, 1257, 1181, 266, 51.22%, 44, 5, 4, 6.58
1564389590, 0, 336, 1259, 1183, 266, 51.23%, 44, 5, 4, 13.08
1564389595, 0, 336, 1261, 1185, 266, 51.23%, 44, 5, 4, 17.38
1564389605, 0, 337, 1262, 1185, 270, 51.23%, 44, 5, 4, 72.66
1564389626, 0, 337, 1263, 1186, 270, 51.23%, 44, 5, 4, 12.35
1564389631, 0, 341, 1263, 1185, 269, 51.23%, 44, 5, 4, 99.83
1564389646, 0, 341, 1265, 1187, 269, 51.23%, 44, 5, 4, 13.87
1564389651, 0, 341, 1266, 1188, 269, 51.23%, 44, 5, 4, 34.17
1564389657, 0, 341, 1268, 1190, 269, 51.23%, 44, 5, 4, 16.39
1564389662, 0, 341, 1270, 1192, 269, 51.23%, 44, 5, 4, 22.53
1564389667, 0, 343, 1270, 1191, 269, 51.23%, 44, 5, 4, 82.16
1564389682, 0, 343, 1272, 1193, 269, 51.23%, 44, 5, 4, 100.96
1564389687, 0, 343, 1274, 1195, 269, 51.23%, 45, 5, 4, 43.28
1564389693, 0, 343, 1275, 1196, 269, 51.23%, 45, 5, 4, 7.20
1564389698, 0, 348, 1276, 1196, 268, 51.24%, 45, 5, 4, 57.93
1564389713, 0, 348, 1277, 1197, 268, 51.24%, 45, 5, 4, 14.35
1564389718, 0, 348, 1278, 1198, 268, 51.24%, 45, 5, 4, 25.92
1564389723, 0, 350, 1279, 1198, 269, 51.24%, 45, 5, 4, 57.85
1564389749, 0, 350, 1280, 1199, 269, 51.24%, 45, 5, 4, 42.45
1564389754, 0, 350, 1282, 1201, 269, 51.25%, 45, 5, 4, 7.69
1564389759, 0, 350, 1283, 1202, 269, 51.25%, 45, 5, 4, 98.52
1564389764, 0, 350, 1284, 1203, 269, 51.25%, 45, 5, 4, 14.62
1564389769, 0, 350, 1285, 1204, 269, 51.25%, 45, 5, 4, 24.22
1564389774, 0, 350, 1287, 1206, 269, 51.25%, 45, 5, 4, 9.03
1564389779, 0, 350, 1289, 1208, 269, 51.25%, 45, 5, 4, 4.38
1564389785, 0, 350, 1290, 1209, 269, 51.25%, 45, 5, 4, 3.67
1564389790, 0, 350, 1291, 1210, 269, 51.25%, 45, 5, 4, 31.35
1564389795, 0, 350, 1293, 1212, 269, 51.33%, 45, 5, 4, 7.47
1564389800, 0, 350, 1295, 1214, 269, 51.33%, 45, 5, 4, 9.32
1564389805, 0, 350, 1297, 1216, 269, 51.34%, 45, 5, 4, 6.90
1564389815, 0, 350, 1298, 1217, 269, 51.34%, 45, 5, 4, 4.42
1564389826, 0, 350, 1299, 1218, 269, 51.34%, 45, 5, 4, 4.08
1564389831, 0, 350, 1300, 1219, 269, 51.34%, 45, 5, 4, 4.83
1564389836, 0, 358, 1300, 1218, 272, 51.34%, 45, 5, 4, 69.79
1564389857, 0, 358, 1301, 1219, 272, 51.34%, 45, 5, 4, 3.02
1564389862, 0, 358, 1302, 1220, 272, 51.34%, 45, 5, 4, 2.80
1564389867, 0, 358, 1304, 1222, 272, 51.34%, 45, 5, 4, 2.81
1564389873, 0, 358, 1304, 1222, 272, 51.34%, 45, 6, 4, 3.45
1564389884, 0, 358, 1305, 1223, 272, 51.34%, 45, 6, 4, 21.03
1564389889, 0, 390, 1305, 1222, 272, 51.34%, 45, 6, 4, 97.11
1564389904, 0, 390, 1306, 1223, 272, 51.34%, 45, 6, 4, 70.41
1564389909, 0, 390, 1309, 1226, 272, 51.34%, 45, 6, 4, 15.00
1564389914, 0, 390, 1310, 1227, 272, 51.34%, 45, 6, 4, 7.46
1564389920, 0, 390, 1311, 1228, 272, 51.34%, 45, 6, 4, 28.33
1564389925, 0, 390, 1312, 1229, 272, 51.34%, 45, 6, 4, 3.88
1564389930, 0, 390, 1315, 1232, 272, 51.34%, 45, 6, 4, 10.11
1564389935, 0, 391, 1315, 1231, 275, 51.34%, 45, 6, 4, 100.04
1564389950, 0, 391, 1317, 1233, 275, 51.34%, 45, 6, 4, 6.27
1564389955, 0, 391, 1320, 1236, 275, 51.35%, 45, 6, 4, 5.00
1564389960, 0, 391, 1321, 1237, 275, 51.35%, 45, 6, 4, 69.09
1564389965, 0, 391, 1323, 1239, 275, 51.37%, 45, 6, 4, 37.91
1564389970, 0, 392, 1323, 1238, 275, 51.37%, 45, 6, 4, 63.15
1564389986, 0, 392, 1324, 1239, 275, 51.37%, 45, 6, 4, 21.61
1564389991, 0, 392, 1325, 1240, 275, 51.37%, 45, 6, 4, 42.54
1564389996, 0, 402, 1325, 1239, 275, 51.37%, 45, 6, 4, 66.05
1564390011, 0, 402, 1326, 1240, 275, 51.37%, 45, 6, 4, 6.45
1564390017, 0, 402, 1329, 1243, 275, 51.38%, 45, 6, 4, 48.28
1564390022, 0, 402, 1330, 1244, 275, 51.38%, 45, 6, 4, 20.54
1564390027, 0, 402, 1331, 1245, 275, 51.38%, 45, 6, 4, 21.27
1564390032, 0, 402, 1332, 1246, 275, 51.38%, 45, 6, 4, 29.14
1564390037, 0, 402, 1333, 1247, 275, 51.38%, 45, 6, 4, 39.83
1564390042, 0, 408, 1334, 1247, 276, 51.38%, 45, 6, 4, 89.85
1564390057, 0, 408, 1335, 1248, 276, 51.38%, 45, 6, 4, 4.88
1564390062, 0, 408, 1337, 1250, 276, 51.38%, 45, 6, 4, 41.48
1564390067, 0, 418, 1339, 1251, 277, 51.38%, 45, 6, 4, 83.19
1564390088, 0, 418, 1341, 1253, 277, 51.39%, 45, 6, 4, 82.13
1564390093, 0, 428, 1341, 1252, 276, 51.39%, 45, 6, 4, 90.21
1564390108, 0, 428, 1342, 1253, 276, 51.39%, 45, 6, 4, 43.47
1564390114, 0, 428, 1343, 1254, 276, 51.39%, 46, 6, 4, 48.42
1564390119, 0, 438, 1343, 1253, 275, 51.39%, 46, 6, 4, 85.08
1564390134, 0, 438, 1344, 1254, 275, 51.39%, 46, 6, 4, 10.81
1564390139, 0, 445, 1344, 1253, 274, 51.39%, 46, 6, 4, 98.42
1564390155, 0, 445, 1345, 1254, 274, 51.39%, 46, 6, 4, 4.95
1564390160, 0, 445, 1347, 1256, 274, 51.39%, 46, 6, 4, 44.12
1564390165, 0, 445, 1349, 1258, 274, 51.42%, 46, 6, 4, 42.12
1564390170, 0, 445, 1351, 1260, 274, 51.42%, 46, 6, 4, 11.17
1564390175, 0, 445, 1352, 1261, 274, 51.42%, 46, 6, 4, 7.61
1564390180, 0, 445, 1354, 1263, 274, 51.42%, 46, 6, 4, 5.39
1564390186, 0, 445, 1356, 1265, 274, 51.42%, 46, 6, 4, 8.22
1564390191, 0, 445, 1357, 1266, 274, 51.42%, 46, 6, 4, 28.27
1564390196, 0, 445, 1358, 1267, 274, 51.42%, 46, 6, 4, 31.56
1564390201, 0, 446, 1358, 1266, 275, 51.42%, 46, 6, 4, 82.67
1564390216, 0, 446, 1360, 1268, 275, 51.44%, 46, 6, 4, 50.17
1564390222, 0, 446, 1362, 1270, 275, 51.44%, 47, 6, 4, 6.51
1564390227, 0, 446, 1363, 1271, 275, 51.44%, 47, 6, 4, 4.36
1564390232, 0, 448, 1364, 1271, 276, 51.44%, 47, 6, 4, 29.07
1564390253, 0, 448, 1365, 1272, 276, 51.44%, 47, 6, 4, 2.21
1564390258, 0, 455, 1365, 1271, 275, 51.44%, 47, 6, 4, 68.95
1564390273, 0, 455, 1366, 1272, 275, 51.44%, 47, 6, 4, 37.87
1564390279, 0, 455, 1368, 1274, 275, 51.44%, 47, 6, 4, 9.72
1564390284, 0, 455, 1370, 1276, 275, 51.44%, 47, 6, 4, 55.92
1564390289, 0, 459, 1370, 1275, 273, 51.44%, 47, 6, 4, 81.85
1564390304, 0, 459, 1372, 1277, 273, 51.44%, 47, 6, 4, 19.92
1564390309, 0, 459, 1373, 1278, 273, 51.45%, 47, 6, 4, 4.84
1564390315, 0, 459, 1374, 1279, 273, 51.45%, 47, 6, 4, 85.05
1564390320, 0, 459, 1376, 1281, 273, 51.45%, 47, 6, 4, 7.59
1564390325, 0, 469, 1376, 1280, 275, 51.45%, 47, 6, 4, 101.82
1564390340, 0, 469, 1378, 1282, 275, 51.45%, 47, 6, 4, 8.05
1564390345, 0, 469, 1382, 1286, 275, 51.46%, 47, 6, 4, 16.60
1564390350, 0, 469, 1383, 1287, 275, 51.46%, 47, 6, 4, 37.38
1564390356, 0, 469, 1384, 1288, 275, 51.46%, 47, 6, 4, 40.16
1564390361, 0, 469, 1387, 1291, 275, 51.46%, 47, 6, 4, 16.23
1564390366, 0, 469, 1388, 1292, 275, 51.46%, 47, 6, 4, 30.97
1564390371, 0, 472, 1388, 1291, 277, 51.46%, 47, 6, 4, 85.67
1564390387, 0, 472, 1391, 1294, 277, 51.46%, 47, 6, 4, 72.37
1564390392, 0, 473, 1391, 1293, 276, 51.46%, 47, 6, 4, 40.90
1564390408, 0, 473, 1392, 1294, 276, 51.46%, 47, 6, 4, 12.80
1564390413, 0, 473, 1394, 1296, 276, 51.46%, 47, 6, 4, 13.89
1564390418, 0, 473, 1395, 1297, 276, 51.46%, 47, 6, 4, 30.41
1564390423, 0, 473, 1396, 1298, 276, 51.49%, 47, 6, 4, 27.59
1564390428, 0, 473, 1398, 1300, 276, 51.49%, 47, 6, 4, 23.09
1564390433, 0, 473, 1401, 1303, 276, 51.50%, 47, 6, 4, 15.99
1564390444, 0, 473, 1404, 1306, 276, 51.50%, 48, 6, 4, 24.11
1564390449, 0, 479, 1404, 1305, 278, 51.50%, 48, 6, 4, 65.24
1564390464, 0, 479, 1405, 1306, 278, 51.50%, 48, 6, 4, 6.05
1564390469, 0, 479, 1407, 1308, 278, 51.50%, 48, 6, 4, 6.64
1564390475, 0, 479, 1408, 1309, 278, 51.50%, 48, 6, 4, 44.18
1564390480, 0, 482, 1408, 1308, 278, 51.50%, 48, 6, 4, 87.41
1564390495, 0, 482, 1410, 1310, 278, 51.51%, 48, 6, 4, 7.52
1564390500, 0, 482, 1411, 1311, 278, 51.51%, 48, 6, 4, 13.44
1564390505, 0, 493, 1412, 1311, 279, 51.51%, 48, 6, 4, 99.40
1564390520, 0, 493, 1413, 1312, 279, 51.51%, 48, 6, 4, 18.03
1564390525, 0, 493, 1415, 1314, 279, 51.52%, 48, 6, 4, 25.84
1564390531, 0, 521, 1415, 1313, 277, 51.52%, 48, 6, 4, 56.17
1564390551, 0, 521, 1416, 1314, 277, 51.52%, 48, 6, 4, 61.13
1564390556, 0, 521, 1418, 1316, 277, 51.53%, 48, 6, 4, 37.92
1564390561, 0, 526, 1418, 1315, 277, 51.53%, 48, 6, 4, 86.18
1564390577, 0, 526, 1420, 1317, 277, 51.53%, 48, 6, 4, 44.38
1564390582, 0, 526, 1422, 1319, 277, 51.54%, 48, 6, 4, 16.81
1564390587, 0, 527, 1422, 1318, 278, 51.54%, 48, 6, 4, 61.03
1564390602, 0, 527, 1423, 1319, 278, 51.54%, 48, 6, 4, 17.81
1564390607, 0, 527, 1424, 1320, 278, 51.54%, 48, 6, 4, 29.67
1564390612, 0, 545, 1425, 1320, 278, 51.54%, 48, 6, 4, 69.06
1564390628, 0, 545, 1426, 1321, 278, 51.54%, 48, 6, 4, 58.17
1564390633, 0, 545, 1428, 1323, 278, 51.56%, 48, 6, 4, 6.44
1564390638, 0, 545, 1429, 1324, 278, 51.57%, 48, 6, 4, 14.27
1564390643, 0, 546, 1429, 1323, 278, 51.57%, 48, 6, 4, 100.81
1564390654, 0, 546, 1430, 1324, 278, 51.58%, 48, 6, 4, 8.16
1564390659, 0, 546, 1431, 1325, 278, 51.58%, 48, 6, 4, 54.80
1564390664, 0, 546, 1433, 1327, 278, 51.59%, 48, 6, 4, 2.42
1564390669, 0, 546, 1434, 1328, 278, 51.59%, 48, 6, 4, 28.05
1564390674, 0, 547, 1434, 1327, 278, 51.59%, 48, 6, 4, 72.19
1564390690, 0, 547, 1437, 1330, 278, 51.59%, 48, 6, 4, 32.68
1564390695, 0, 547, 1438, 1331, 278, 51.59%, 48, 6, 4, 31.20
1564390700, 0, 547, 1440, 1333, 278, 51.59%, 48, 6, 4, 32.13
1564390705, 0, 547, 1442, 1335, 278, 51.60%, 48, 6, 4, 29.21
1564390710, 0, 547, 1444, 1337, 278, 51.60%, 48, 6, 4, 9.04
1564390715, 0, 547, 1446, 1339, 278, 51.60%, 48, 6, 4, 48.83
1564390720, 0, 547, 1449, 1342, 278, 51.61%, 48, 6, 4, 31.25
1564390725, 0, 547, 1449, 1342, 278, 51.61%, 49, 6, 4, 43.74
1564390731, 0, 561, 1449, 1341, 283, 51.61%, 49, 6, 4, 86.77
1564390741, 0, 561, 1450, 1342, 283, 51.63%, 49, 6, 4, 92.78
1564390746, 0, 561, 1452, 1344, 283, 51.64%, 49, 6, 4, 13.09
1564390751, 0, 561, 1453, 1345, 283, 51.64%, 49, 6, 4, 15.55
1564390756, 0, 561, 1455, 1347, 283, 51.64%, 49, 6, 4, 22.05
1564390761, 0, 561, 1456, 1348, 283, 51.64%, 49, 6, 4, 32.74
1564390766, 0, 561, 1457, 1349, 283, 51.64%, 49, 6, 4, 4.56
1564390771, 0, 561, 1458, 1350, 283, 51.64%, 50, 6, 4, 35.50
1564390776, 0, 561, 1460, 1352, 283, 51.65%, 50, 6, 4, 13.46
1564390781, 0, 561, 1462, 1354, 283, 51.65%, 50, 6, 4, 43.51
1564390786, 0, 561, 1464, 1356, 283, 51.65%, 50, 6, 4, 37.25
1564390792, 0, 561, 1466, 1358, 283, 51.65%, 50, 6, 4, 29.95
1564390797, 0, 563, 1466, 1357, 287, 51.65%, 50, 6, 4, 82.09
1564390812, 0, 563, 1467, 1358, 287, 51.65%, 50, 6, 4, 35.13
1564390817, 0, 563, 1468, 1359, 287, 51.65%, 50, 6, 4, 21.49
1564390823, 0, 566, 1468, 1358, 287, 51.65%, 50, 6, 4, 82.96
1564390833, 0, 566, 1469, 1359, 287, 51.66%, 50, 6, 4, 7.69
1564390838, 0, 566, 1470, 1360, 287, 51.66%, 50, 6, 4, 72.13
1564390844, 0, 566, 1472, 1362, 287, 51.66%, 50, 6, 4, 52.01
1564390849, 0, 569, 1472, 1361, 288, 51.66%, 50, 6, 4, 87.87
1564390865, 0, 569, 1474, 1363, 288, 51.66%, 50, 6, 4, 17.80
1564390870, 0, 569, 1477, 1366, 288, 51.66%, 50, 6, 4, 22.34
1564390875, 0, 569, 1478, 1367, 288, 51.66%, 50, 6, 4, 24.69
1564390880, 0, 569, 1480, 1369, 288, 51.66%, 50, 6, 4, 22.37
1564390885, 0, 569, 1481, 1370, 288, 51.66%, 50, 6, 4, 30.01
1564390890, 0, 569, 1483, 1372, 288, 51.66%, 50, 6, 4, 28.90
1564390895, 0, 569, 1485, 1374, 288, 51.66%, 50, 6, 4, 4.98
1564390900, 0, 569, 1486, 1375, 288, 51.66%, 50, 6, 4, 23.24
1564390905, 0, 570, 1486, 1374, 287, 51.66%, 50, 6, 4, 65.91
1564390921, 0, 570, 1489, 1377, 287, 51.67%, 50, 6, 4, 5.53
1564390936, 0, 570, 1491, 1379, 287, 51.67%, 50, 6, 4, 38.88
1564390941, 0, 570, 1494, 1382, 287, 51.68%, 50, 6, 4, 4.50
1564390946, 0, 570, 1495, 1383, 287, 51.68%, 50, 6, 4, 34.77
1564390952, 0, 570, 1497, 1385, 287, 51.68%, 50, 6, 4, 6.29
1564390957, 0, 570, 1499, 1387, 287, 51.69%, 50, 6, 4, 10.40
1564390962, 0, 570, 1500, 1388, 287, 51.70%, 50, 6, 4, 91.17
1564390967, 0, 581, 1500, 1387, 288, 51.70%, 50, 6, 4, 78.61
1564390983, 0, 581, 1501, 1388, 288, 51.70%, 50, 6, 4, 29.39
1564390988, 0, 584, 1502, 1388, 288, 51.70%, 50, 6, 4, 40.93
1564391008, 0, 584, 1504, 1390, 288, 51.70%, 50, 6, 4, 29.84
1564391013, 0, 588, 1504, 1389, 287, 51.70%, 50, 6, 4, 58.76
1564391029, 0, 588, 1505, 1390, 287, 51.70%, 50, 6, 4, 9.79
1564391034, 0, 588, 1506, 1391, 287, 51.70%, 50, 6, 4, 5.41
1564391039, 0, 588, 1508, 1393, 287, 51.70%, 51, 6, 4, 8.88
1564391044, 0, 588, 1510, 1395, 287, 51.71%, 51, 6, 4, 14.27
1564391049, 0, 589, 1510, 1394, 289, 51.71%, 51, 6, 4, 60.72
1564391064, 0, 589, 1511, 1395, 289, 51.71%, 51, 6, 4, 6.12
1564391069, 0, 589, 1512, 1396, 289, 51.71%, 51, 6, 4, 52.01
1564391074, 0, 590, 1512, 1395, 288, 51.71%, 51, 6, 4, 79.77
1564391090, 0, 590, 1513, 1396, 288, 51.71%, 51, 6, 4, 14.74
1564391095, 0, 590, 1515, 1398, 288, 51.71%, 51, 6, 4, 23.38
1564391100, 0, 590, 1516, 1399, 288, 51.71%, 51, 6, 4, 30.94
1564391105, 0, 591, 1517, 1399, 288, 51.71%, 51, 6, 4, 69.60
1564391125, 0, 608, 1518, 1399, 288, 51.71%, 51, 6, 4, 93.15
1564391146, 0, 608, 1520, 1401, 288, 51.71%, 51, 6, 4, 18.04
1564391151, 0, 611, 1520, 1400, 287, 51.71%, 51, 6, 4, 49.56
1564391167, 0, 611, 1521, 1401, 287, 51.71%, 51, 6, 4, 7.38
1564391172, 0, 611, 1522, 1402, 287, 51.71%, 51, 6, 4, 11.99
1564391177, 0, 611, 1524, 1404, 287, 51.71%, 51, 6, 4, 3.05
1564391182, 0, 611, 1525, 1405, 287, 51.71%, 52, 6, 4, 54.64
1564391187, 0, 614, 1526, 1405, 288, 51.72%, 52, 6, 4, 75.88
1564391203, 0, 614, 1527, 1406, 288, 51.72%, 52, 6, 4, 17.00
1564391208, 0, 629, 1527, 1405, 286, 51.72%, 52, 6, 4, 76.18
1564391223, 0, 629, 1528, 1406, 286, 51.73%, 52, 6, 4, 19.43
1564391228, 0, 629, 1529, 1407, 286, 51.73%, 52, 6, 4, 34.37
1564391233, 0, 632, 1529, 1406, 288, 51.73%, 52, 6, 4, 83.84
1564391248, 0, 632, 1529, 1406, 288, 51.73%, 52, 7, 4, 91.18
1564391254, 0, 633, 1529, 1405, 287, 51.73%, 52, 7, 4, 82.82
1564391269, 0, 633, 1531, 1407, 287, 51.73%, 52, 7, 4, 7.14
1564391274, 0, 633, 1532, 1408, 287, 51.73%, 52, 7, 4, 7.57
1564391279, 0, 636, 1532, 1407, 287, 51.73%, 52, 7, 4, 75.78
1564391295, 0, 636, 1533, 1408, 287, 51.73%, 52, 7, 4, 84.10
1564391300, 0, 636, 1535, 1410, 287, 51.74%, 52, 7, 4, 24.73
1564391305, 0, 640, 1535, 1409, 288, 51.74%, 53, 7, 4, 67.43
1564391320, 0, 640, 1536, 1410, 288, 51.74%, 53, 7, 4, 98.52
1564391326, 0, 640, 1538, 1412, 288, 51.74%, 53, 7, 4, 29.89
1564391331, 0, 643, 1538, 1411, 288, 51.74%, 53, 7, 4, 47.02
1564391351, 0, 643, 1540, 1413, 288, 51.74%, 53, 7, 4, 3.47
1564391356, 0, 643, 1541, 1414, 288, 51.78%, 53, 7, 4, 6.68
1564391361, 0, 643, 1542, 1415, 288, 51.78%, 53, 7, 4, 13.83
1564391366, 0, 644, 1542, 1414, 287, 51.78%, 53, 7, 4, 99.21
1564391382, 0, 644, 1543, 1415, 287, 51.78%, 53, 7, 4, 31.55
1564391387, 0, 645, 1543, 1414, 286, 51.78%, 53, 7, 4, 77.72
1564391402, 0, 645, 1544, 1415, 286, 51.78%, 53, 7, 4, 34.17
1564391407, 0, 645, 1546, 1417, 286, 51.78%, 53, 7, 4, 5.60
1564391412, 0, 645, 1549, 1420, 286, 51.78%, 53, 7, 4, 10.42
1564391418, 0, 645, 1552, 1423, 286, 51.78%, 53, 7, 4, 20.30
1564391423, 0, 653, 1552, 1422, 285, 51.78%, 53, 7, 4, 41.83
1564391438, 0, 653, 1553, 1423, 285, 51.78%, 53, 7, 4, 6.23
1564391443, 0, 653, 1555, 1425, 285, 51.78%, 53, 7, 4, 42.40
1564391448, 0, 653, 1557, 1427, 285, 51.78%, 53, 7, 4, 5.18
1564391453, 0, 653, 1559, 1429, 285, 51.78%, 53, 7, 4, 16.48
1564391459, 0, 659, 1559, 1428, 287, 51.78%, 53, 7, 4, 70.47
1564391474, 0, 659, 1561, 1430, 287, 51.78%, 53, 7, 4, 7.94
1564391479, 0, 659, 1564, 1433, 287, 51.78%, 53, 7, 4, 28.80
1564391484, 0, 659, 1566, 1435, 287, 51.78%, 53, 7, 4, 24.20
1564391494, 0, 659, 1567, 1436, 287, 51.78%, 53, 7, 4, 26.71
1564391499, 0, 659, 1568, 1437, 287, 51.78%, 53, 7, 4, 29.02
1564391505, 0, 661, 1568, 1436, 287, 51.78%, 53, 7, 4, 63.61
1564391520, 0, 661, 1570, 1438, 287, 51.78%, 53, 7, 4, 10.20
1564391525, 0, 661, 1573, 1441, 287, 51.79%, 53, 7, 4, 83.23
1564391530, 0, 661, 1574, 1442, 287, 51.79%, 53, 7, 4, 23.48
1564391535, 0, 661, 1576, 1444, 287, 51.80%, 53, 7, 4, 27.29
1564391540, 0, 661, 1578, 1446, 287, 51.80%, 53, 7, 4, 27.60
1564391546, 0, 661, 1579, 1447, 287, 51.80%, 53, 7, 4, 11.62
1564391551, 0, 661, 1581, 1449, 287, 51.80%, 53, 7, 4, 14.64
1564391556, 0, 661, 1583, 1451, 287, 51.81%, 53, 7, 4, 2.81
1564391561, 0, 661, 1584, 1452, 287, 51.81%, 53, 7, 4, 2.65
1564391571, 0, 662, 1584, 1451, 290, 51.81%, 53, 7, 4, 45.55
1564391592, 0, 662, 1586, 1453, 290, 51.81%, 53, 7, 4, 34.41
1564391597, 0, 662, 1588, 1455, 290, 51.81%, 53, 7, 4, 52.92
1564391602, 0, 663, 1588, 1454, 291, 51.81%, 53, 7, 4, 94.42
1564391617, 0, 663, 1589, 1455, 291, 51.81%, 53, 7, 4, 14.62
1564391623, 0, 663, 1590, 1456, 291, 51.81%, 53, 7, 4, 11.43
1564391628, 0, 663, 1592, 1458, 291, 51.81%, 53, 7, 4, 3.24
1564391633, 0, 663, 1593, 1459, 291, 51.81%, 53, 7, 4, 22.12
1564391638, 0, 666, 1593, 1458, 291, 51.81%, 53, 7, 4, 70.82
1564391658, 0, 666, 1595, 1460, 291, 51.82%, 53, 7, 4, 6.42
1564391663, 0, 670, 1595, 1459, 292, 51.82%, 53, 7, 4, 96.30
1564391679, 0, 670, 1596, 1460, 292, 51.82%, 53, 7, 4, 18.88
1564391689, 0, 681, 1596, 1459, 291, 51.82%, 53, 7, 4, 68.96
1564391704, 0, 681, 1598, 1461, 291, 51.82%, 53, 7, 4, 28.94
1564391710, 0, 681, 1599, 1462, 291, 51.82%, 53, 7, 4, 5.22
1564391715, 0, 686, 1601, 1463, 292, 51.82%, 53, 7, 4, 50.98
1564391730, 0, 686, 1603, 1465, 292, 51.82%, 53, 7, 4, 8.95
1564391741, 0, 686, 1605, 1467, 292, 51.82%, 53, 7, 4, 8.61
1564391746, 0, 686, 1606, 1468, 292, 51.84%, 53, 7, 4, 23.51
1564391756, 0, 692, 1606, 1467, 293, 51.84%, 53, 7, 4, 89.54
1564391772, 0, 692, 1607, 1468, 293, 51.84%, 53, 7, 4, 9.11
1564391777, 0, 692, 1608, 1469, 293, 51.84%, 53, 7, 4, 8.70
1564391782, 0, 692, 1609, 1470, 293, 51.84%, 53, 7, 4, 7.91
1564391787, 0, 692, 1611, 1472, 293, 51.84%, 53, 7, 4, 12.62
1564391792, 0, 694, 1611, 1471, 295, 51.84%, 53, 7, 4, 49.00
1564391813, 0, 694, 1612, 1472, 295, 51.84%, 54, 7, 4, 29.81
1564391818, 0, 694, 1613, 1473, 295, 51.84%, 54, 7, 4, 30.83
1564391823, 0, 703, 1613, 1472, 295, 51.84%, 54, 7, 4, 95.97
1564391838, 0, 703, 1614, 1473, 295, 51.84%, 54, 7, 4, 16.02
1564391843, 0, 703, 1615, 1474, 295, 51.84%, 54, 7, 4, 47.80
1564391848, 0, 704, 1616, 1474, 295, 51.84%, 54, 7, 4, 100.01
1564391864, 0, 704, 1617, 1475, 295, 51.85%, 54, 7, 4, 9.16
1564391869, 0, 704, 1619, 1477, 295, 51.85%, 54, 7, 4, 7.41
1564391874, 0, 704, 1620, 1478, 295, 51.85%, 54, 7, 4, 7.90
1564391880, 0, 704, 1621, 1479, 295, 51.85%, 54, 7, 4, 99.50
1564391890, 0, 704, 1623, 1481, 295, 51.85%, 54, 7, 4, 11.25
1564391905, 0, 704, 1624, 1482, 295, 51.87%, 54, 7, 4, 40.27
1564391910, 0, 704, 1625, 1483, 295, 51.87%, 54, 7, 4, 4.45
1564391921, 0, 704, 1626, 1484, 295, 51.87%, 54, 7, 4, 28.81
1564391931, 0, 704, 1627, 1485, 295, 51.87%, 54, 7, 4, 11.56
1564391937, 0, 704, 1628, 1486, 295, 51.87%, 54, 7, 4, 12.85
1564391942, 0, 704, 1629, 1487, 295, 51.87%, 54, 7, 4, 2.51
1564391947, 0, 704, 1630, 1488, 295, 51.88%, 54, 7, 4, 14.58
1564391952, 0, 704, 1631, 1489, 295, 51.88%, 54, 7, 4, 3.44
1564391957, 0, 704, 1632, 1490, 295, 51.88%, 54, 7, 4, 4.24
1564391962, 0, 715, 1632, 1489, 300, 51.88%, 54, 7, 4, 88.58
1564391983, 0, 715, 1633, 1490, 300, 51.88%, 54, 7, 4, 4.67
1564391989, 0, 719, 1634, 1490, 300, 51.88%, 54, 7, 4, 77.82
1564392009, 0, 719, 1635, 1491, 300, 51.88%, 54, 8, 4, 7.93
1564392014, 0, 719, 1637, 1493, 300, 51.88%, 54, 8, 4, 17.09
1564392019, 0, 725, 1638, 1493, 300, 51.88%, 54, 8, 4, 66.55
1564392040, 0, 725, 1639, 1494, 300, 51.88%, 54, 8, 4, 31.03
1564392045, 0, 726, 1640, 1494, 300, 51.91%, 54, 8, 4, 54.00
1564392066, 0, 726, 1641, 1495, 300, 51.91%, 54, 8, 4, 95.41
1564392071, 0, 726, 1643, 1497, 300, 51.91%, 54, 8, 4, 8.49
1564392076, 0, 726, 1644, 1498, 300, 51.91%, 54, 8, 4, 15.58
1564392081, 0, 728, 1644, 1497, 300, 51.91%, 54, 8, 4, 81.77
1564392096, 0, 728, 1645, 1498, 300, 51.91%, 55, 8, 4, 8.60
1564392101, 0, 729, 1645, 1497, 299, 51.91%, 55, 8, 4, 65.71
1564392127, 0, 729, 1646, 1498, 299, 51.92%, 55, 8, 4, 2.65
1564392132, 0, 729, 1649, 1501, 299, 51.93%, 55, 8, 4, 7.27
1564392142, 0, 730, 1649, 1500, 299, 51.93%, 56, 8, 4, 72.64
1564392157, 0, 730, 1651, 1502, 299, 51.93%, 56, 8, 4, 20.69
1564392163, 0, 730, 1652, 1503, 299, 51.93%, 56, 8, 4, 31.99
1564392168, 0, 733, 1652, 1502, 298, 51.93%, 56, 8, 4, 67.42
1564392189, 0, 733, 1653, 1503, 298, 51.93%, 57, 8, 4, 12.67
1564392194, 0, 737, 1653, 1502, 298, 51.93%, 57, 8, 4, 94.58
1564392209, 0, 737, 1654, 1503, 298, 51.94%, 57, 8, 4, 73.56
1564392214, 0, 748, 1656, 1504, 297, 51.94%, 57, 8, 4, 79.63
1564392230, 0, 748, 1658, 1506, 297, 51.94%, 57, 8, 4, 6.40
1564392235, 0, 748, 1659, 1507, 297, 51.94%, 57, 8, 4, 43.29
1564392240, 0, 748, 1662, 1510, 297, 51.94%, 57, 8, 4, 4.22
1564392245, 0, 769, 1662, 1509, 297, 51.94%, 57, 8, 4, 94.49
1564392266, 0, 769, 1663, 1510, 297, 51.95%, 57, 8, 4, 21.77
1564392271, 0, 769, 1665, 1512, 297, 51.95%, 57, 8, 4, 4.78
1564392276, 0, 780, 1665, 1511, 298, 51.95%, 57, 8, 4, 86.10
1564392296, 0, 780, 1668, 1514, 298, 51.95%, 57, 8, 4, 32.65
1564392301, 0, 780, 1668, 1514, 298, 51.95%, 57, 9, 4, 33.49
1564392306, 0, 787, 1668, 1513, 297, 51.95%, 57, 9, 4, 83.66
1564392322, 0, 787, 1669, 1514, 297, 51.95%, 57, 9, 4, 62.21
1564392327, 0, 791, 1669, 1513, 297, 51.95%, 57, 9, 4, 78.16
1564392342, 0, 791, 1670, 1514, 297, 51.95%, 57, 9, 4, 2.54
1564392353, 0, 791, 1671, 1515, 297, 51.95%, 57, 9, 4, 63.81
1564392358, 0, 794, 1671, 1514, 296, 51.95%, 57, 9, 4, 89.23
1564392374, 0, 794, 1673, 1516, 296, 51.95%, 57, 9, 4, 17.86
1564392379, 0, 794, 1675, 1518, 296, 51.97%, 57, 9, 4, 29.21
1564392384, 0, 820, 1675, 1517, 298, 51.97%, 57, 9, 4, 55.38
1564392400, 0, 820, 1676, 1518, 298, 51.98%, 57, 9, 4, 75.44
1564392405, 0, 820, 1678, 1520, 298, 51.98%, 57, 9, 4, 17.39
1564392410, 0, 820, 1679, 1521, 298, 51.98%, 57, 9, 4, 25.90
1564392415, 0, 820, 1681, 1523, 298, 51.98%, 57, 9, 4, 21.93
1564392420, 0, 820, 1683, 1525, 298, 51.99%, 57, 9, 4, 23.55
1564392425, 0, 825, 1683, 1524, 298, 51.99%, 57, 9, 4, 81.80
1564392441, 0, 825, 1684, 1525, 298, 51.99%, 57, 9, 4, 72.46
1564392446, 0, 825, 1686, 1527, 298, 51.99%, 57, 9, 4, 9.33
1564392451, 0, 825, 1687, 1528, 298, 51.99%, 57, 9, 4, 29.76
1564392456, 0, 829, 1687, 1527, 298, 51.99%, 57, 9, 4, 81.82
1564392471, 0, 829, 1688, 1528, 298, 51.99%, 58, 9, 4, 30.53
1564392477, 0, 835, 1688, 1527, 297, 51.99%, 58, 9, 4, 46.37
1564392492, 0, 835, 1689, 1528, 297, 51.99%, 58, 9, 4, 6.56
1564392497, 0, 835, 1691, 1530, 297, 52.04%, 58, 9, 4, 5.00
1564392502, 0, 835, 1692, 1531, 297, 52.04%, 58, 9, 4, 73.70
1564392508, 0, 835, 1693, 1532, 297, 52.04%, 58, 9, 4, 13.11
1564392513, 0, 844, 1694, 1532, 297, 52.04%, 58, 9, 4, 57.20
1564392533, 0, 844, 1696, 1534, 297, 52.04%, 58, 9, 4, 41.23
1564392539, 0, 844, 1697, 1535, 297, 52.04%, 58, 9, 4, 35.79
1564392544, 0, 845, 1697, 1534, 299, 52.04%, 58, 9, 4, 86.11
1564392559, 0, 845, 1698, 1535, 299, 52.04%, 58, 9, 4, 5.39
1564392564, 0, 851, 1698, 1534, 298, 52.04%, 58, 9, 4, 68.93
1564392580, 0, 851, 1699, 1535, 298, 52.04%, 58, 9, 4, 2.49
1564392585, 0, 851, 1700, 1536, 298, 52.04%, 58, 9, 4, 2.47
1564392595, 0, 851, 1701, 1537, 298, 52.06%, 58, 9, 4, 33.25
1564392600, 0, 851, 1703, 1539, 298, 52.06%, 58, 9, 4, 9.32
1564392606, 0, 852, 1703, 1538, 297, 52.06%, 58, 9, 4, 100.26
1564392616, 0, 852, 1704, 1539, 297, 52.06%, 58, 9, 4, 17.96
1564392621, 0, 852, 1705, 1540, 297, 52.06%, 58, 9, 4, 23.41
1564392626, 0, 852, 1707, 1542, 297, 52.06%, 58, 9, 4, 21.50
1564392631, 0, 856, 1707, 1541, 297, 52.06%, 58, 9, 4, 48.55
1564392647, 0, 856, 1708, 1542, 297, 52.07%, 58, 9, 4, 10.04
1564392657, 0, 858, 1708, 1541, 297, 52.07%, 58, 9, 4, 73.85
1564392673, 0, 858, 1709, 1542, 297, 52.07%, 58, 9, 4, 29.29
1564392683, 0, 860, 1709, 1541, 295, 52.07%, 58, 9, 4, 87.46
1564392698, 0, 860, 1712, 1544, 295, 52.07%, 58, 9, 4, 16.53
1564392703, 0, 860, 1714, 1546, 295, 52.07%, 58, 9, 4, 24.38
1564392708, 0, 865, 1714, 1545, 295, 52.07%, 58, 9, 4, 38.60
1564392729, 0, 865, 1715, 1546, 295, 52.07%, 58, 9, 4, 2.44
1564392739, 0, 870, 1715, 1545, 294, 52.07%, 58, 9, 4, 81.08
