# unix_time, cycles_done, cur_path, paths_total, pending_total, pending_favs, map_size, unique_crashes, unique_hangs, max_depth, execs_per_sec
1572012005, 0, 0, 3, 3, 3, 75.81%, 0, 0, 1, 3.12
1572012021, 0, 0, 5, 5, 3, 75.90%, 0, 0, 2, 3.15
1572012026, 0, 0, 7, 7, 3, 75.93%, 0, 0, 2, 16.00
1572012031, 0, 0, 8, 8, 3, 75.95%, 0, 0, 2, 3.42
1572012036, 0, 0, 11, 11, 3, 76.00%, 0, 0, 2, 24.27
1572012041, 0, 0, 15, 15, 3, 76.00%, 0, 0, 2, 24.24
1572012047, 0, 0, 19, 19, 3, 76.01%, 0, 0, 2, 3.03
1572012052, 0, 0, 21, 21, 3, 76.01%, 0, 0, 2, 3.78
1572012057, 0, 0, 26, 26, 3, 76.16%, 0, 0, 2, 3.00
1572012062, 0, 0, 27, 27, 3, 76.20%, 0, 0, 2, 3.46
1572012067, 0, 0, 30, 30, 3, 76.27%, 0, 0, 2, 3.04
1572012073, 0, 0, 34, 34, 3, 76.30%, 0, 0, 2, 5.62
1572012078, 0, 0, 36, 36, 3, 76.30%, 0, 0, 2, 6.96
1572012083, 0, 0, 38, 38, 3, 76.32%, 0, 0, 2, 9.69
1572012088, 0, 0, 41, 41, 3, 76.35%, 0, 0, 2, 58.70
1572012093, 0, 0, 45, 45, 3, 76.49%, 0, 0, 2, 3.41
1572012099, 0, 0, 49, 49, 3, 76.50%, 0, 0, 2, 33.98
1572012104, 0, 0, 51, 51, 3, 76.50%, 0, 0, 2, 27.84
1572012109, 0, 0, 54, 54, 3, 76.51%, 0, 0, 2, 3.06
1572012114, 0, 0, 57, 57, 3, 76.51%, 0, 0, 2, 61.54
1572012119, 0, 0, 58, 58, 3, 76.51%, 0, 0, 2, 3.83
1572012125, 0, 0, 60, 60, 3, 76.54%, 0, 0, 2, 4.23
1572012130, 0, 0, 62, 62, 3, 76.57%, 0, 0, 2, 3.25
1572012135, 0, 0, 63, 63, 3, 76.67%, 0, 0, 2, 3.22
1572012140, 0, 0, 67, 67, 3, 76.69%, 0, 0, 2, 24.15
1572012145, 0, 0, 68, 68, 3, 76.70%, 0, 0, 2, 3.09
1572012150, 0, 0, 70, 70, 3, 76.71%, 0, 0, 2, 3.44
1572012155, 0, 0, 71, 71, 3, 76.83%, 0, 0, 2, 2.97
1572012161, 0, 0, 73, 73, 3, 76.83%, 0, 0, 2, 3.97
1572012166, 0, 0, 76, 76, 3, 76.83%, 0, 0, 2, 3.32
1572012171, 0, 0, 78, 78, 3, 77.08%, 0, 0, 2, 9.04
1572012176, 0, 0, 80, 80, 3, 77.08%, 0, 0, 2, 3.08
1572012182, 0, 0, 82, 82, 3, 77.08%, 0, 0, 2, 3.09
1572012187, 0, 0, 83, 83, 3, 77.08%, 0, 0, 2, 3.90
1572012192, 0, 0, 85, 85, 3, 77.08%, 0, 0, 2, 35.81
1572012197, 0, 0, 89, 89, 3, 77.10%, 0, 0, 2, 36.42
1572012202, 0, 0, 90, 90, 3, 77.10%, 0, 0, 2, 3.02
1572012207, 0, 0, 92, 92, 3, 77.10%, 0, 0, 2, 55.25
1572012212, 0, 0, 94, 94, 3, 77.17%, 0, 0, 2, 4.43
1572012217, 0, 0, 97, 97, 3, 77.25%, 0, 0, 2, 81.32
1572012223, 0, 0, 101, 101, 3, 77.25%, 0, 0, 2, 62.22
1572012228, 0, 0, 102, 102, 3, 77.25%, 0, 0, 2, 3.09
1572012233, 0, 0, 104, 104, 3, 77.25%, 0, 0, 2, 3.29
1572012238, 0, 0, 105, 105, 3, 77.79%, 0, 0, 2, 3.35
1572012243, 0, 0, 106, 106, 3, 77.79%, 0, 0, 2, 3.10
1572012248, 0, 0, 109, 109, 3, 77.79%, 0, 0, 2, 3.10
1572012253, 0, 0, 111, 111, 3, 77.82%, 0, 0, 2, 9.63
1572012258, 0, 0, 113, 113, 3, 77.82%, 0, 0, 2, 10.54
1572012264, 0, 0, 115, 115, 3, 77.82%, 0, 0, 2, 8.03
1572012269, 0, 0, 117, 117, 3, 77.82%, 0, 0, 2, 6.54
1572012274, 0, 0, 118, 118, 3, 77.84%, 1, 0, 2, 6.58
1572012279, 0, 0, 120, 120, 3, 78.16%, 1, 0, 2, 16.75
1572012284, 0, 0, 125, 125, 3, 78.16%, 1, 0, 2, 16.13
1572012289, 0, 0, 126, 126, 3, 78.16%, 1, 1, 2, 11.44
1572012294, 0, 0, 128, 128, 3, 78.16%, 1, 1, 2, 10.95
1572012299, 0, 0, 130, 130, 3, 78.16%, 1, 1, 2, 8.26
1572012305, 0, 0, 132, 132, 3, 78.16%, 1, 1, 2, 19.82
1572012310, 0, 0, 134, 134, 3, 78.16%, 1, 1, 2, 3.09
1572012315, 0, 0, 136, 136, 3, 78.16%, 1, 1, 2, 3.06
1572012320, 0, 0, 137, 137, 3, 78.17%, 1, 1, 2, 4.44
1572012325, 0, 0, 139, 139, 3, 78.17%, 1, 1, 2, 3.09
1572012330, 0, 0, 140, 140, 3, 78.41%, 1, 1, 2, 3.24
1572012335, 0, 0, 142, 142, 3, 78.44%, 1, 1, 2, 3.59
1572012340, 0, 0, 143, 143, 3, 78.47%, 1, 1, 2, 3.09
1572012346, 0, 0, 147, 147, 3, 78.47%, 1, 1, 2, 15.90
1572012351, 0, 0, 149, 149, 3, 78.49%, 1, 1, 2, 12.43
1572012356, 0, 0, 151, 151, 3, 78.49%, 1, 1, 2, 3.10
1572012361, 0, 0, 154, 154, 3, 78.52%, 1, 1, 2, 3.45
1572012366, 0, 0, 156, 156, 3, 78.52%, 1, 1, 2, 22.84
1572012372, 0, 0, 157, 157, 3, 78.53%, 1, 1, 2, 3.09
1572012377, 0, 0, 159, 159, 3, 78.53%, 1, 1, 2, 27.77
1572012382, 0, 0, 160, 160, 3, 78.56%, 1, 1, 2, 3.13
1572012387, 0, 0, 162, 162, 3, 78.56%, 1, 1, 2, 3.12
1572012392, 0, 0, 163, 163, 3, 78.56%, 1, 1, 2, 3.09
1572012397, 0, 0, 167, 167, 3, 78.57%, 1, 1, 2, 6.22
1572012402, 0, 0, 168, 168, 3, 78.57%, 1, 1, 2, 4.48
1572012408, 0, 0, 172, 172, 3, 78.61%, 1, 1, 2, 27.28
1572012413, 0, 0, 173, 173, 3, 78.61%, 1, 1, 2, 3.09
1572012418, 0, 0, 175, 175, 3, 78.61%, 1, 1, 2, 27.49
1572012423, 0, 0, 177, 177, 3, 78.61%, 1, 1, 2, 9.59
1572012428, 0, 0, 180, 180, 3, 78.61%, 1, 1, 2, 7.82
1572012433, 0, 0, 181, 181, 3, 78.66%, 1, 1, 2, 4.94
1572012439, 0, 0, 183, 183, 3, 78.66%, 1, 1, 2, 5.81
1572012444, 0, 0, 184, 184, 3, 78.66%, 1, 1, 2, 4.22
1572012449, 0, 0, 187, 187, 3, 78.66%, 1, 1, 2, 7.63
1572012454, 0, 0, 189, 189, 3, 78.66%, 1, 1, 2, 4.96
1572012459, 0, 0, 191, 191, 3, 78.97%, 1, 1, 2, 5.01
1572012464, 0, 0, 192, 192, 3, 78.97%, 1, 1, 2, 4.59
1572012470, 0, 0, 193, 193, 3, 78.97%, 1, 1, 2, 21.53
1572012475, 0, 0, 197, 197, 3, 79.01%, 1, 1, 2, 33.69
1572012480, 0, 0, 198, 198, 3, 79.01%, 1, 1, 2, 26.82
1572012485, 0, 0, 199, 199, 3, 79.01%, 1, 1, 2, 3.25
1572012490, 0, 0, 200, 200, 3, 79.01%, 1, 1, 2, 21.00
1572012495, 0, 0, 203, 203, 3, 79.16%, 1, 1, 2, 26.10
1572012501, 0, 0, 205, 205, 3, 79.17%, 1, 1, 2, 3.69
1572012506, 0, 0, 208, 208, 3, 79.17%, 1, 1, 2, 3.62
1572012511, 0, 0, 209, 209, 3, 79.17%, 1, 1, 2, 3.78
1572012516, 0, 0, 211, 211, 3, 79.54%, 1, 1, 2, 4.94
1572012521, 0, 0, 213, 213, 3, 79.54%, 1, 1, 2, 6.23
1572012526, 0, 0, 214, 214, 3, 79.54%, 1, 2, 2, 3.91
1572012531, 0, 0, 216, 216, 3, 79.54%, 1, 2, 2, 5.51
1572012537, 0, 0, 219, 219, 3, 79.55%, 1, 2, 2, 7.55
1572012542, 0, 0, 221, 221, 3, 79.55%, 1, 2, 2, 3.51
1572012547, 0, 0, 222, 222, 3, 79.80%, 1, 2, 2, 2.75
1572012552, 0, 0, 227, 227, 3, 79.81%, 1, 2, 2, 3.61
1572012557, 0, 0, 229, 229, 3, 79.81%, 1, 2, 2, 8.10
1572012562, 0, 0, 232, 232, 3, 79.81%, 1, 2, 2, 38.59
1572012567, 0, 0, 233, 233, 3, 79.82%, 1, 2, 2, 2.58
1572012572, 0, 0, 235, 235, 3, 79.82%, 1, 2, 2, 3.47
1572012578, 0, 0, 236, 236, 3, 79.83%, 1, 2, 2, 4.43
1572012583, 0, 0, 240, 240, 3, 79.84%, 1, 2, 2, 3.13
1572012588, 0, 0, 241, 241, 3, 79.84%, 1, 2, 2, 3.47
1572012593, 0, 0, 243, 243, 3, 79.84%, 1, 2, 2, 3.48
1572012598, 0, 0, 245, 245, 3, 79.85%, 1, 2, 2, 13.22
1572012603, 0, 0, 247, 247, 3, 79.85%, 1, 2, 2, 7.03
1572012609, 0, 0, 249, 249, 3, 79.85%, 1, 2, 2, 9.28
1572012614, 0, 0, 252, 252, 3, 79.85%, 1, 2, 2, 9.07
1572012619, 0, 0, 254, 254, 3, 79.85%, 1, 2, 2, 9.52
1572012624, 0, 0, 255, 255, 3, 79.85%, 1, 2, 2, 6.86
1572012629, 0, 0, 257, 257, 3, 79.85%, 1, 2, 2, 9.10
1572012634, 0, 0, 258, 258, 3, 79.87%, 1, 2, 2, 6.84
1572012640, 0, 0, 262, 262, 3, 79.88%, 1, 2, 2, 9.30
1572012645, 0, 0, 263, 263, 3, 79.88%, 1, 2, 2, 7.84
1572012650, 0, 0, 265, 265, 3, 79.88%, 1, 2, 2, 5.39
1572012655, 0, 0, 266, 266, 3, 79.88%, 1, 2, 2, 14.60
1572012660, 0, 0, 269, 269, 3, 80.01%, 1, 2, 2, 12.33
1572012666, 0, 0, 270, 270, 3, 80.02%, 1, 2, 2, 7.45
1572012671, 0, 0, 272, 272, 3, 80.03%, 1, 2, 2, 3.06
1572012676, 0, 0, 274, 274, 3, 80.03%, 1, 2, 2, 3.11
1572012681, 0, 0, 276, 276, 3, 80.03%, 1, 2, 2, 3.00
1572012686, 0, 0, 277, 277, 3, 80.03%, 1, 2, 2, 17.02
1572012691, 0, 0, 279, 279, 3, 80.03%, 1, 2, 2, 3.19
1572012696, 0, 0, 281, 281, 3, 80.03%, 1, 2, 2, 4.01
1572012701, 0, 0, 282, 282, 3, 80.03%, 1, 2, 2, 3.02
1572012707, 0, 0, 283, 283, 3, 80.03%, 1, 2, 2, 11.02
1572012712, 0, 0, 285, 285, 3, 80.03%, 1, 2, 2, 7.74
1572012717, 0, 0, 288, 288, 3, 80.03%, 1, 2, 2, 8.70
1572012722, 0, 0, 290, 290, 3, 80.03%, 1, 2, 2, 6.61
1572012727, 0, 0, 291, 291, 3, 80.03%, 1, 2, 2, 56.50
1572012732, 0, 0, 293, 293, 3, 80.06%, 1, 2, 2, 5.67
1572012738, 0, 0, 296, 296, 3, 80.06%, 1, 2, 2, 3.56
1572012743, 0, 0, 298, 298, 3, 80.06%, 1, 2, 2, 39.47
1572012748, 0, 0, 300, 300, 3, 80.06%, 1, 2, 2, 3.36
1572012753, 0, 1, 300, 299, 62, 80.06%, 1, 2, 2, 63.40
1572012774, 0, 1, 313, 312, 62, 80.13%, 1, 2, 2, 11.58
1572012779, 0, 1, 317, 316, 62, 80.14%, 1, 2, 2, 8.41
1572012784, 0, 1, 322, 321, 62, 80.14%, 1, 2, 2, 2.75
1572012789, 0, 1, 332, 331, 62, 80.14%, 1, 2, 2, 75.50
1572012794, 0, 1, 335, 334, 62, 80.16%, 1, 2, 2, 2.75
1572012799, 0, 1, 336, 335, 62, 80.16%, 1, 2, 2, 2.74
1572012804, 0, 1, 340, 339, 62, 80.52%, 1, 2, 2, 2.33
1572012810, 0, 1, 343, 342, 62, 80.52%, 1, 2, 2, 5.14
1572012815, 0, 1, 346, 345, 62, 80.53%, 1, 2, 2, 6.51
1572012820, 0, 1, 354, 353, 62, 80.53%, 1, 2, 2, 55.48
1572012825, 0, 1, 356, 355, 62, 80.55%, 1, 2, 2, 15.91
1572012830, 0, 1, 364, 363, 62, 80.64%, 1, 2, 2, 91.39
1572012835, 0, 2, 365, 363, 74, 80.64%, 1, 2, 2, 95.91
1572012846, 0, 2, 367, 365, 74, 80.64%, 1, 2, 2, 10.24
1572012851, 0, 2, 369, 367, 74, 80.64%, 1, 2, 2, 10.35
1572012856, 0, 2, 373, 371, 74, 80.68%, 1, 2, 2, 4.66
1572012861, 0, 2, 375, 373, 74, 80.69%, 1, 2, 2, 4.17
1572012866, 0, 2, 376, 374, 74, 80.69%, 1, 2, 2, 4.46
1572012871, 0, 2, 378, 376, 74, 80.69%, 1, 2, 2, 37.47
1572012877, 0, 2, 381, 379, 74, 80.70%, 1, 2, 2, 4.17
1572012882, 0, 2, 384, 382, 74, 81.42%, 1, 2, 2, 3.42
1572012887, 0, 2, 386, 384, 74, 81.42%, 1, 2, 2, 33.60
1572012892, 0, 2, 388, 386, 74, 81.42%, 1, 2, 2, 6.01
1572012897, 0, 2, 392, 390, 74, 81.42%, 1, 2, 2, 7.09
1572012902, 0, 2, 394, 392, 74, 81.55%, 1, 2, 2, 5.45
1572012908, 0, 2, 395, 393, 74, 81.55%, 1, 2, 2, 4.40
1572012913, 0, 2, 397, 395, 74, 81.70%, 1, 2, 2, 4.65
1572012918, 0, 2, 399, 397, 74, 81.71%, 1, 2, 2, 14.56
1572012923, 0, 2, 402, 400, 74, 81.72%, 1, 2, 2, 7.94
1572012928, 0, 2, 403, 401, 74, 81.72%, 2, 2, 2, 43.54
1572012933, 0, 2, 406, 404, 74, 81.86%, 2, 2, 2, 8.00
1572012938, 0, 2, 407, 405, 74, 81.98%, 2, 2, 2, 9.23
1572012943, 0, 2, 410, 408, 74, 81.99%, 2, 2, 2, 4.17
1572012949, 0, 2, 412, 410, 74, 81.99%, 2, 2, 2, 4.40
1572012954, 0, 2, 414, 412, 74, 81.99%, 2, 2, 2, 30.94
1572012959, 0, 2, 417, 415, 74, 81.99%, 2, 2, 2, 46.31
1572012964, 0, 2, 419, 417, 74, 81.99%, 2, 2, 2, 4.15
1572012969, 0, 2, 422, 420, 74, 81.99%, 2, 2, 2, 24.23
1572012975, 0, 2, 424, 422, 74, 82.02%, 3, 2, 2, 5.12
1572012980, 0, 2, 426, 424, 74, 82.03%, 3, 2, 2, 4.34
1572012985, 0, 2, 428, 426, 74, 82.03%, 3, 2, 2, 4.31
1572012990, 0, 2, 430, 428, 74, 82.11%, 3, 2, 2, 28.21
1572012995, 0, 2, 433, 431, 74, 82.11%, 3, 2, 2, 6.08
1572013000, 0, 2, 436, 434, 74, 82.11%, 3, 2, 2, 4.29
1572013005, 0, 2, 438, 436, 74, 82.11%, 3, 2, 2, 38.12
1572013010, 0, 10, 438, 435, 88, 82.11%, 3, 2, 2, 86.86
1572013026, 0, 10, 440, 437, 88, 82.11%, 3, 2, 3, 42.39
1572013031, 0, 24, 441, 437, 87, 82.11%, 3, 2, 3, 83.01
1572013046, 0, 24, 444, 440, 87, 82.12%, 3, 2, 3, 33.50
1572013051, 0, 24, 449, 445, 87, 82.13%, 3, 2, 3, 46.35
1572013058, 0, 24, 452, 448, 87, 82.13%, 3, 2, 3, 51.38
1572013063, 0, 24, 456, 452, 87, 82.13%, 3, 2, 3, 3.01
1572013068, 0, 24, 458, 454, 87, 82.14%, 3, 2, 3, 3.01
1572013073, 0, 24, 459, 455, 87, 82.26%, 3, 2, 3, 2.56
1572013078, 0, 24, 460, 456, 87, 82.26%, 3, 2, 3, 2.99
1572013083, 0, 24, 461, 457, 87, 82.29%, 3, 2, 3, 5.59
1572013089, 0, 24, 462, 458, 87, 82.29%, 3, 2, 3, 7.24
1572013094, 0, 24, 464, 460, 87, 82.29%, 3, 2, 3, 6.45
1572013099, 0, 24, 465, 461, 87, 82.29%, 3, 2, 3, 5.73
1572013104, 0, 24, 466, 462, 87, 82.29%, 3, 2, 3, 5.36
1572013109, 0, 24, 468, 464, 87, 82.29%, 3, 2, 3, 4.24
1572013115, 0, 24, 469, 465, 87, 82.29%, 3, 2, 3, 3.01
1572013120, 0, 24, 472, 468, 87, 82.29%, 3, 2, 3, 6.22
1572013125, 0, 24, 473, 469, 87, 82.29%, 3, 2, 3, 11.14
1572013130, 0, 24, 476, 472, 87, 82.44%, 3, 2, 3, 10.50
1572013135, 0, 24, 477, 473, 87, 82.44%, 3, 2, 3, 8.47
1572013141, 0, 24, 479, 475, 87, 82.44%, 3, 2, 3, 36.89
1572013146, 0, 24, 481, 477, 87, 82.44%, 3, 2, 3, 2.97
1572013151, 0, 24, 483, 479, 87, 82.44%, 3, 2, 3, 14.93
1572013156, 0, 24, 487, 483, 87, 82.44%, 3, 2, 3, 29.21
1572013161, 0, 24, 489, 485, 87, 82.44%, 3, 2, 3, 33.14
1572013166, 0, 24, 491, 487, 87, 82.44%, 3, 2, 3, 38.70
1572013171, 0, 24, 495, 491, 87, 82.44%, 3, 2, 3, 3.52
1572013181, 0, 27, 495, 490, 94, 82.44%, 3, 2, 3, 83.57
1572013197, 0, 27, 497, 492, 94, 82.45%, 4, 2, 3, 3.31
1572013202, 0, 27, 498, 493, 94, 82.45%, 4, 2, 3, 2.96
1572013212, 0, 27, 499, 494, 94, 82.45%, 4, 2, 3, 5.21
1572013217, 0, 27, 502, 497, 94, 82.45%, 4, 2, 3, 3.21
1572013222, 0, 27, 505, 500, 94, 82.70%, 4, 2, 3, 23.01
1572013227, 0, 27, 506, 501, 94, 82.70%, 4, 2, 3, 3.41
1572013232, 0, 27, 507, 502, 94, 82.70%, 4, 2, 3, 2.89
1572013238, 0, 27, 509, 504, 94, 82.71%, 4, 2, 3, 22.74
1572013243, 0, 27, 510, 505, 94, 82.71%, 4, 2, 3, 3.37
1572013248, 0, 27, 512, 507, 94, 82.71%, 4, 2, 3, 3.42
1572013253, 0, 27, 513, 508, 94, 82.72%, 4, 2, 3, 3.51
1572013258, 0, 27, 515, 510, 94, 82.72%, 4, 2, 3, 3.48
1572013263, 0, 27, 519, 514, 94, 82.72%, 4, 2, 3, 10.36
1572013268, 0, 27, 521, 516, 94, 82.72%, 5, 2, 3, 11.28
1572013273, 0, 27, 522, 517, 94, 82.72%, 5, 2, 3, 3.52
1572013279, 0, 27, 522, 517, 94, 82.72%, 5, 3, 3, 11.17
1572013284, 0, 27, 524, 519, 94, 82.72%, 5, 3, 3, 25.64
1572013289, 0, 27, 526, 521, 94, 82.72%, 5, 3, 3, 3.06
1572013294, 0, 27, 528, 523, 94, 82.72%, 5, 3, 3, 9.22
1572013299, 0, 27, 529, 524, 94, 82.72%, 5, 3, 3, 6.78
1572013304, 0, 27, 530, 525, 94, 82.72%, 5, 3, 3, 6.45
1572013310, 0, 27, 532, 527, 94, 82.74%, 5, 3, 3, 10.75
1572013315, 0, 27, 533, 528, 94, 82.74%, 5, 3, 3, 8.59
1572013320, 0, 27, 535, 530, 94, 82.74%, 5, 3, 3, 35.96
1572013325, 0, 27, 536, 531, 94, 82.74%, 5, 3, 3, 3.26
1572013330, 0, 27, 538, 533, 94, 82.74%, 5, 3, 3, 2.82
1572013336, 0, 27, 539, 534, 94, 82.75%, 5, 3, 3, 36.14
1572013341, 0, 27, 541, 536, 94, 82.75%, 5, 3, 3, 24.90
1572013346, 0, 27, 543, 538, 94, 82.79%, 5, 3, 3, 8.70
1572013351, 0, 27, 544, 539, 94, 82.79%, 5, 3, 3, 9.76
1572013356, 0, 32, 544, 538, 105, 82.79%, 5, 3, 3, 102.46
1572013372, 0, 32, 545, 539, 105, 82.79%, 5, 3, 3, 43.07
1572013377, 0, 32, 549, 543, 105, 82.80%, 5, 3, 3, 6.90
1572013382, 0, 32, 551, 545, 105, 82.80%, 5, 3, 3, 13.05
1572013387, 0, 32, 552, 546, 105, 82.80%, 5, 3, 3, 11.29
1572013392, 0, 32, 555, 549, 105, 82.80%, 5, 3, 3, 8.85
1572013397, 0, 32, 556, 550, 105, 82.80%, 5, 3, 3, 14.61
1572013402, 0, 32, 558, 552, 105, 82.81%, 5, 4, 3, 12.39
1572013407, 0, 32, 560, 554, 105, 82.82%, 6, 4, 3, 14.98
1572013413, 0, 32, 562, 556, 105, 82.82%, 6, 4, 3, 1.72
1572013418, 0, 32, 563, 557, 105, 82.82%, 6, 4, 3, 10.95
1572013423, 0, 32, 565, 559, 105, 82.82%, 6, 4, 3, 4.95
1572013428, 0, 37, 565, 558, 107, 82.82%, 6, 4, 3, 64.08
1572013444, 0, 37, 566, 559, 107, 82.82%, 6, 4, 3, 2.97
1572013449, 0, 37, 567, 560, 107, 82.82%, 6, 4, 3, 19.17
1572013454, 0, 37, 569, 562, 107, 82.82%, 6, 4, 3, 3.18
1572013459, 0, 37, 572, 565, 107, 82.82%, 6, 4, 3, 9.42
1572013464, 0, 37, 573, 566, 107, 82.82%, 6, 4, 3, 9.19
1572013470, 0, 37, 575, 568, 107, 82.82%, 7, 4, 3, 48.19
1572013475, 0, 37, 577, 570, 107, 82.82%, 7, 4, 3, 5.67
1572013480, 0, 37, 578, 571, 107, 82.82%, 7, 4, 3, 3.26
1572013485, 0, 37, 580, 573, 107, 82.82%, 7, 4, 3, 2.51
1572013490, 0, 37, 582, 575, 107, 82.82%, 7, 4, 3, 20.48
1572013495, 0, 37, 583, 576, 107, 82.82%, 7, 4, 3, 3.16
1572013501, 0, 37, 585, 578, 107, 82.83%, 7, 4, 3, 3.67
1572013506, 0, 37, 587, 580, 107, 82.94%, 7, 4, 3, 3.15
1572013511, 0, 37, 588, 581, 107, 82.94%, 7, 4, 3, 2.95
1572013516, 0, 37, 590, 583, 107, 82.98%, 7, 4, 3, 3.41
1572013521, 0, 37, 593, 586, 107, 82.98%, 7, 4, 3, 23.02
1572013526, 0, 37, 595, 588, 107, 82.98%, 7, 4, 3, 2.99
1572013532, 0, 37, 597, 590, 107, 82.99%, 7, 4, 3, 19.05
1572013537, 0, 37, 598, 591, 107, 83.00%, 7, 4, 3, 40.93
1572013542, 0, 37, 600, 593, 107, 83.15%, 7, 4, 3, 3.10
1572013547, 0, 37, 602, 595, 107, 83.16%, 7, 4, 3, 3.55
1572013552, 0, 37, 605, 598, 107, 83.16%, 7, 4, 3, 5.81
1572013557, 0, 37, 606, 599, 107, 83.16%, 7, 4, 3, 5.42
1572013562, 0, 37, 608, 601, 107, 83.16%, 7, 4, 3, 4.86
1572013568, 0, 37, 609, 602, 107, 83.16%, 8, 4, 3, 7.98
1572013573, 0, 37, 610, 603, 107, 83.16%, 8, 4, 3, 5.59
1572013578, 0, 37, 612, 605, 107, 83.16%, 8, 4, 3, 3.20
1572013583, 0, 37, 613, 606, 107, 83.16%, 8, 4, 3, 7.79
1572013588, 0, 37, 617, 610, 107, 83.17%, 8, 4, 3, 66.86
1572013594, 0, 37, 618, 611, 107, 83.17%, 8, 4, 3, 17.72
1572013599, 0, 37, 620, 613, 107, 83.17%, 8, 4, 3, 3.60
1572013604, 0, 37, 622, 615, 107, 83.17%, 8, 4, 3, 27.90
1572013609, 0, 37, 623, 616, 107, 83.18%, 8, 4, 3, 4.18
1572013615, 0, 37, 626, 619, 107, 83.18%, 8, 4, 3, 4.21
1572013620, 0, 37, 628, 621, 107, 83.18%, 8, 4, 3, 11.00
1572013625, 0, 37, 629, 622, 107, 83.19%, 8, 4, 3, 6.91
1572013630, 0, 37, 632, 625, 107, 83.19%, 8, 4, 3, 12.26
1572013636, 0, 37, 633, 626, 107, 83.19%, 9, 4, 3, 7.43
1572013641, 0, 37, 634, 627, 107, 83.19%, 9, 4, 3, 97.79
1572013646, 0, 37, 638, 631, 107, 83.19%, 9, 4, 3, 9.67
1572013651, 0, 37, 639, 632, 107, 83.22%, 9, 4, 3, 6.37
1572013657, 0, 37, 640, 633, 107, 83.22%, 9, 4, 3, 8.86
1572013662, 0, 37, 642, 635, 107, 83.24%, 9, 4, 3, 3.62
1572013667, 0, 37, 643, 636, 107, 83.24%, 9, 4, 3, 3.96
1572013672, 0, 37, 644, 637, 107, 83.24%, 9, 4, 3, 3.20
1572013677, 0, 37, 645, 638, 107, 83.24%, 9, 4, 3, 3.08
1572013682, 0, 37, 646, 639, 107, 83.24%, 9, 4, 3, 3.20
1572013688, 0, 37, 647, 640, 107, 83.24%, 9, 4, 3, 10.32
1572013693, 0, 38, 647, 639, 119, 83.24%, 9, 4, 3, 102.64
1572013703, 0, 38, 648, 640, 119, 83.24%, 9, 4, 3, 3.41
1572013708, 0, 38, 649, 641, 119, 83.29%, 9, 4, 3, 3.06
1572013713, 0, 38, 651, 643, 119, 83.29%, 9, 4, 3, 24.77
1572013718, 0, 38, 653, 645, 119, 83.41%, 9, 4, 3, 19.49
1572013724, 0, 38, 656, 648, 119, 83.41%, 9, 4, 3, 2.81
1572013729, 0, 38, 657, 649, 119, 83.41%, 9, 4, 3, 18.83
1572013734, 0, 38, 658, 650, 119, 83.41%, 9, 4, 3, 4.78
1572013739, 0, 38, 660, 652, 119, 83.41%, 9, 4, 3, 3.90
1572013744, 0, 38, 661, 653, 119, 83.41%, 9, 4, 3, 32.19
1572013750, 0, 38, 663, 655, 119, 83.43%, 9, 4, 3, 5.90
1572013755, 0, 38, 664, 656, 119, 83.43%, 9, 5, 3, 5.39
1572013760, 0, 38, 666, 658, 119, 83.43%, 9, 5, 3, 18.99
1572013765, 0, 38, 667, 659, 119, 83.45%, 9, 5, 3, 4.48
1572013770, 0, 38, 668, 660, 119, 83.45%, 9, 5, 3, 30.70
1572013775, 0, 38, 670, 662, 119, 83.45%, 9, 5, 3, 3.62
1572013781, 0, 38, 671, 663, 119, 83.45%, 9, 5, 3, 3.07
1572013786, 0, 38, 673, 665, 119, 83.47%, 9, 5, 3, 3.39
1572013791, 0, 38, 674, 666, 119, 83.47%, 9, 5, 3, 3.21
1572013796, 0, 38, 675, 667, 119, 83.48%, 9, 5, 3, 7.94
1572013801, 0, 38, 676, 668, 119, 83.48%, 9, 5, 3, 9.12
1572013806, 0, 38, 677, 669, 119, 83.50%, 9, 5, 3, 7.22
1572013812, 0, 38, 678, 670, 119, 83.52%, 9, 6, 3, 7.48
1572013818, 0, 38, 680, 672, 119, 83.52%, 9, 6, 3, 34.48
1572013823, 0, 38, 682, 674, 119, 83.56%, 9, 6, 3, 9.00
1572013828, 0, 38, 683, 675, 119, 83.57%, 10, 6, 3, 6.10
1572013833, 0, 38, 685, 677, 119, 83.59%, 10, 6, 3, 3.12
1572013838, 0, 38, 686, 678, 119, 83.59%, 10, 6, 3, 3.08
1572013844, 0, 38, 689, 681, 119, 83.59%, 10, 6, 3, 6.70
1572013849, 0, 38, 691, 683, 119, 83.59%, 10, 6, 3, 5.01
1572013854, 0, 38, 693, 685, 119, 83.59%, 10, 6, 3, 4.90
1572013859, 0, 38, 694, 686, 119, 83.60%, 10, 6, 3, 5.82
1572013864, 0, 38, 695, 687, 119, 83.60%, 10, 6, 3, 3.58
1572013869, 0, 38, 696, 688, 119, 83.60%, 10, 6, 3, 32.71
1572013875, 0, 38, 698, 690, 119, 83.60%, 10, 6, 3, 3.18
1572013880, 0, 38, 699, 691, 119, 83.60%, 11, 6, 3, 89.83
1572013885, 0, 59, 699, 690, 131, 83.60%, 11, 6, 3, 103.02
1572013900, 0, 59, 701, 692, 131, 83.60%, 11, 6, 3, 7.11
1572013906, 0, 59, 702, 693, 131, 83.62%, 11, 6, 3, 7.32
1572013911, 0, 59, 703, 694, 131, 83.62%, 11, 6, 3, 8.89
1572013916, 0, 59, 704, 695, 131, 83.63%, 11, 6, 3, 7.24
1572013921, 0, 59, 705, 696, 131, 83.63%, 11, 6, 3, 6.84
1572013926, 0, 59, 706, 697, 131, 83.63%, 12, 6, 3, 35.49
1572013931, 0, 59, 708, 699, 131, 83.63%, 12, 7, 3, 2.82
1572013936, 0, 59, 709, 700, 131, 83.63%, 12, 7, 3, 2.93
1572013942, 0, 59, 710, 701, 131, 83.63%, 12, 7, 3, 3.10
1572013947, 0, 59, 712, 703, 131, 83.63%, 13, 7, 3, 3.67
1572013952, 0, 59, 713, 704, 131, 83.63%, 13, 7, 3, 3.08
1572013957, 0, 59, 715, 706, 131, 83.63%, 13, 7, 3, 19.82
1572013963, 0, 59, 716, 707, 131, 83.63%, 13, 7, 3, 3.12
1572013968, 0, 59, 717, 708, 131, 83.63%, 13, 7, 3, 22.50
1572013973, 0, 59, 719, 710, 131, 83.63%, 13, 7, 3, 3.12
1572013978, 0, 59, 720, 711, 131, 83.63%, 13, 7, 3, 3.29
1572013983, 0, 59, 722, 713, 131, 83.63%, 13, 7, 3, 25.94
1572013989, 0, 59, 724, 715, 131, 83.66%, 13, 7, 3, 16.45
1572013994, 0, 59, 725, 716, 131, 83.66%, 14, 7, 3, 16.72
1572013999, 0, 59, 726, 717, 131, 83.66%, 14, 7, 3, 9.50
1572014004, 0, 59, 728, 719, 131, 83.66%, 14, 7, 3, 7.17
1572014009, 0, 59, 730, 721, 131, 83.66%, 14, 7, 3, 6.52
1572014014, 0, 59, 732, 723, 131, 83.66%, 14, 7, 3, 32.52
1572014019, 0, 59, 734, 725, 131, 83.66%, 14, 7, 3, 3.97
1572014025, 0, 59, 736, 727, 131, 83.66%, 14, 7, 3, 4.26
1572014030, 0, 59, 738, 729, 131, 83.66%, 14, 7, 3, 6.53
1572014035, 0, 59, 739, 730, 131, 83.66%, 14, 7, 3, 9.14
1572014040, 0, 59, 741, 732, 131, 83.66%, 14, 7, 3, 14.04
1572014045, 0, 59, 742, 733, 131, 83.76%, 14, 7, 3, 7.60
1572014051, 0, 59, 743, 734, 131, 83.76%, 14, 7, 3, 10.10
1572014056, 0, 59, 745, 736, 131, 83.76%, 14, 7, 3, 83.50
1572014061, 0, 59, 746, 737, 131, 83.76%, 14, 7, 3, 10.69
1572014066, 0, 59, 748, 739, 131, 83.77%, 14, 7, 3, 10.74
1572014071, 0, 59, 749, 740, 131, 83.78%, 14, 7, 3, 9.14
1572014077, 0, 59, 750, 741, 131, 83.78%, 14, 7, 3, 3.09
1572014082, 0, 59, 752, 743, 131, 83.78%, 15, 7, 3, 98.13
1572014087, 0, 59, 753, 744, 131, 83.78%, 15, 7, 3, 8.87
1572014092, 0, 59, 755, 746, 131, 83.78%, 15, 7, 3, 3.09
1572014098, 0, 59, 755, 746, 131, 83.78%, 15, 8, 3, 40.38
1572014103, 0, 62, 755, 745, 136, 83.78%, 15, 8, 3, 90.00
1572014118, 0, 62, 756, 746, 136, 83.78%, 15, 8, 3, 10.23
1572014124, 0, 62, 758, 748, 136, 83.78%, 15, 8, 3, 44.60
1572014129, 0, 62, 760, 750, 136, 83.78%, 15, 8, 3, 4.92
1572014134, 0, 62, 761, 751, 136, 83.78%, 16, 8, 3, 3.28
1572014139, 0, 62, 763, 753, 136, 83.78%, 16, 8, 3, 14.53
1572014144, 0, 62, 764, 754, 136, 83.78%, 16, 8, 3, 10.64
1572014149, 0, 62, 766, 756, 136, 83.79%, 16, 8, 3, 9.28
1572014155, 0, 62, 767, 757, 136, 83.79%, 16, 8, 3, 6.27
1572014160, 0, 62, 769, 759, 136, 83.89%, 16, 8, 3, 7.47
1572014165, 0, 62, 770, 760, 136, 83.89%, 16, 8, 3, 4.15
1572014170, 0, 62, 771, 761, 136, 83.89%, 16, 8, 3, 7.03
1572014176, 0, 62, 773, 763, 136, 83.89%, 16, 8, 3, 87.85
1572014181, 0, 62, 775, 765, 136, 83.89%, 16, 8, 3, 13.33
1572014186, 0, 62, 777, 767, 136, 83.89%, 16, 8, 3, 5.61
1572014191, 0, 62, 778, 768, 136, 83.89%, 16, 8, 3, 24.66
1572014196, 0, 62, 780, 770, 136, 83.92%, 16, 8, 3, 2.18
1572014201, 0, 62, 781, 771, 136, 83.92%, 16, 8, 3, 2.68
1572014207, 0, 62, 782, 772, 136, 83.92%, 16, 8, 3, 3.23
1572014212, 0, 62, 783, 773, 136, 83.92%, 16, 8, 3, 73.53
1572014217, 0, 62, 785, 775, 136, 83.92%, 17, 8, 3, 8.94
1572014222, 0, 62, 787, 777, 136, 83.92%, 17, 8, 3, 35.99
1572014227, 0, 62, 788, 778, 136, 83.92%, 17, 8, 3, 3.12
1572014232, 0, 62, 789, 779, 136, 83.92%, 17, 8, 3, 3.08
1572014237, 0, 62, 790, 780, 136, 84.02%, 17, 8, 3, 38.83
1572014242, 0, 62, 792, 782, 136, 84.03%, 17, 8, 3, 3.09
1572014248, 0, 62, 793, 783, 136, 84.03%, 17, 8, 3, 5.03
1572014253, 0, 62, 794, 784, 136, 84.04%, 17, 8, 3, 5.57
1572014258, 0, 62, 796, 786, 136, 84.04%, 17, 8, 3, 4.91
1572014263, 0, 66, 796, 785, 137, 84.04%, 17, 8, 3, 101.85
1572014278, 0, 66, 797, 786, 137, 84.04%, 17, 8, 3, 3.09
1572014283, 0, 66, 800, 789, 137, 84.06%, 17, 8, 3, 15.51
1572014293, 0, 66, 801, 790, 137, 84.06%, 17, 8, 3, 3.08
1572014298, 0, 66, 802, 791, 137, 84.09%, 17, 8, 3, 5.22
1572014304, 0, 66, 804, 793, 137, 84.09%, 17, 8, 3, 3.06
1572014309, 0, 66, 805, 794, 137, 84.11%, 17, 8, 3, 51.87
1572014314, 0, 66, 807, 796, 137, 84.11%, 17, 8, 3, 3.11
1572014319, 0, 66, 809, 798, 137, 84.11%, 17, 8, 3, 18.18
1572014329, 0, 66, 810, 799, 137, 84.11%, 17, 8, 3, 3.34
1572014335, 0, 66, 810, 799, 137, 84.11%, 19, 8, 3, 13.08
1572014340, 0, 66, 811, 800, 137, 84.11%, 19, 8, 3, 10.49
1572014345, 0, 66, 812, 801, 137, 84.11%, 19, 8, 3, 65.31
1572014350, 0, 66, 814, 803, 137, 84.11%, 19, 8, 3, 8.60
1572014355, 0, 66, 817, 806, 137, 84.11%, 19, 8, 3, 3.30
1572014360, 0, 66, 818, 807, 137, 84.12%, 19, 8, 3, 2.69
1572014365, 0, 66, 819, 808, 137, 84.12%, 19, 8, 3, 3.30
1572014370, 0, 66, 821, 810, 137, 84.12%, 19, 8, 3, 3.33
1572014376, 0, 66, 822, 811, 137, 84.12%, 19, 8, 3, 2.51
1572014381, 0, 66, 823, 812, 137, 84.15%, 19, 8, 3, 2.25
1572014386, 0, 66, 824, 813, 137, 84.15%, 19, 8, 3, 3.35
1572014397, 0, 77, 824, 812, 141, 84.15%, 19, 8, 3, 101.45
1572014407, 0, 77, 825, 813, 141, 84.15%, 19, 8, 3, 8.52
1572014412, 0, 77, 826, 814, 141, 84.15%, 19, 8, 3, 7.17
1572014417, 0, 77, 829, 817, 141, 84.16%, 19, 8, 3, 5.35
1572014423, 0, 77, 830, 818, 141, 84.16%, 19, 8, 3, 4.91
1572014428, 0, 77, 832, 820, 141, 84.16%, 19, 8, 3, 3.01
1572014433, 0, 77, 833, 821, 141, 84.16%, 19, 8, 3, 3.00
1572014438, 0, 77, 834, 822, 141, 84.16%, 19, 8, 3, 3.72
1572014443, 0, 77, 836, 824, 141, 84.16%, 19, 8, 3, 3.00
1572014448, 0, 77, 837, 825, 141, 84.16%, 19, 8, 3, 3.01
1572014454, 0, 77, 838, 826, 141, 84.16%, 19, 8, 3, 10.95
1572014459, 0, 77, 839, 827, 141, 84.16%, 19, 8, 3, 6.99
1572014464, 0, 77, 840, 828, 141, 84.16%, 19, 8, 3, 10.48
1572014469, 0, 77, 841, 829, 141, 84.16%, 19, 8, 3, 8.06
1572014474, 0, 77, 843, 831, 141, 84.16%, 19, 8, 3, 6.37
1572014479, 0, 77, 844, 832, 141, 84.16%, 19, 8, 3, 6.00
1572014484, 0, 77, 845, 833, 141, 84.16%, 19, 9, 3, 7.06
1572014489, 0, 77, 846, 834, 141, 84.16%, 19, 9, 3, 4.93
1572014494, 0, 77, 848, 836, 141, 84.16%, 19, 9, 3, 16.19
1572014500, 0, 77, 851, 839, 141, 84.16%, 19, 9, 3, 4.48
1572014505, 0, 77, 852, 840, 141, 84.16%, 19, 9, 3, 2.99
1572014510, 0, 77, 855, 843, 141, 84.17%, 19, 9, 3, 84.02
1572014515, 0, 77, 856, 844, 141, 84.17%, 19, 9, 3, 44.87
1572014521, 0, 77, 858, 846, 141, 84.17%, 20, 9, 3, 6.05
1572014526, 0, 77, 859, 847, 141, 84.17%, 21, 9, 3, 3.71
1572014531, 0, 77, 861, 849, 141, 84.18%, 21, 9, 3, 3.70
1572014536, 0, 77, 862, 850, 141, 84.21%, 23, 9, 3, 21.21
1572014541, 0, 77, 863, 851, 141, 84.21%, 23, 9, 3, 36.12
1572014546, 0, 77, 865, 853, 141, 84.21%, 23, 9, 3, 19.31
1572014557, 0, 77, 866, 854, 141, 84.28%, 23, 9, 3, 3.52
1572014567, 0, 77, 868, 856, 141, 84.28%, 23, 9, 3, 14.57
1572014572, 0, 77, 869, 857, 141, 84.28%, 23, 9, 3, 6.06
1572014578, 0, 77, 870, 858, 141, 84.28%, 23, 9, 3, 6.39
1572014583, 0, 77, 872, 860, 141, 84.28%, 23, 9, 3, 37.38
1572014588, 0, 77, 873, 861, 141, 84.28%, 23, 10, 3, 3.15
1572014594, 0, 77, 875, 863, 141, 84.28%, 23, 10, 3, 4.83
1572014599, 0, 77, 876, 864, 141, 84.28%, 23, 10, 3, 4.44
1572014604, 0, 77, 877, 865, 141, 84.28%, 23, 10, 3, 3.47
1572014609, 0, 77, 878, 866, 141, 84.28%, 23, 10, 3, 36.02
1572014614, 0, 77, 880, 868, 141, 84.28%, 23, 10, 3, 3.10
1572014619, 0, 77, 881, 869, 141, 84.28%, 23, 10, 3, 5.82
1572014624, 0, 77, 883, 871, 141, 84.30%, 23, 10, 3, 6.92
1572014630, 0, 77, 886, 874, 141, 84.30%, 24, 10, 3, 30.78
1572014635, 0, 77, 887, 875, 141, 84.30%, 24, 10, 3, 2.99
1572014640, 0, 77, 889, 877, 141, 84.30%, 24, 10, 3, 6.40
1572014645, 0, 80, 890, 877, 150, 84.30%, 24, 10, 3, 62.00
1572014660, 0, 80, 891, 878, 150, 84.31%, 25, 10, 3, 7.38
1572014665, 0, 80, 893, 880, 150, 84.31%, 25, 10, 3, 6.28
1572014670, 0, 80, 896, 883, 150, 84.32%, 25, 10, 3, 7.48
1572014681, 0, 80, 898, 885, 150, 84.39%, 25, 10, 3, 6.10
1572014686, 0, 80, 900, 887, 150, 84.41%, 25, 10, 3, 3.30
1572014691, 0, 80, 901, 888, 150, 84.41%, 25, 10, 3, 4.10
1572014696, 0, 80, 903, 890, 150, 84.41%, 25, 10, 3, 9.43
1572014701, 0, 80, 904, 891, 150, 84.41%, 25, 10, 3, 3.55
1572014707, 0, 80, 906, 893, 150, 84.47%, 25, 10, 3, 3.51
1572014712, 0, 80, 908, 895, 150, 84.48%, 25, 10, 3, 3.87
1572014717, 0, 80, 910, 897, 150, 84.48%, 25, 10, 3, 3.55
1572014722, 0, 80, 911, 898, 150, 84.48%, 25, 10, 3, 8.14
1572014727, 0, 80, 912, 899, 150, 84.48%, 26, 10, 3, 41.18
1572014733, 0, 80, 914, 901, 150, 84.48%, 27, 10, 3, 5.04
1572014738, 0, 80, 915, 902, 150, 84.48%, 27, 10, 3, 4.55
1572014743, 0, 80, 916, 903, 150, 84.48%, 27, 10, 3, 3.36
1572014748, 0, 80, 918, 905, 150, 84.50%, 27, 10, 3, 31.18
1572014753, 0, 80, 920, 907, 150, 84.50%, 27, 10, 3, 20.77
1572014758, 0, 80, 921, 908, 150, 84.50%, 27, 10, 3, 3.18
1572014764, 0, 80, 922, 909, 150, 84.50%, 27, 10, 3, 10.45
1572014769, 0, 80, 923, 910, 150, 84.50%, 27, 10, 3, 9.63
1572014774, 0, 80, 924, 911, 150, 84.50%, 27, 10, 3, 10.63
1572014779, 0, 80, 925, 912, 150, 84.50%, 27, 10, 3, 9.37
1572014784, 0, 80, 926, 913, 150, 84.50%, 27, 10, 3, 3.12
1572014790, 0, 80, 927, 914, 150, 84.50%, 27, 10, 3, 3.12
1572014795, 0, 80, 928, 915, 150, 84.50%, 27, 10, 3, 18.14
1572014800, 0, 80, 931, 918, 150, 84.50%, 27, 10, 3, 49.32
1572014805, 0, 104, 931, 917, 152, 84.50%, 27, 10, 3, 50.76
1572014820, 0, 104, 932, 918, 152, 84.51%, 27, 10, 3, 28.34
1572014826, 0, 104, 934, 920, 152, 84.51%, 27, 10, 3, 6.76
1572014831, 0, 104, 935, 921, 152, 84.51%, 27, 10, 3, 28.78
1572014836, 0, 104, 936, 922, 152, 84.51%, 27, 10, 3, 2.38
1572014841, 0, 104, 937, 923, 152, 84.51%, 27, 10, 3, 15.88
1572014846, 0, 104, 938, 924, 152, 84.51%, 27, 10, 3, 10.78
1572014851, 0, 104, 939, 925, 152, 84.51%, 28, 10, 3, 2.39
1572014857, 0, 118, 939, 924, 152, 84.51%, 28, 10, 3, 91.20
1572014872, 0, 118, 940, 925, 152, 84.51%, 28, 10, 3, 2.97
1572014877, 0, 118, 942, 927, 152, 84.52%, 28, 10, 3, 3.16
1572014882, 0, 118, 944, 929, 152, 84.52%, 28, 10, 3, 4.69
1572014887, 0, 118, 945, 930, 152, 84.53%, 28, 10, 3, 4.45
1572014892, 0, 118, 946, 931, 152, 84.53%, 28, 10, 3, 3.68
1572014898, 0, 118, 947, 932, 152, 84.53%, 28, 10, 3, 6.52
1572014903, 0, 118, 949, 934, 152, 84.53%, 28, 10, 3, 6.68
1572014908, 0, 118, 950, 935, 152, 84.54%, 28, 10, 3, 5.07
1572014913, 0, 118, 951, 936, 152, 84.54%, 28, 10, 3, 3.24
1572014918, 0, 118, 952, 937, 152, 84.54%, 28, 10, 3, 9.50
1572014923, 0, 118, 953, 938, 152, 84.54%, 28, 10, 3, 2.46
1572014928, 0, 118, 954, 939, 152, 84.56%, 28, 10, 3, 4.40
1572014933, 0, 118, 956, 941, 152, 84.56%, 28, 10, 3, 4.79
1572014939, 0, 118, 957, 942, 152, 84.57%, 28, 10, 3, 5.68
1572014944, 0, 118, 959, 944, 152, 84.58%, 28, 10, 3, 4.87
1572014949, 0, 118, 960, 945, 152, 84.58%, 28, 10, 3, 35.16
1572014954, 0, 118, 961, 946, 152, 84.58%, 28, 10, 3, 3.25
1572014959, 0, 118, 963, 948, 152, 84.58%, 28, 10, 3, 2.90
1572014964, 0, 118, 964, 949, 152, 84.58%, 28, 10, 3, 2.86
1572014975, 0, 118, 966, 951, 152, 84.60%, 29, 10, 3, 2.80
1572014980, 0, 118, 967, 952, 152, 84.60%, 29, 10, 3, 25.70
1572014985, 0, 118, 968, 953, 152, 84.60%, 29, 10, 3, 2.68
1572014990, 0, 118, 969, 954, 152, 84.60%, 29, 10, 3, 7.85
1572014995, 0, 118, 970, 955, 152, 84.60%, 29, 10, 3, 4.86
1572015000, 0, 118, 972, 957, 152, 84.60%, 29, 10, 3, 2.58
1572015006, 0, 118, 973, 958, 152, 84.60%, 29, 10, 3, 2.69
1572015011, 0, 118, 974, 959, 152, 84.61%, 29, 10, 3, 2.49
1572015016, 0, 118, 975, 960, 152, 84.61%, 29, 10, 3, 3.42
1572015021, 0, 118, 977, 962, 152, 84.61%, 29, 10, 3, 3.00
1572015031, 0, 118, 979, 964, 152, 84.61%, 29, 10, 3, 16.24
1572015036, 0, 118, 980, 965, 152, 84.61%, 29, 10, 3, 3.43
1572015042, 0, 118, 982, 967, 152, 84.62%, 29, 10, 3, 11.09
1572015047, 0, 118, 983, 968, 152, 84.62%, 29, 10, 3, 7.16
1572015052, 0, 118, 984, 969, 152, 84.62%, 29, 10, 3, 5.99
1572015057, 0, 118, 985, 970, 152, 84.63%, 29, 10, 3, 2.77
1572015062, 0, 118, 986, 971, 152, 84.63%, 29, 10, 3, 4.25
1572015068, 0, 118, 988, 973, 152, 84.63%, 29, 10, 3, 2.53
1572015073, 0, 118, 989, 974, 152, 84.63%, 29, 10, 3, 8.01
1572015078, 0, 118, 990, 975, 152, 84.63%, 29, 10, 3, 6.00
1572015083, 0, 118, 991, 976, 152, 84.63%, 29, 10, 3, 8.68
1572015089, 0, 118, 992, 977, 152, 84.63%, 29, 10, 3, 5.94
1572015094, 0, 118, 993, 978, 152, 84.63%, 29, 10, 3, 2.49
1572015099, 0, 118, 994, 979, 152, 84.63%, 29, 10, 3, 2.45
1572015104, 0, 118, 995, 980, 152, 84.63%, 29, 10, 3, 3.24
1572015114, 0, 118, 996, 981, 152, 84.63%, 29, 10, 3, 78.26
1572015120, 0, 118, 997, 982, 152, 84.63%, 29, 10, 3, 6.97
1572015125, 0, 118, 999, 984, 152, 84.63%, 29, 10, 3, 6.80
1572015135, 0, 118, 1000, 985, 152, 84.65%, 29, 10, 3, 6.44
1572015140, 0, 118, 1001, 986, 152, 84.65%, 29, 10, 3, 8.00
1572015145, 0, 118, 1002, 987, 152, 84.65%, 29, 10, 3, 5.47
1572015151, 0, 118, 1003, 988, 152, 84.65%, 29, 10, 3, 5.29
1572015156, 0, 118, 1004, 989, 152, 84.65%, 29, 10, 3, 2.71
1572015161, 0, 118, 1005, 990, 152, 84.65%, 29, 10, 3, 22.40
1572015166, 0, 118, 1007, 992, 152, 84.65%, 29, 10, 3, 7.11
1572015172, 0, 118, 1008, 993, 152, 84.65%, 29, 10, 3, 63.31
1572015177, 0, 118, 1009, 994, 152, 84.65%, 29, 10, 3, 2.81
1572015183, 0, 118, 1009, 994, 152, 84.65%, 30, 10, 3, 7.73
1572015188, 0, 121, 1010, 994, 164, 84.65%, 30, 10, 3, 56.05
1572015198, 0, 135, 1010, 993, 163, 84.65%, 30, 10, 3, 99.73
1572015213, 0, 135, 1011, 994, 163, 84.67%, 30, 10, 3, 40.08
1572015218, 0, 135, 1013, 996, 163, 84.67%, 30, 10, 3, 29.89
1572015229, 0, 135, 1014, 997, 163, 84.67%, 30, 10, 3, 23.53
1572015234, 0, 135, 1015, 998, 163, 84.67%, 30, 10, 3, 3.75
1572015239, 0, 135, 1016, 999, 163, 84.67%, 30, 10, 3, 34.33
1572015244, 0, 136, 1016, 998, 164, 84.67%, 30, 10, 3, 83.95
1572015260, 0, 136, 1019, 1001, 164, 84.67%, 30, 10, 3, 3.05
1572015265, 0, 136, 1020, 1002, 164, 84.67%, 30, 11, 3, 3.05
1572015270, 0, 136, 1022, 1004, 164, 84.69%, 30, 11, 3, 10.26
1572015275, 0, 136, 1024, 1006, 164, 84.69%, 30, 11, 3, 3.04
1572015281, 0, 136, 1025, 1007, 164, 84.71%, 30, 11, 3, 2.60
1572015291, 0, 136, 1026, 1008, 164, 84.72%, 30, 11, 3, 3.05
1572015296, 0, 136, 1027, 1009, 164, 84.72%, 30, 11, 3, 2.96
1572015301, 0, 136, 1029, 1011, 164, 84.72%, 30, 11, 3, 7.85
1572015306, 0, 136, 1031, 1013, 164, 84.72%, 30, 11, 3, 6.61
1572015316, 0, 136, 1033, 1015, 164, 84.74%, 30, 11, 3, 6.20
1572015322, 0, 136, 1034, 1016, 164, 84.74%, 30, 11, 3, 27.67
1572015327, 0, 136, 1035, 1017, 164, 84.74%, 30, 11, 3, 22.28
1572015332, 0, 136, 1036, 1018, 164, 84.74%, 30, 11, 3, 36.79
1572015337, 0, 136, 1038, 1020, 164, 84.74%, 30, 11, 3, 7.91
1572015342, 0, 136, 1040, 1022, 164, 84.74%, 30, 11, 3, 5.25
1572015347, 0, 136, 1041, 1023, 164, 84.75%, 30, 11, 3, 2.95
1572015352, 0, 136, 1043, 1025, 164, 84.75%, 30, 11, 3, 3.23
1572015357, 0, 136, 1044, 1026, 164, 84.75%, 30, 11, 3, 4.39
1572015363, 0, 136, 1045, 1027, 164, 84.75%, 30, 11, 3, 5.44
1572015368, 0, 136, 1046, 1028, 164, 84.75%, 30, 11, 3, 3.17
1572015373, 0, 136, 1047, 1029, 164, 84.75%, 30, 11, 3, 2.86
1572015378, 0, 136, 1048, 1030, 164, 84.75%, 30, 11, 3, 2.92
1572015383, 0, 136, 1049, 1031, 164, 84.75%, 30, 11, 3, 63.65
1572015389, 0, 136, 1050, 1032, 164, 84.75%, 30, 11, 3, 37.03
1572015394, 0, 136, 1052, 1034, 164, 84.75%, 30, 11, 3, 3.12
1572015399, 0, 136, 1053, 1035, 164, 84.75%, 30, 11, 3, 3.12
1572015404, 0, 136, 1054, 1036, 164, 84.75%, 30, 11, 3, 8.98
1572015409, 0, 136, 1056, 1038, 164, 84.75%, 30, 11, 3, 7.80
1572015420, 0, 139, 1057, 1038, 169, 84.75%, 30, 11, 3, 82.26
1572015435, 0, 139, 1058, 1039, 169, 84.75%, 30, 11, 3, 3.42
1572015440, 0, 139, 1059, 1040, 169, 84.75%, 30, 11, 3, 3.42
1572015445, 0, 139, 1061, 1042, 169, 84.75%, 30, 11, 3, 2.99
1572015450, 0, 139, 1062, 1043, 169, 84.75%, 30, 11, 3, 4.38
1572015456, 0, 139, 1063, 1044, 169, 84.75%, 30, 11, 3, 2.95
1572015461, 0, 139, 1064, 1045, 169, 84.75%, 30, 11, 3, 3.00
1572015466, 0, 139, 1065, 1046, 169, 84.75%, 30, 11, 3, 19.38
1572015471, 0, 139, 1067, 1048, 169, 84.75%, 30, 11, 3, 2.99
1572015476, 0, 139, 1068, 1049, 169, 84.75%, 30, 11, 3, 3.23
1572015481, 0, 139, 1069, 1050, 169, 84.75%, 30, 11, 3, 3.34
1572015486, 0, 139, 1071, 1052, 169, 84.76%, 31, 11, 3, 6.44
1572015492, 0, 139, 1072, 1053, 169, 84.76%, 31, 11, 3, 5.29
1572015497, 0, 139, 1073, 1054, 169, 84.76%, 31, 11, 3, 2.99
1572015502, 0, 139, 1075, 1056, 169, 84.76%, 31, 11, 3, 10.03
1572015507, 0, 139, 1076, 1057, 169, 84.76%, 31, 11, 3, 2.97
1572015512, 0, 139, 1077, 1058, 169, 84.76%, 31, 11, 3, 2.85
1572015518, 0, 139, 1079, 1060, 169, 84.76%, 31, 11, 3, 3.51
1572015523, 0, 139, 1081, 1062, 169, 84.76%, 31, 11, 3, 4.10
1572015528, 0, 139, 1082, 1063, 169, 84.77%, 31, 11, 3, 2.88
1572015533, 0, 139, 1083, 1064, 169, 84.77%, 31, 11, 3, 6.88
1572015539, 0, 139, 1084, 1065, 169, 84.77%, 31, 11, 3, 7.40
1572015544, 0, 139, 1085, 1066, 169, 84.77%, 31, 11, 3, 7.20
1572015549, 0, 139, 1087, 1068, 169, 84.77%, 31, 11, 3, 3.26
1572015554, 0, 139, 1088, 1069, 169, 84.77%, 31, 11, 3, 3.20
1572015559, 0, 139, 1089, 1070, 169, 84.77%, 31, 11, 3, 3.08
1572015564, 0, 139, 1091, 1072, 169, 84.77%, 31, 11, 3, 26.82
1572015569, 0, 139, 1093, 1074, 169, 84.77%, 31, 11, 3, 3.16
1572015580, 0, 139, 1094, 1075, 169, 84.77%, 32, 11, 3, 2.79
1572015590, 0, 139, 1097, 1078, 169, 84.77%, 32, 11, 3, 17.71
1572015596, 0, 139, 1098, 1079, 169, 84.83%, 32, 11, 3, 3.27
1572015601, 0, 139, 1099, 1080, 169, 84.83%, 32, 11, 3, 3.63
1572015606, 0, 139, 1100, 1081, 169, 84.83%, 32, 11, 3, 23.34
1572015611, 0, 139, 1101, 1082, 169, 84.83%, 32, 11, 3, 3.08
1572015616, 0, 139, 1103, 1084, 169, 84.83%, 32, 11, 3, 2.99
1572015621, 0, 139, 1104, 1085, 169, 84.83%, 32, 11, 3, 23.51
1572015626, 0, 139, 1106, 1087, 169, 84.83%, 32, 11, 3, 2.84
1572015632, 0, 139, 1108, 1089, 169, 84.83%, 32, 11, 3, 23.33
1572015637, 0, 139, 1109, 1090, 169, 84.83%, 32, 11, 3, 10.87
1572015642, 0, 139, 1111, 1092, 169, 84.83%, 32, 11, 3, 6.70
1572015647, 0, 139, 1112, 1093, 169, 84.83%, 32, 11, 3, 5.41
1572015652, 0, 139, 1114, 1095, 169, 84.83%, 32, 11, 3, 4.54
1572015657, 0, 139, 1115, 1096, 169, 84.83%, 32, 11, 3, 2.71
1572015662, 0, 139, 1116, 1097, 169, 84.83%, 32, 11, 3, 2.99
1572015667, 0, 139, 1117, 1098, 169, 84.83%, 32, 11, 3, 2.53
1572015673, 0, 139, 1118, 1099, 169, 84.83%, 32, 11, 3, 2.95
1572015683, 0, 139, 1120, 1101, 169, 84.83%, 32, 11, 3, 7.73
1572015688, 0, 139, 1122, 1103, 169, 84.83%, 32, 11, 3, 8.28
1572015693, 0, 139, 1123, 1104, 169, 84.83%, 32, 11, 3, 2.83
1572015698, 0, 139, 1124, 1105, 169, 84.83%, 32, 11, 3, 4.09
1572015704, 0, 139, 1126, 1107, 169, 84.84%, 33, 11, 3, 3.44
1572015714, 0, 139, 1127, 1108, 169, 84.84%, 33, 11, 3, 6.17
1572015719, 0, 140, 1127, 1107, 177, 84.84%, 33, 11, 3, 83.25
1572015734, 0, 140, 1128, 1108, 177, 84.84%, 33, 11, 3, 10.36
1572015740, 0, 140, 1129, 1109, 177, 84.84%, 33, 11, 3, 7.95
1572015750, 0, 140, 1130, 1110, 177, 84.84%, 33, 11, 3, 8.10
1572015755, 0, 140, 1132, 1112, 177, 84.84%, 33, 11, 3, 88.44
1572015760, 0, 140, 1134, 1114, 177, 84.84%, 33, 11, 3, 3.39
1572015765, 0, 140, 1136, 1116, 177, 84.84%, 33, 11, 3, 38.60
1572015771, 0, 140, 1137, 1117, 177, 84.84%, 33, 11, 3, 3.81
1572015776, 0, 140, 1139, 1119, 177, 84.84%, 33, 11, 3, 3.34
1572015781, 0, 140, 1140, 1120, 177, 84.84%, 33, 11, 3, 3.52
1572015791, 0, 140, 1142, 1122, 177, 84.85%, 33, 11, 3, 19.91
1572015797, 0, 140, 1143, 1123, 177, 84.85%, 33, 11, 3, 3.12
1572015802, 0, 142, 1143, 1122, 179, 84.85%, 33, 11, 3, 72.75
1572015817, 0, 142, 1144, 1123, 179, 84.85%, 33, 11, 3, 2.79
1572015822, 0, 142, 1146, 1125, 179, 84.85%, 33, 11, 3, 33.18
1572015827, 0, 142, 1147, 1126, 179, 84.85%, 33, 11, 3, 7.26
1572015833, 0, 142, 1148, 1127, 179, 84.85%, 33, 11, 3, 2.92
1572015838, 0, 142, 1149, 1128, 179, 84.85%, 33, 11, 3, 3.08
1572015843, 0, 142, 1150, 1129, 179, 84.85%, 33, 11, 3, 11.74
1572015848, 0, 142, 1151, 1130, 179, 84.85%, 33, 11, 3, 11.12
1572015858, 0, 142, 1152, 1131, 179, 84.85%, 33, 11, 3, 8.64
1572015863, 0, 142, 1153, 1132, 179, 84.86%, 33, 11, 3, 7.06
1572015868, 0, 142, 1154, 1133, 179, 84.86%, 33, 11, 3, 56.37
1572015873, 0, 142, 1156, 1135, 179, 84.86%, 33, 11, 3, 6.25
1572015879, 0, 142, 1157, 1136, 179, 84.86%, 33, 11, 3, 3.02
1572015884, 0, 142, 1158, 1137, 179, 84.86%, 33, 11, 3, 3.01
1572015889, 0, 142, 1160, 1139, 179, 84.86%, 33, 11, 3, 5.23
1572015894, 0, 142, 1162, 1141, 179, 84.86%, 33, 11, 3, 30.91
1572015899, 0, 142, 1163, 1142, 179, 84.86%, 33, 11, 3, 3.00
1572015904, 0, 142, 1164, 1143, 179, 84.86%, 33, 11, 3, 8.16
1572015910, 0, 142, 1166, 1145, 179, 84.86%, 33, 11, 3, 5.63
1572015915, 0, 142, 1167, 1146, 179, 84.86%, 33, 11, 3, 3.01
1572015920, 0, 142, 1169, 1148, 179, 84.88%, 33, 11, 3, 3.26
1572015925, 0, 142, 1171, 1150, 179, 84.88%, 33, 11, 3, 4.15
1572015935, 0, 142, 1173, 1152, 179, 84.88%, 33, 11, 3, 6.96
1572015940, 0, 142, 1174, 1153, 179, 84.88%, 33, 11, 3, 5.41
1572015946, 0, 142, 1175, 1154, 179, 84.88%, 33, 11, 3, 16.20
1572015951, 0, 142, 1177, 1156, 179, 84.88%, 33, 11, 3, 22.31
1572015956, 0, 142, 1178, 1157, 179, 84.88%, 33, 11, 3, 3.79
1572015961, 0, 142, 1179, 1158, 179, 84.88%, 33, 11, 3, 3.00
1572015966, 0, 142, 1182, 1161, 179, 84.88%, 33, 11, 3, 3.05
1572015971, 0, 142, 1183, 1162, 179, 84.88%, 33, 11, 3, 3.66
1572015976, 0, 142, 1183, 1162, 179, 84.88%, 33, 12, 3, 12.05
1572015981, 0, 142, 1184, 1163, 179, 84.88%, 33, 12, 3, 91.35
1572015986, 0, 142, 1185, 1164, 179, 84.88%, 33, 12, 3, 2.34
1572015991, 0, 142, 1187, 1166, 179, 84.88%, 33, 12, 3, 3.22
1572015997, 0, 142, 1188, 1167, 179, 84.88%, 33, 12, 3, 9.75
1572016012, 0, 142, 1190, 1169, 179, 84.89%, 33, 12, 3, 3.10
1572016018, 0, 142, 1191, 1170, 179, 84.90%, 33, 12, 3, 12.68
1572016023, 0, 142, 1192, 1171, 179, 84.91%, 33, 12, 3, 8.93
1572016028, 0, 142, 1193, 1172, 179, 84.91%, 33, 12, 3, 8.52
1572016033, 0, 142, 1194, 1173, 179, 84.93%, 33, 12, 3, 10.61
1572016038, 0, 142, 1196, 1175, 179, 84.94%, 33, 12, 3, 12.17
1572016043, 0, 142, 1196, 1175, 179, 84.94%, 33, 13, 3, 2.95
1572016049, 0, 142, 1197, 1176, 179, 84.94%, 33, 14, 3, 4.63
1572016054, 0, 142, 1197, 1176, 179, 84.94%, 34, 14, 3, 3.09
1572016064, 0, 142, 1198, 1177, 179, 84.95%, 34, 14, 3, 10.06
1572016069, 0, 153, 1198, 1176, 192, 84.95%, 35, 14, 3, 99.43
1572016084, 0, 153, 1199, 1177, 192, 84.96%, 35, 14, 3, 10.52
1572016090, 0, 153, 1200, 1178, 192, 84.96%, 35, 14, 3, 8.00
1572016095, 0, 153, 1201, 1179, 192, 85.03%, 35, 14, 3, 95.00
1572016100, 0, 153, 1204, 1182, 192, 85.05%, 35, 14, 3, 6.56
1572016106, 0, 153, 1207, 1185, 192, 85.05%, 35, 14, 3, 13.57
1572016111, 0, 153, 1210, 1188, 192, 85.05%, 35, 14, 3, 17.24
1572016116, 0, 153, 1212, 1190, 192, 85.05%, 35, 14, 3, 17.87
1572016121, 0, 153, 1214, 1192, 192, 85.07%, 35, 14, 3, 3.03
1572016126, 0, 153, 1215, 1193, 192, 85.17%, 35, 14, 3, 6.37
1572016132, 0, 159, 1215, 1192, 192, 85.17%, 36, 14, 3, 86.60
1572016147, 0, 159, 1217, 1194, 192, 85.17%, 36, 14, 3, 83.12
1572016152, 0, 159, 1218, 1195, 192, 85.17%, 36, 14, 3, 3.73
1572016157, 0, 159, 1220, 1197, 192, 85.18%, 36, 14, 3, 3.46
1572016163, 0, 159, 1221, 1198, 192, 85.18%, 36, 14, 3, 3.08
1572016168, 0, 159, 1223, 1200, 192, 85.18%, 37, 14, 3, 3.09
1572016173, 0, 159, 1224, 1201, 192, 85.18%, 37, 14, 3, 7.89
1572016178, 0, 159, 1226, 1203, 192, 85.30%, 37, 14, 3, 6.98
1572016183, 0, 159, 1227, 1204, 192, 85.30%, 37, 14, 3, 17.17
1572016189, 0, 159, 1228, 1205, 192, 85.30%, 37, 14, 3, 3.16
1572016194, 0, 159, 1230, 1207, 192, 85.30%, 37, 14, 3, 3.16
1572016199, 0, 159, 1231, 1208, 192, 85.30%, 37, 14, 3, 6.62
1572016204, 0, 159, 1232, 1209, 192, 85.30%, 37, 14, 3, 8.94
1572016209, 0, 159, 1233, 1210, 192, 85.30%, 37, 14, 3, 8.19
1572016214, 0, 159, 1234, 1211, 192, 85.30%, 37, 14, 3, 8.23
1572016220, 0, 159, 1235, 1212, 192, 85.30%, 37, 14, 3, 16.15
1572016225, 0, 159, 1236, 1213, 192, 85.30%, 37, 14, 3, 35.03
1572016230, 0, 160, 1236, 1212, 195, 85.30%, 37, 14, 3, 89.54
1572016245, 0, 160, 1237, 1213, 195, 85.30%, 37, 14, 3, 3.01
1572016250, 0, 160, 1238, 1214, 195, 85.30%, 37, 14, 3, 3.31
1572016261, 0, 165, 1238, 1213, 195, 85.30%, 37, 14, 3, 108.17
1572016266, 0, 181, 1238, 1212, 194, 85.30%, 37, 14, 3, 102.47
1572016287, 0, 181, 1240, 1214, 194, 85.30%, 37, 14, 3, 11.06
1572016297, 0, 181, 1242, 1216, 194, 85.30%, 37, 14, 3, 8.83
1572016302, 0, 181, 1243, 1217, 194, 85.30%, 37, 14, 3, 8.55
1572016307, 0, 181, 1244, 1218, 194, 85.30%, 38, 14, 3, 21.98
1572016313, 0, 181, 1246, 1220, 194, 85.30%, 38, 14, 3, 3.80
1572016318, 0, 181, 1247, 1221, 194, 85.30%, 38, 14, 3, 2.92
1572016323, 0, 181, 1249, 1223, 194, 85.31%, 38, 14, 3, 9.98
1572016328, 0, 195, 1249, 1222, 195, 85.31%, 38, 14, 3, 103.32
1572016349, 0, 195, 1252, 1225, 195, 85.31%, 38, 14, 3, 22.67
1572016354, 0, 195, 1253, 1226, 195, 85.31%, 38, 14, 3, 20.76
1572016359, 0, 195, 1255, 1228, 195, 85.31%, 38, 14, 3, 19.38
1572016364, 0, 195, 1257, 1230, 195, 85.31%, 38, 14, 3, 16.10
1572016369, 0, 195, 1259, 1232, 195, 85.31%, 38, 14, 3, 15.84
1572016375, 0, 195, 1262, 1235, 195, 85.32%, 38, 14, 3, 21.12
1572016380, 0, 195, 1263, 1236, 195, 85.32%, 38, 14, 3, 23.66
1572016385, 0, 195, 1264, 1237, 195, 85.33%, 38, 14, 3, 30.30
1572016390, 0, 195, 1265, 1238, 195, 85.33%, 38, 14, 3, 3.09
1572016395, 0, 195, 1266, 1239, 195, 85.33%, 38, 14, 3, 3.55
1572016400, 0, 203, 1266, 1238, 197, 85.33%, 38, 14, 3, 63.69
1572016416, 0, 203, 1267, 1239, 197, 85.33%, 38, 14, 3, 4.14
1572016421, 0, 203, 1269, 1241, 197, 85.33%, 38, 14, 3, 3.68
1572016426, 0, 203, 1271, 1243, 197, 85.33%, 38, 14, 3, 3.85
1572016431, 0, 203, 1273, 1245, 197, 85.39%, 38, 14, 3, 12.62
1572016436, 0, 203, 1274, 1246, 197, 85.39%, 38, 14, 3, 14.74
1572016441, 0, 203, 1275, 1247, 197, 85.39%, 38, 14, 3, 13.11
1572016447, 0, 203, 1277, 1249, 197, 85.39%, 38, 14, 3, 9.52
1572016452, 0, 203, 1279, 1251, 197, 85.39%, 38, 14, 3, 7.99
1572016457, 0, 203, 1279, 1251, 197, 85.39%, 38, 15, 3, 3.57
1572016462, 0, 203, 1280, 1252, 197, 85.39%, 38, 15, 3, 6.40
1572016472, 0, 203, 1282, 1254, 197, 85.39%, 38, 15, 3, 3.63
1572016478, 0, 203, 1283, 1255, 197, 85.39%, 38, 15, 3, 2.29
1572016483, 0, 203, 1284, 1256, 197, 85.39%, 38, 15, 3, 7.88
1572016488, 0, 203, 1285, 1257, 197, 85.39%, 38, 15, 3, 8.63
1572016493, 0, 203, 1287, 1259, 197, 85.39%, 38, 15, 3, 6.10
1572016499, 0, 203, 1288, 1260, 197, 85.39%, 38, 15, 3, 34.32
1572016504, 0, 203, 1289, 1261, 197, 85.39%, 38, 15, 3, 4.10
1572016509, 0, 203, 1290, 1262, 197, 85.39%, 38, 15, 3, 8.41
1572016514, 0, 203, 1291, 1263, 197, 85.39%, 38, 15, 3, 8.93
1572016519, 0, 203, 1293, 1265, 197, 85.45%, 38, 15, 3, 6.04
1572016524, 0, 203, 1294, 1266, 197, 85.45%, 38, 15, 3, 8.15
1572016530, 0, 203, 1295, 1267, 197, 85.45%, 38, 15, 3, 6.95
1572016535, 0, 203, 1297, 1269, 197, 85.45%, 38, 15, 3, 4.48
1572016540, 0, 203, 1298, 1270, 197, 85.45%, 38, 15, 3, 29.28
1572016546, 0, 203, 1299, 1271, 197, 85.45%, 38, 15, 3, 4.11
1572016556, 0, 203, 1300, 1272, 197, 85.47%, 38, 15, 3, 21.64
1572016561, 0, 203, 1301, 1273, 197, 85.47%, 38, 15, 3, 4.42
1572016566, 0, 203, 1302, 1274, 197, 85.48%, 38, 15, 3, 2.76
1572016571, 0, 207, 1302, 1273, 202, 85.48%, 38, 15, 3, 67.42
1572016592, 0, 207, 1303, 1274, 202, 85.48%, 38, 15, 3, 12.88
1572016597, 0, 209, 1303, 1273, 201, 85.48%, 38, 15, 3, 100.23
1572016613, 0, 209, 1305, 1275, 201, 85.48%, 38, 15, 3, 5.32
1572016618, 0, 209, 1307, 1277, 201, 85.48%, 38, 15, 3, 6.00
1572016623, 0, 209, 1308, 1278, 201, 85.48%, 38, 15, 3, 9.40
1572016628, 0, 209, 1309, 1279, 201, 85.48%, 40, 15, 3, 6.94
1572016633, 0, 209, 1310, 1280, 201, 85.48%, 40, 15, 3, 9.51
1572016639, 0, 209, 1312, 1282, 201, 85.48%, 40, 15, 3, 3.44
1572016649, 0, 209, 1313, 1283, 201, 85.55%, 40, 15, 3, 68.63
1572016654, 0, 209, 1315, 1285, 201, 85.55%, 40, 15, 3, 3.86
1572016659, 0, 209, 1316, 1286, 201, 85.55%, 40, 15, 3, 11.92
1572016664, 0, 209, 1318, 1288, 201, 85.55%, 40, 15, 3, 11.31
1572016670, 0, 209, 1319, 1289, 201, 85.55%, 40, 15, 3, 6.09
1572016675, 0, 209, 1321, 1291, 201, 85.55%, 40, 15, 3, 5.80
1572016680, 0, 209, 1322, 1292, 201, 85.55%, 40, 15, 3, 31.92
1572016685, 0, 209, 1324, 1294, 201, 85.55%, 40, 15, 3, 3.66
1572016690, 0, 209, 1326, 1296, 201, 85.56%, 40, 15, 3, 47.64
1572016695, 0, 209, 1328, 1298, 201, 85.56%, 40, 15, 3, 3.18
1572016701, 0, 209, 1329, 1299, 201, 85.56%, 40, 15, 3, 16.85
1572016706, 0, 209, 1331, 1301, 201, 85.56%, 40, 15, 3, 12.62
1572016711, 0, 209, 1332, 1302, 201, 85.56%, 40, 15, 3, 10.44
1572016716, 0, 209, 1334, 1304, 201, 85.56%, 40, 15, 3, 10.29
1572016721, 0, 209, 1335, 1305, 201, 85.56%, 40, 15, 3, 7.89
1572016726, 0, 209, 1336, 1306, 201, 85.56%, 40, 15, 3, 2.88
1572016732, 0, 209, 1337, 1307, 201, 85.56%, 40, 15, 3, 10.90
1572016742, 0, 209, 1338, 1308, 201, 85.56%, 40, 15, 3, 34.33
1572016747, 0, 209, 1339, 1309, 201, 85.56%, 40, 15, 3, 5.87
1572016753, 0, 209, 1339, 1309, 201, 85.56%, 41, 15, 3, 5.00
1572016758, 0, 213, 1339, 1308, 203, 85.56%, 41, 15, 3, 91.42
1572016773, 0, 213, 1340, 1309, 203, 85.56%, 41, 15, 3, 3.98
1572016778, 0, 213, 1341, 1310, 203, 85.56%, 41, 15, 3, 4.00
1572016783, 0, 213, 1342, 1311, 203, 85.56%, 41, 15, 3, 21.07
1572016788, 0, 213, 1344, 1313, 203, 85.56%, 41, 15, 3, 3.10
1572016793, 0, 213, 1345, 1314, 203, 85.56%, 41, 15, 3, 3.67
1572016799, 0, 268, 1345, 1313, 203, 85.56%, 41, 15, 3, 57.63
1572016814, 0, 268, 1346, 1314, 203, 85.56%, 41, 15, 3, 13.22
1572016819, 0, 268, 1348, 1316, 203, 85.56%, 41, 15, 3, 3.25
1572016824, 0, 268, 1350, 1318, 203, 85.56%, 41, 15, 3, 23.60
1572016830, 0, 268, 1351, 1319, 203, 85.56%, 41, 15, 3, 9.75
1572016835, 0, 268, 1353, 1321, 203, 85.56%, 41, 15, 3, 2.83
1572016840, 0, 290, 1353, 1320, 203, 85.56%, 41, 15, 3, 91.49
1572016856, 0, 290, 1354, 1321, 203, 85.56%, 41, 15, 3, 3.20
1572016861, 0, 290, 1355, 1322, 203, 85.56%, 41, 15, 3, 4.11
1572016866, 0, 290, 1357, 1324, 203, 85.56%, 41, 15, 3, 13.26
1572016871, 0, 290, 1358, 1325, 203, 85.56%, 41, 15, 3, 7.68
1572016876, 0, 290, 1359, 1326, 203, 85.56%, 41, 15, 3, 6.19
1572016881, 0, 290, 1361, 1328, 203, 85.56%, 41, 15, 3, 5.24
1572016887, 0, 290, 1362, 1329, 203, 85.56%, 41, 15, 3, 5.00
1572016892, 0, 290, 1365, 1332, 203, 85.57%, 41, 15, 3, 10.35
1572016897, 0, 290, 1366, 1333, 203, 85.57%, 41, 15, 3, 7.98
1572016902, 0, 290, 1367, 1334, 203, 85.57%, 41, 15, 3, 18.24
1572016907, 0, 290, 1368, 1335, 203, 85.57%, 42, 15, 3, 22.69
1572016913, 0, 290, 1369, 1336, 203, 85.57%, 42, 15, 3, 3.15
1572016918, 0, 290, 1370, 1337, 203, 85.57%, 42, 15, 3, 3.21
1572016923, 0, 290, 1371, 1338, 203, 85.57%, 42, 15, 3, 18.51
1572016928, 0, 290, 1373, 1340, 203, 85.57%, 42, 15, 3, 9.14
1572016934, 0, 290, 1374, 1341, 203, 85.58%, 42, 15, 3, 9.33
1572016939, 0, 290, 1375, 1342, 203, 85.58%, 44, 15, 3, 10.74
1572016944, 0, 290, 1376, 1343, 203, 85.58%, 44, 15, 3, 10.38
1572016949, 0, 290, 1377, 1344, 203, 85.58%, 44, 15, 3, 11.07
1572016954, 0, 290, 1378, 1345, 203, 85.58%, 45, 15, 3, 3.64
1572016959, 0, 290, 1379, 1346, 203, 85.58%, 45, 15, 3, 4.46
1572016964, 0, 290, 1380, 1347, 203, 85.58%, 45, 15, 3, 6.22
1572016975, 0, 290, 1382, 1349, 203, 85.58%, 45, 15, 3, 4.02
1572016985, 0, 314, 1382, 1348, 208, 85.58%, 47, 15, 3, 80.55
1572017005, 0, 314, 1393, 1359, 208, 85.59%, 47, 15, 3, 96.92
1572017011, 0, 316, 1398, 1363, 208, 85.59%, 47, 15, 3, 98.89
1572017031, 0, 316, 1399, 1364, 208, 85.59%, 47, 15, 3, 76.56
1572017036, 0, 337, 1401, 1365, 208, 85.59%, 47, 15, 3, 89.05
1572017057, 0, 338, 1401, 1364, 207, 85.59%, 47, 15, 3, 92.55
1572017082, 0, 339, 1401, 1363, 206, 85.59%, 47, 15, 3, 91.34
1572017103, 0, 339, 1403, 1365, 206, 85.59%, 47, 15, 3, 5.47
1572017109, 0, 339, 1404, 1366, 206, 85.59%, 47, 15, 3, 4.92
1572017115, 0, 339, 1405, 1367, 206, 85.59%, 47, 16, 3, 1.82
1572017126, 0, 339, 1407, 1369, 206, 85.59%, 47, 16, 3, 16.25
1572017131, 0, 339, 1409, 1371, 206, 85.60%, 47, 16, 3, 22.81
1572017136, 0, 339, 1410, 1372, 206, 85.62%, 47, 16, 3, 5.88
1572017141, 0, 339, 1411, 1373, 206, 85.63%, 47, 16, 3, 22.02
1572017147, 0, 339, 1412, 1374, 206, 85.63%, 47, 16, 3, 3.25
1572017152, 0, 339, 1413, 1375, 206, 85.63%, 47, 16, 3, 3.17
1572017157, 0, 339, 1414, 1376, 206, 85.63%, 47, 16, 3, 8.02
1572017162, 0, 339, 1415, 1377, 206, 85.63%, 48, 16, 3, 10.27
1572017172, 0, 347, 1415, 1376, 209, 85.63%, 48, 16, 3, 100.15
1572017178, 0, 352, 1417, 1377, 209, 85.63%, 48, 16, 3, 98.36
1572017203, 0, 354, 1417, 1376, 208, 85.63%, 48, 16, 3, 91.30
1572017224, 0, 362, 1417, 1375, 207, 85.63%, 48, 16, 3, 97.12
1572017234, 0, 365, 1417, 1374, 206, 85.63%, 48, 16, 3, 102.08
1572017249, 0, 380, 1417, 1373, 205, 85.63%, 48, 16, 3, 102.87
1572017260, 0, 380, 1419, 1375, 205, 85.64%, 48, 16, 3, 3.57
1572017265, 0, 380, 1421, 1377, 205, 85.72%, 48, 16, 3, 15.52
1572017270, 0, 380, 1423, 1379, 205, 85.75%, 48, 16, 3, 4.31
1572017275, 0, 380, 1425, 1381, 205, 85.76%, 48, 16, 3, 4.96
1572017280, 0, 380, 1426, 1382, 205, 85.76%, 48, 16, 3, 33.23
1572017286, 0, 380, 1427, 1383, 205, 85.76%, 48, 17, 3, 1.23
1572017291, 0, 380, 1429, 1385, 205, 85.77%, 48, 17, 3, 4.05
1572017296, 0, 380, 1431, 1387, 205, 85.78%, 48, 17, 3, 5.17
1572017301, 0, 380, 1433, 1389, 205, 85.81%, 48, 17, 3, 5.24
1572017306, 0, 380, 1433, 1389, 205, 85.81%, 49, 17, 3, 35.39
1572017311, 0, 380, 1436, 1392, 205, 85.82%, 49, 17, 3, 5.25
1572017316, 0, 380, 1438, 1394, 205, 85.82%, 49, 17, 3, 7.42
1572017321, 0, 380, 1440, 1396, 205, 85.83%, 49, 17, 3, 9.35
1572017326, 0, 383, 1440, 1395, 203, 85.83%, 49, 17, 3, 99.29
1572017342, 0, 383, 1443, 1398, 203, 85.84%, 49, 17, 3, 3.57
1572017347, 0, 383, 1445, 1400, 203, 85.89%, 49, 17, 3, 3.87
1572017357, 0, 383, 1446, 1401, 203, 85.89%, 49, 17, 3, 12.30
1572017362, 0, 383, 1449, 1404, 203, 85.89%, 49, 17, 3, 12.40
1572017367, 0, 383, 1450, 1405, 203, 85.89%, 49, 17, 3, 10.69
1572017373, 0, 383, 1451, 1406, 203, 85.89%, 49, 17, 3, 11.10
1572017378, 0, 383, 1454, 1409, 203, 85.89%, 49, 17, 3, 76.25
1572017383, 0, 383, 1456, 1411, 203, 85.89%, 49, 17, 3, 4.02
1572017388, 0, 383, 1458, 1413, 203, 85.90%, 49, 17, 3, 3.52
1572017393, 0, 393, 1458, 1412, 204, 85.90%, 49, 17, 3, 97.99
1572017403, 0, 393, 1459, 1413, 204, 85.91%, 49, 17, 3, 2.30
1572017409, 0, 393, 1460, 1414, 204, 85.91%, 49, 17, 3, 2.30
1572017414, 0, 393, 1461, 1415, 204, 85.92%, 49, 17, 3, 2.93
1572017419, 0, 393, 1462, 1416, 204, 85.92%, 50, 17, 3, 3.78
1572017424, 0, 393, 1464, 1418, 204, 85.99%, 50, 17, 3, 8.71
1572017429, 0, 393, 1465, 1419, 204, 85.99%, 50, 17, 3, 6.20
1572017435, 0, 393, 1465, 1419, 204, 85.99%, 50, 18, 3, 7.08
1572017440, 0, 393, 1466, 1420, 204, 85.99%, 50, 18, 3, 5.42
1572017446, 0, 393, 1467, 1421, 204, 85.99%, 50, 18, 3, 4.16
1572017451, 0, 393, 1467, 1421, 204, 85.99%, 50, 19, 3, 5.01
1572017457, 0, 393, 1468, 1422, 204, 85.99%, 50, 19, 3, 28.44
1572017462, 0, 393, 1469, 1423, 204, 85.99%, 50, 19, 3, 3.62
1572017467, 0, 393, 1471, 1425, 204, 86.04%, 50, 19, 3, 3.03
1572017473, 0, 393, 1472, 1426, 204, 86.04%, 50, 19, 3, 3.31
1572017478, 0, 393, 1473, 1427, 204, 86.04%, 50, 19, 3, 3.08
1572017488, 0, 393, 1474, 1428, 204, 86.04%, 50, 19, 3, 6.84
1572017493, 0, 393, 1475, 1429, 204, 86.04%, 50, 19, 3, 5.40
1572017504, 0, 393, 1479, 1433, 204, 86.04%, 50, 19, 3, 3.91
1572017509, 0, 393, 1481, 1435, 204, 86.04%, 50, 19, 3, 2.40
1572017520, 0, 393, 1482, 1436, 204, 86.04%, 50, 19, 3, 2.59
1572017530, 0, 393, 1483, 1437, 204, 86.04%, 50, 19, 3, 5.42
1572017535, 0, 396, 1483, 1436, 206, 86.04%, 50, 19, 3, 101.83
1572017545, 0, 396, 1484, 1437, 206, 86.05%, 50, 19, 3, 4.78
1572017551, 0, 396, 1486, 1439, 206, 86.05%, 50, 19, 3, 4.76
1572017556, 0, 396, 1487, 1440, 206, 86.05%, 51, 19, 3, 7.55
1572017561, 0, 396, 1489, 1442, 206, 86.05%, 51, 19, 3, 6.63
1572017566, 0, 396, 1491, 1444, 206, 86.06%, 51, 19, 3, 30.32
1572017571, 0, 396, 1492, 1445, 206, 86.09%, 51, 19, 3, 17.16
1572017576, 0, 396, 1493, 1446, 206, 86.13%, 51, 19, 3, 4.16
1572017586, 0, 396, 1494, 1447, 206, 86.13%, 53, 19, 3, 6.54
1572017592, 0, 396, 1496, 1449, 206, 86.13%, 54, 19, 3, 9.30
1572017597, 0, 396, 1497, 1450, 206, 86.13%, 54, 20, 3, 95.20
1572017602, 0, 396, 1498, 1451, 206, 86.13%, 57, 20, 3, 15.85
1572017607, 0, 396, 1500, 1453, 206, 86.17%, 57, 20, 3, 12.34
1572017612, 0, 396, 1502, 1455, 206, 86.17%, 57, 20, 3, 9.54
1572017617, 0, 396, 1503, 1456, 206, 86.17%, 57, 20, 3, 82.14
1572017622, 0, 396, 1504, 1457, 206, 86.17%, 57, 20, 3, 6.53
1572017627, 0, 397, 1504, 1456, 203, 86.17%, 57, 20, 3, 88.96
1572017638, 0, 397, 1505, 1457, 203, 86.17%, 57, 20, 3, 97.10
1572017643, 0, 400, 1506, 1457, 204, 86.17%, 57, 20, 3, 86.88
1572017658, 0, 400, 1508, 1459, 204, 86.17%, 57, 20, 3, 9.76
1572017663, 0, 400, 1510, 1461, 204, 86.17%, 57, 20, 3, 4.33
1572017669, 0, 400, 1512, 1463, 204, 86.17%, 58, 20, 3, 4.27
1572017674, 0, 400, 1514, 1465, 204, 86.17%, 58, 20, 3, 7.09
1572017679, 0, 400, 1515, 1466, 204, 86.18%, 58, 20, 3, 8.61
1572017684, 0, 400, 1517, 1468, 204, 86.18%, 58, 20, 3, 8.75
1572017694, 0, 400, 1520, 1471, 204, 86.20%, 58, 20, 3, 9.95
1572017700, 0, 400, 1521, 1472, 204, 86.20%, 58, 20, 3, 14.71
1572017705, 0, 400, 1523, 1474, 204, 86.21%, 58, 20, 3, 4.37
1572017710, 0, 400, 1525, 1476, 204, 86.24%, 58, 20, 3, 4.55
1572017720, 0, 402, 1525, 1475, 206, 86.24%, 58, 20, 3, 100.94
1572017731, 0, 402, 1526, 1476, 206, 86.25%, 58, 20, 3, 19.29
1572017741, 0, 402, 1528, 1478, 206, 86.25%, 58, 20, 3, 4.34
1572017746, 0, 402, 1530, 1480, 206, 86.26%, 58, 20, 3, 4.49
1572017751, 0, 402, 1531, 1481, 206, 86.26%, 58, 20, 3, 4.35
1572017757, 0, 402, 1533, 1483, 206, 86.26%, 58, 20, 3, 4.33
1572017762, 0, 402, 1535, 1485, 206, 86.31%, 58, 20, 3, 4.42
1572017767, 0, 402, 1536, 1486, 206, 86.31%, 58, 20, 3, 4.30
1572017772, 0, 402, 1538, 1488, 206, 86.32%, 58, 20, 3, 4.46
1572017777, 0, 402, 1540, 1490, 206, 86.32%, 58, 20, 3, 11.48
1572017782, 0, 402, 1542, 1492, 206, 86.32%, 58, 20, 3, 10.51
1572017787, 0, 402, 1543, 1493, 206, 86.32%, 58, 20, 3, 13.33
1572017792, 0, 402, 1544, 1494, 206, 86.32%, 58, 20, 3, 11.02
1572017797, 0, 403, 1544, 1493, 210, 86.32%, 58, 20, 3, 101.44
1572017808, 0, 407, 1544, 1492, 209, 86.32%, 58, 20, 3, 92.02
1572017823, 0, 407, 1545, 1493, 209, 86.32%, 58, 20, 3, 8.78
1572017828, 0, 407, 1548, 1496, 209, 86.36%, 58, 20, 3, 8.21
1572017839, 0, 407, 1550, 1498, 209, 86.37%, 58, 20, 3, 9.21
1572017844, 0, 407, 1551, 1499, 209, 86.37%, 58, 20, 3, 6.63
1572017849, 0, 407, 1552, 1500, 209, 86.37%, 59, 20, 3, 86.48
1572017854, 0, 407, 1554, 1502, 209, 86.39%, 59, 20, 3, 3.58
1572017859, 0, 407, 1556, 1504, 209, 86.39%, 59, 20, 3, 4.33
1572017865, 0, 407, 1557, 1505, 209, 86.39%, 59, 20, 3, 1.87
1572017870, 0, 407, 1558, 1506, 209, 86.39%, 59, 20, 3, 3.49
1572017875, 0, 407, 1559, 1507, 209, 86.39%, 59, 20, 3, 4.50
1572017880, 0, 407, 1560, 1508, 209, 86.39%, 59, 20, 3, 4.34
1572017886, 0, 407, 1561, 1509, 209, 86.39%, 59, 20, 3, 5.96
1572017891, 0, 407, 1562, 1510, 209, 86.39%, 60, 20, 3, 71.04
1572017896, 0, 416, 1563, 1510, 216, 86.39%, 60, 20, 3, 68.38
1572017911, 0, 416, 1565, 1512, 216, 86.39%, 60, 20, 3, 29.85
1572017916, 0, 428, 1565, 1511, 216, 86.39%, 60, 20, 3, 83.42
1572017926, 0, 428, 1566, 1512, 216, 86.39%, 60, 20, 3, 4.53
1572017932, 0, 428, 1568, 1514, 216, 86.40%, 60, 20, 3, 6.02
1572017937, 0, 428, 1570, 1516, 216, 86.40%, 60, 20, 3, 11.94
1572017942, 0, 428, 1571, 1517, 216, 86.40%, 60, 20, 3, 12.43
1572017947, 0, 428, 1572, 1518, 216, 86.40%, 60, 20, 3, 16.19
1572017952, 0, 428, 1574, 1520, 216, 86.40%, 60, 20, 3, 4.55
1572017957, 0, 428, 1575, 1521, 216, 86.40%, 60, 20, 3, 15.57
1572017962, 0, 428, 1577, 1523, 216, 86.42%, 60, 20, 3, 4.85
1572017967, 0, 428, 1579, 1525, 216, 86.42%, 60, 20, 3, 7.58
1572017973, 0, 428, 1581, 1527, 216, 86.42%, 60, 20, 3, 32.35
1572017978, 0, 428, 1583, 1529, 216, 86.42%, 60, 20, 3, 56.32
1572017983, 0, 428, 1584, 1530, 216, 86.42%, 60, 20, 3, 9.81
1572017988, 0, 428, 1585, 1531, 216, 86.42%, 60, 20, 3, 13.62
1572017993, 0, 428, 1587, 1533, 216, 86.42%, 60, 20, 3, 7.25
1572018004, 0, 432, 1587, 1532, 221, 86.42%, 60, 20, 3, 102.31
1572018014, 0, 432, 1589, 1534, 221, 86.42%, 60, 20, 3, 8.45
1572018019, 0, 432, 1590, 1535, 221, 86.42%, 60, 20, 3, 25.55
1572018024, 0, 432, 1592, 1537, 221, 86.45%, 60, 20, 3, 8.86
1572018029, 0, 432, 1594, 1539, 221, 86.45%, 60, 20, 3, 7.72
1572018034, 0, 432, 1596, 1541, 221, 86.45%, 61, 20, 3, 13.69
1572018040, 0, 432, 1598, 1543, 221, 86.45%, 61, 20, 3, 8.39
1572018045, 0, 432, 1600, 1545, 221, 86.45%, 61, 20, 3, 7.53
1572018050, 0, 432, 1601, 1546, 221, 86.45%, 62, 20, 3, 18.27
1572018055, 0, 432, 1602, 1547, 221, 86.45%, 62, 20, 3, 16.08
1572018060, 0, 432, 1603, 1548, 221, 86.45%, 62, 20, 3, 100.00
1572018065, 0, 436, 1604, 1548, 225, 86.45%, 62, 20, 3, 90.13
1572018081, 0, 436, 1605, 1549, 225, 86.45%, 62, 20, 3, 101.74
1572018086, 0, 443, 1605, 1548, 225, 86.45%, 62, 20, 3, 99.25
1572018101, 0, 443, 1608, 1551, 225, 86.45%, 62, 20, 4, 27.03
1572018112, 0, 443, 1609, 1552, 225, 86.45%, 62, 20, 4, 1.86
1572018117, 0, 443, 1610, 1553, 225, 86.45%, 62, 20, 4, 3.12
1572018123, 0, 443, 1611, 1554, 225, 86.45%, 62, 20, 4, 2.79
1572018128, 0, 443, 1612, 1555, 225, 86.45%, 63, 20, 4, 27.79
1572018134, 0, 443, 1613, 1556, 225, 86.45%, 63, 20, 4, 1.86
1572018144, 0, 443, 1614, 1557, 225, 86.45%, 63, 20, 4, 7.65
1572018154, 0, 443, 1615, 1558, 225, 86.45%, 63, 20, 4, 5.72
1572018165, 0, 443, 1616, 1559, 225, 86.45%, 63, 20, 4, 7.07
1572018171, 0, 443, 1617, 1560, 225, 86.46%, 63, 20, 4, 5.54
1572018176, 0, 443, 1618, 1561, 225, 86.46%, 63, 20, 4, 4.44
1572018187, 0, 443, 1619, 1562, 225, 86.46%, 63, 20, 4, 4.09
1572018197, 0, 446, 1619, 1561, 226, 86.46%, 63, 20, 4, 101.20
1572018213, 0, 446, 1620, 1562, 226, 86.46%, 63, 20, 4, 5.69
1572018218, 0, 446, 1622, 1564, 226, 86.46%, 63, 20, 4, 4.74
1572018223, 0, 446, 1624, 1566, 226, 86.46%, 63, 20, 4, 4.13
1572018233, 0, 446, 1625, 1567, 226, 86.46%, 63, 20, 4, 8.12
1572018244, 0, 446, 1626, 1568, 226, 86.46%, 64, 20, 4, 17.70
1572018249, 0, 446, 1628, 1570, 226, 86.46%, 64, 20, 4, 20.10
1572018254, 0, 446, 1630, 1572, 226, 86.46%, 64, 20, 4, 23.49
1572018259, 0, 446, 1632, 1574, 226, 86.46%, 64, 20, 4, 100.96
1572018264, 0, 446, 1634, 1576, 226, 86.46%, 64, 20, 4, 17.07
1572018269, 0, 446, 1635, 1577, 226, 86.46%, 64, 20, 4, 4.36
1572018274, 0, 446, 1637, 1579, 226, 86.46%, 64, 20, 4, 40.29
1572018280, 0, 457, 1637, 1578, 226, 86.46%, 64, 20, 4, 89.43
1572018295, 0, 457, 1639, 1580, 226, 86.46%, 64, 20, 4, 4.27
1572018306, 0, 457, 1640, 1581, 226, 86.46%, 64, 20, 4, 22.43
1572018311, 0, 457, 1641, 1582, 226, 86.46%, 64, 20, 4, 4.60
1572018316, 0, 457, 1642, 1583, 226, 86.46%, 64, 20, 4, 5.91
1572018321, 0, 475, 1642, 1582, 226, 86.46%, 64, 20, 4, 101.92
1572018331, 0, 475, 1643, 1583, 226, 86.46%, 64, 20, 4, 2.60
1572018337, 0, 475, 1644, 1584, 226, 86.46%, 64, 20, 4, 5.23
1572018342, 0, 475, 1646, 1586, 226, 86.47%, 64, 20, 4, 8.28
1572018347, 0, 475, 1647, 1587, 226, 86.47%, 64, 20, 4, 6.00
1572018352, 0, 475, 1648, 1588, 226, 86.47%, 64, 20, 4, 9.61
1572018357, 0, 475, 1649, 1589, 226, 86.47%, 64, 20, 4, 9.97
1572018363, 0, 475, 1650, 1590, 226, 86.47%, 64, 20, 4, 7.69
1572018368, 0, 475, 1651, 1591, 226, 86.49%, 64, 20, 4, 5.29
1572018373, 0, 475, 1652, 1592, 226, 86.49%, 64, 20, 4, 6.12
1572018379, 0, 475, 1654, 1594, 226, 86.49%, 64, 20, 4, 9.66
1572018389, 0, 475, 1655, 1595, 226, 86.49%, 64, 20, 4, 3.16
1572018394, 0, 475, 1656, 1596, 226, 86.49%, 64, 20, 4, 7.33
1572018399, 0, 475, 1657, 1597, 226, 86.49%, 64, 20, 4, 2.57
1572018404, 0, 475, 1658, 1598, 226, 86.50%, 64, 20, 4, 3.62
1572018409, 0, 475, 1659, 1599, 226, 86.50%, 64, 20, 4, 8.70
1572018414, 0, 475, 1660, 1600, 226, 86.50%, 64, 20, 4, 5.32
1572018419, 0, 475, 1661, 1601, 226, 86.50%, 64, 20, 4, 3.36
1572018424, 0, 475, 1662, 1602, 226, 86.50%, 64, 20, 4, 13.51
1572018430, 0, 475, 1664, 1604, 226, 86.52%, 64, 20, 4, 2.62
1572018435, 0, 475, 1665, 1605, 226, 86.52%, 64, 20, 4, 2.97
1572018446, 0, 475, 1666, 1606, 226, 86.52%, 64, 20, 4, 5.69
1572018451, 0, 479, 1666, 1605, 229, 86.52%, 64, 20, 4, 88.02
1572018466, 0, 479, 1667, 1606, 229, 86.52%, 65, 20, 4, 8.47
1572018477, 0, 498, 1667, 1605, 229, 86.52%, 65, 20, 4, 99.49
1572018497, 0, 498, 1668, 1606, 229, 86.52%, 65, 20, 4, 83.94
1572018502, 0, 498, 1670, 1608, 229, 86.52%, 65, 20, 4, 7.26
1572018507, 0, 498, 1671, 1609, 229, 86.52%, 65, 20, 4, 5.77
1572018512, 0, 498, 1673, 1611, 229, 86.52%, 65, 20, 4, 11.93
1572018518, 0, 498, 1675, 1613, 229, 86.53%, 65, 20, 4, 9.87
1572018523, 0, 498, 1676, 1614, 229, 86.53%, 65, 20, 4, 11.59
1572018533, 0, 498, 1678, 1616, 229, 86.53%, 66, 20, 4, 73.94
1572018538, 0, 498, 1679, 1617, 229, 86.53%, 66, 20, 4, 10.31
1572018543, 0, 499, 1679, 1616, 229, 86.53%, 66, 20, 4, 96.60
1572018559, 0, 511, 1680, 1616, 229, 86.53%, 66, 20, 4, 56.53
1572018579, 0, 511, 1682, 1618, 229, 86.53%, 66, 20, 4, 13.65
1572018584, 0, 511, 1683, 1619, 229, 86.53%, 66, 20, 4, 10.08
1572018589, 0, 511, 1684, 1620, 229, 86.53%, 66, 20, 4, 6.78
1572018594, 0, 511, 1685, 1621, 229, 86.55%, 66, 20, 4, 22.99
1572018599, 0, 511, 1686, 1622, 229, 86.55%, 66, 20, 4, 3.73
1572018604, 0, 511, 1688, 1624, 229, 86.55%, 66, 20, 4, 9.81
1572018610, 0, 511, 1689, 1625, 229, 86.55%, 66, 20, 4, 11.43
1572018615, 0, 511, 1691, 1627, 229, 86.55%, 66, 20, 4, 8.76
1572018625, 0, 511, 1692, 1628, 229, 86.55%, 66, 20, 4, 9.29
1572018630, 0, 511, 1693, 1629, 229, 86.55%, 66, 20, 4, 2.70
1572018635, 0, 511, 1694, 1630, 229, 86.55%, 66, 20, 4, 65.51
1572018641, 0, 527, 1694, 1629, 230, 86.55%, 66, 20, 4, 94.95
1572018656, 0, 527, 1695, 1630, 230, 86.55%, 66, 20, 4, 3.00
1572018661, 0, 527, 1696, 1631, 230, 86.55%, 66, 20, 4, 3.07
1572018666, 0, 527, 1697, 1632, 230, 86.55%, 66, 20, 4, 2.99
1572018672, 0, 527, 1698, 1633, 230, 86.55%, 66, 20, 4, 3.45
1572018677, 0, 527, 1700, 1635, 230, 86.55%, 66, 20, 4, 4.54
1572018682, 0, 527, 1701, 1636, 230, 86.55%, 66, 20, 4, 16.87
1572018703, 0, 527, 1702, 1637, 230, 86.55%, 66, 20, 4, 26.39
1572018708, 0, 527, 1703, 1638, 230, 86.55%, 66, 20, 4, 16.19
1572018713, 0, 527, 1704, 1639, 230, 86.55%, 66, 20, 4, 66.95
1572018718, 0, 527, 1705, 1640, 230, 86.55%, 66, 21, 4, 5.37
1572018724, 0, 527, 1706, 1641, 230, 86.55%, 66, 21, 4, 7.18
1572018729, 0, 548, 1706, 1640, 230, 86.55%, 66, 21, 4, 95.16
1572018744, 0, 548, 1709, 1643, 230, 86.55%, 66, 21, 4, 8.59
1572018749, 0, 548, 1710, 1644, 230, 86.55%, 66, 21, 4, 15.25
1572018754, 0, 548, 1711, 1645, 230, 86.55%, 66, 21, 4, 15.00
1572018760, 0, 548, 1713, 1647, 230, 86.55%, 66, 21, 4, 1.64
1572018770, 0, 548, 1714, 1648, 230, 86.55%, 66, 21, 4, 12.13
1572018780, 0, 548, 1715, 1649, 230, 86.55%, 66, 21, 4, 13.35
1572018785, 0, 548, 1716, 1650, 230, 86.55%, 66, 21, 4, 5.58
1572018790, 0, 548, 1717, 1651, 230, 86.55%, 66, 21, 4, 4.87
1572018805, 0, 548, 1718, 1652, 230, 86.55%, 67, 21, 4, 16.45
1572018810, 0, 548, 1720, 1654, 230, 86.55%, 67, 21, 4, 3.11
1572018815, 0, 548, 1721, 1655, 230, 86.55%, 67, 21, 4, 33.00
1572018820, 0, 548, 1722, 1656, 230, 86.55%, 67, 21, 4, 18.29
1572018826, 0, 557, 1722, 1655, 233, 86.55%, 67, 21, 4, 72.39
1572018841, 0, 557, 1723, 1656, 233, 86.55%, 67, 21, 4, 4.57
1572018848, 0, 557, 1724, 1657, 233, 86.55%, 67, 22, 4, 4.17
1572018853, 0, 557, 1725, 1658, 233, 86.55%, 67, 22, 4, 10.71
1572018858, 0, 558, 1726, 1658, 232, 86.55%, 67, 22, 4, 3.48
1572018881, 0, 558, 1727, 1659, 232, 86.55%, 67, 22, 4, 2.31
1572018886, 0, 558, 1728, 1660, 232, 86.55%, 67, 22, 4, 3.18
1572018891, 0, 558, 1729, 1661, 232, 86.55%, 67, 22, 4, 25.54
1572018897, 0, 558, 1730, 1662, 232, 86.55%, 67, 22, 4, 95.69
