# unix_time, cycles_done, cur_path, paths_total, pending_total, pending_favs, map_size, unique_crashes, unique_hangs, max_depth, execs_per_sec
1580811081, 18446744073709551615, 0, 1, 1, 1, 0.00%, 0, 0, 1, 0.00
1580811085, 0, 0, 1, 1, 1, 10.87%, 0, 0, 1, inf
1580811095, 0, 0, 22, 22, 1, 11.10%, 0, 0, 2, 199.11
1580811100, 0, 0, 39, 39, 1, 11.19%, 0, 0, 2, 195.71
1580811105, 0, 0, 45, 45, 1, 11.19%, 0, 0, 2, 184.89
1580811110, 0, 0, 60, 60, 1, 11.26%, 0, 0, 2, 251.06
1580811115, 0, 0, 85, 85, 1, 11.35%, 0, 0, 2, 215.14
1580811120, 0, 0, 110, 110, 1, 11.42%, 0, 0, 2, 240.35
1580811126, 0, 0, 126, 126, 1, 11.43%, 0, 0, 2, 240.12
1580811131, 0, 0, 131, 131, 1, 11.44%, 0, 0, 2, 191.80
1580811136, 0, 0, 139, 139, 1, 11.44%, 0, 0, 2, 191.70
1580811141, 0, 0, 150, 150, 1, 11.44%, 0, 0, 2, 199.70
1580811146, 0, 0, 152, 152, 1, 11.45%, 0, 0, 2, 158.95
1580811151, 0, 0, 164, 164, 1, 11.45%, 0, 0, 2, 203.10
1580811156, 0, 0, 169, 169, 1, 11.47%, 0, 0, 2, 175.67
1580811161, 0, 0, 172, 172, 1, 11.47%, 0, 0, 2, 189.71
1580811166, 0, 0, 178, 178, 1, 11.47%, 0, 0, 2, 180.48
1580811171, 0, 0, 180, 180, 1, 11.48%, 0, 0, 2, 166.61
1580811176, 0, 0, 186, 186, 1, 11.48%, 0, 0, 2, 196.95
1580811181, 0, 0, 188, 188, 1, 11.48%, 0, 0, 2, 235.21
1580811187, 0, 0, 192, 192, 1, 11.50%, 0, 0, 2, 172.16
1580811192, 0, 0, 201, 201, 1, 11.52%, 0, 0, 2, 197.74
1580811197, 0, 0, 206, 206, 1, 11.53%, 0, 0, 2, 172.88
1580811202, 0, 0, 211, 211, 1, 11.54%, 0, 0, 2, 181.17
1580811207, 0, 0, 218, 218, 1, 11.54%, 0, 0, 2, 188.19
1580811212, 0, 0, 222, 222, 1, 11.55%, 0, 0, 2, 157.66
1580811217, 0, 0, 228, 228, 1, 11.55%, 0, 0, 2, 185.83
1580811222, 0, 0, 231, 231, 1, 11.55%, 0, 0, 2, 214.59
1580811227, 0, 0, 235, 235, 1, 11.56%, 0, 0, 2, 190.36
1580811232, 0, 0, 239, 239, 1, 11.56%, 0, 0, 2, 193.74
1580811237, 0, 0, 246, 246, 1, 11.57%, 0, 0, 2, 234.93
1580811242, 0, 0, 251, 251, 1, 11.59%, 0, 0, 2, 188.43
1580811247, 0, 0, 253, 253, 1, 11.59%, 0, 0, 2, 144.73
1580811288, 0, 0, 259, 259, 1, 11.59%, 0, 0, 2, 182.16
1580811293, 0, 0, 260, 260, 1, 11.59%, 0, 0, 2, 200.69
1580811303, 0, 0, 264, 264, 1, 11.59%, 0, 0, 2, 219.25
1580811308, 0, 0, 265, 265, 1, 11.59%, 0, 0, 2, 169.72
1580811313, 0, 0, 268, 268, 1, 11.59%, 0, 0, 2, 164.72
1580811318, 0, 0, 271, 271, 1, 11.62%, 0, 0, 2, 205.15
1580811324, 0, 0, 275, 275, 1, 11.63%, 0, 0, 2, 164.47
1580811329, 0, 0, 277, 277, 1, 11.64%, 0, 0, 2, 128.81
1580811334, 0, 0, 281, 281, 1, 11.65%, 0, 0, 2, 136.25
1580811339, 0, 0, 285, 285, 1, 11.65%, 0, 0, 2, 169.98
1580811344, 0, 0, 292, 292, 1, 11.66%, 0, 0, 2, 203.40
1580811349, 0, 0, 295, 295, 1, 11.67%, 0, 0, 2, 151.60
1580811354, 0, 0, 300, 300, 1, 11.67%, 0, 0, 2, 138.50
1580811359, 0, 0, 307, 307, 1, 11.70%, 0, 0, 2, 162.97
1580811364, 0, 0, 312, 312, 1, 11.70%, 0, 0, 2, 170.80
1580811369, 0, 0, 316, 316, 1, 11.72%, 0, 0, 2, 177.05
1580811374, 0, 0, 320, 320, 1, 11.72%, 0, 0, 2, 130.46
1580811379, 0, 0, 321, 321, 1, 11.72%, 0, 0, 2, 126.17
1580811385, 0, 0, 324, 324, 1, 11.72%, 0, 0, 2, 120.61
1580811390, 0, 0, 325, 325, 1, 11.72%, 0, 0, 2, 134.51
1580811395, 0, 0, 330, 330, 1, 11.72%, 0, 0, 2, 161.10
1580811400, 0, 0, 337, 337, 1, 11.73%, 0, 0, 2, 204.65
1580811410, 0, 0, 343, 343, 1, 11.73%, 0, 0, 2, 201.83
1580811415, 0, 0, 350, 350, 1, 11.75%, 0, 0, 2, 193.87
1580811420, 0, 0, 352, 352, 1, 11.75%, 0, 0, 2, 163.66
1580811425, 0, 0, 354, 354, 1, 11.76%, 0, 0, 2, 163.29
1580811431, 0, 0, 360, 360, 1, 11.79%, 0, 0, 2, 208.33
1580811436, 0, 0, 363, 363, 1, 11.79%, 0, 0, 2, 182.16
1580811446, 0, 0, 364, 364, 1, 11.79%, 0, 0, 2, 166.05
1580811451, 0, 0, 366, 366, 1, 11.79%, 0, 0, 2, 212.16
1580811456, 0, 0, 367, 367, 1, 11.79%, 0, 0, 2, 173.25
1580811481, 0, 0, 369, 369, 1, 11.83%, 0, 0, 2, 113.84
1580811486, 0, 0, 372, 372, 1, 11.83%, 0, 0, 2, 124.86
1580811507, 0, 0, 374, 374, 1, 11.83%, 0, 0, 2, 103.30
1580811512, 0, 0, 377, 377, 1, 11.83%, 0, 0, 2, 114.71
1580811517, 0, 0, 379, 379, 1, 11.83%, 0, 0, 2, 111.89
1580811522, 0, 0, 381, 381, 1, 11.84%, 0, 0, 2, 93.48
1580811527, 0, 0, 382, 382, 1, 11.84%, 0, 0, 2, 77.38
1580811543, 0, 0, 384, 384, 1, 11.85%, 0, 0, 2, 71.11
1580811548, 0, 0, 385, 385, 1, 11.85%, 0, 0, 2, 71.45
1580811553, 0, 0, 387, 387, 1, 11.85%, 0, 0, 2, 79.92
1580811558, 0, 0, 388, 388, 1, 11.85%, 0, 0, 2, 83.18
1580811563, 0, 0, 390, 390, 1, 11.85%, 0, 0, 2, 97.86
1580811569, 0, 0, 399, 399, 1, 11.87%, 0, 0, 2, 110.00
1580811574, 0, 0, 401, 401, 1, 11.87%, 0, 0, 2, 19.69
1580811579, 0, 0, 411, 411, 1, 11.88%, 0, 0, 2, 152.19
1580811584, 0, 0, 412, 412, 1, 11.89%, 0, 0, 2, 144.33
1580811590, 0, 0, 413, 413, 1, 11.89%, 0, 0, 2, 4.00
1580811595, 0, 0, 418, 418, 1, 11.89%, 0, 0, 2, 187.36
1580811600, 0, 0, 419, 419, 1, 11.89%, 0, 0, 2, 172.29
1580811605, 0, 0, 426, 426, 1, 11.89%, 0, 0, 2, 191.23
1580811610, 0, 0, 428, 428, 1, 11.90%, 0, 0, 2, 172.25
1580811615, 0, 0, 429, 429, 1, 11.90%, 0, 0, 2, 174.07
1580811625, 0, 0, 434, 434, 1, 11.90%, 0, 0, 2, 187.53
1580811630, 0, 0, 439, 439, 1, 11.91%, 0, 0, 2, 190.51
1580811640, 0, 0, 441, 441, 1, 11.91%, 0, 0, 2, 177.10
1580811650, 0, 0, 450, 450, 1, 11.96%, 0, 0, 2, 180.99
1580811655, 0, 0, 454, 454, 1, 11.96%, 0, 0, 2, 191.65
1580811660, 0, 0, 457, 457, 1, 12.01%, 0, 0, 2, 204.19
1580811665, 0, 0, 464, 464, 1, 12.02%, 0, 0, 2, 194.18
1580811685, 0, 0, 466, 466, 1, 12.02%, 0, 0, 2, 176.63
1580811690, 0, 0, 471, 471, 1, 12.03%, 0, 0, 2, 194.06
1580811695, 0, 0, 472, 472, 1, 12.03%, 0, 0, 2, 176.12
1580811700, 0, 0, 474, 474, 1, 12.03%, 0, 0, 2, 174.79
1580811711, 0, 0, 476, 476, 1, 12.03%, 0, 0, 2, 164.24
1580811721, 0, 0, 477, 477, 1, 12.03%, 0, 0, 2, 155.54
1580811746, 0, 0, 481, 481, 1, 12.05%, 0, 0, 2, 198.65
1580811752, 0, 0, 482, 482, 1, 12.05%, 0, 0, 2, 176.52
1580811772, 0, 0, 483, 483, 1, 12.05%, 0, 0, 2, 169.68
1580811782, 0, 0, 485, 485, 1, 12.05%, 0, 0, 2, 201.72
1580811787, 0, 0, 486, 486, 1, 12.05%, 0, 0, 2, 185.55
1580811792, 0, 0, 487, 487, 1, 12.05%, 0, 0, 2, 162.80
1580811797, 0, 0, 488, 488, 1, 12.05%, 0, 0, 2, 169.85
1580811808, 0, 0, 492, 492, 1, 12.05%, 0, 0, 2, 184.28
1580811813, 0, 0, 493, 493, 1, 12.05%, 0, 0, 2, 179.48
1580811823, 0, 0, 494, 494, 1, 12.05%, 0, 0, 2, 171.16
1580811833, 0, 0, 500, 500, 1, 12.05%, 0, 0, 2, 193.69
1580811838, 0, 0, 501, 501, 1, 12.06%, 0, 0, 2, 169.57
1580811848, 0, 0, 502, 502, 1, 12.06%, 0, 0, 2, 153.72
1580811858, 0, 0, 504, 504, 1, 12.07%, 0, 0, 2, 167.28
1580811863, 0, 0, 506, 506, 1, 12.07%, 0, 0, 2, 177.30
1580811879, 0, 0, 507, 507, 1, 12.07%, 0, 0, 2, 168.59
1580811894, 0, 0, 508, 508, 1, 12.07%, 0, 0, 2, 149.96
1580811899, 0, 0, 510, 510, 1, 12.07%, 0, 0, 2, 184.25
1580811914, 0, 0, 511, 511, 1, 12.07%, 0, 0, 2, 165.33
1580811919, 0, 0, 512, 512, 1, 12.07%, 0, 0, 2, 151.49
1580811930, 0, 0, 514, 514, 1, 12.07%, 0, 0, 2, 175.52
1580811935, 0, 0, 517, 517, 1, 12.08%, 0, 0, 2, 170.09
1580811945, 0, 0, 518, 518, 1, 12.08%, 0, 0, 2, 49.41
1580811976, 0, 0, 519, 519, 1, 12.08%, 0, 0, 2, 146.91
1580811981, 0, 0, 522, 522, 1, 12.08%, 0, 0, 2, 179.62
1580811986, 0, 0, 524, 524, 1, 12.09%, 0, 0, 2, 179.08
1580812011, 0, 0, 525, 525, 1, 12.09%, 0, 0, 2, 156.65
1580812017, 0, 0, 526, 526, 1, 12.09%, 0, 0, 2, 187.45
1580812027, 0, 0, 527, 527, 1, 12.09%, 0, 0, 2, 165.66
1580812042, 0, 0, 529, 529, 1, 12.09%, 0, 0, 2, 167.07
1580812047, 0, 0, 530, 530, 1, 12.09%, 0, 0, 2, 184.91
1580812052, 0, 0, 531, 531, 1, 12.09%, 0, 0, 2, 166.76
1580812072, 0, 0, 532, 532, 1, 12.09%, 0, 0, 2, 165.03
1580812078, 0, 0, 536, 536, 1, 12.09%, 0, 0, 2, 189.46
1580812083, 0, 0, 537, 537, 1, 12.10%, 0, 0, 2, 184.94
1580812103, 0, 0, 538, 538, 1, 12.10%, 0, 0, 2, 160.59
1580812108, 0, 0, 539, 539, 1, 12.10%, 0, 0, 2, 154.85
1580812138, 0, 0, 540, 540, 1, 12.10%, 0, 0, 2, 178.08
1580812143, 0, 0, 541, 541, 1, 12.10%, 0, 0, 2, 176.23
1580812179, 0, 0, 544, 544, 1, 12.10%, 0, 0, 2, 192.32
1580812184, 0, 0, 545, 545, 1, 12.10%, 0, 0, 2, 178.37
1580812210, 0, 0, 546, 546, 1, 12.10%, 0, 0, 2, 156.47
1580812230, 0, 0, 547, 547, 1, 12.10%, 0, 0, 2, 173.26
1580812245, 0, 0, 548, 548, 1, 12.10%, 0, 0, 2, 174.98
1580812250, 0, 0, 550, 550, 1, 12.12%, 0, 0, 2, 167.74
1580812281, 0, 0, 551, 551, 1, 12.12%, 0, 0, 2, 177.50
1580812286, 0, 0, 552, 552, 1, 12.13%, 0, 0, 2, 173.82
1580812322, 0, 0, 553, 553, 1, 12.13%, 0, 0, 2, 176.33
1580812358, 0, 0, 554, 554, 1, 12.13%, 0, 0, 2, 179.48
1580812403, 0, 0, 555, 555, 1, 12.13%, 0, 0, 2, 172.71
1580812409, 0, 0, 556, 556, 1, 12.13%, 0, 0, 2, 166.69
1580812821, 0, 0, 557, 557, 1, 12.13%, 0, 0, 2, 160.18
1580812826, 0, 0, 558, 558, 1, 12.13%, 0, 0, 2, 157.05
1580812846, 0, 0, 559, 559, 1, 12.13%, 0, 0, 2, 161.05
1580812887, 0, 0, 560, 560, 1, 12.13%, 0, 0, 2, 177.65
1580812907, 0, 0, 561, 561, 1, 12.13%, 0, 0, 2, 161.00
1580812953, 0, 0, 563, 563, 1, 12.13%, 0, 0, 2, 168.32
1580812959, 0, 0, 568, 568, 1, 12.14%, 0, 0, 2, 153.93
1580812964, 0, 0, 577, 577, 1, 12.14%, 0, 0, 2, 159.28
1580812969, 0, 0, 579, 579, 1, 12.14%, 0, 0, 2, 155.07
1580812974, 0, 0, 583, 583, 1, 12.14%, 0, 0, 2, 162.88
1580812979, 0, 0, 584, 584, 1, 12.14%, 0, 0, 2, 164.98
1580813000, 0, 0, 587, 587, 1, 12.14%, 0, 0, 2, 159.56
1580813020, 0, 0, 592, 592, 1, 12.14%, 0, 0, 2, 161.48
1580813025, 0, 0, 595, 595, 1, 12.14%, 0, 0, 2, 157.97
1580813030, 0, 0, 598, 598, 1, 12.14%, 0, 0, 2, 161.44
1580813035, 0, 0, 599, 599, 1, 12.14%, 0, 0, 2, 165.25
1580813040, 0, 0, 603, 603, 1, 12.14%, 0, 0, 2, 175.39
1580813102, 0, 0, 604, 604, 1, 12.14%, 0, 0, 2, 176.17
1580813127, 0, 0, 605, 605, 1, 12.14%, 0, 0, 2, 159.18
1580813137, 0, 0, 606, 606, 1, 12.14%, 0, 0, 2, 180.96
1580813194, 0, 0, 607, 607, 1, 12.16%, 0, 0, 2, 164.43
1580813209, 0, 0, 608, 608, 1, 12.16%, 0, 0, 2, 172.79
1580813240, 0, 0, 609, 609, 1, 12.16%, 0, 0, 2, 169.71
1580813271, 0, 0, 610, 610, 1, 12.16%, 0, 0, 2, 161.92
1580813306, 0, 0, 611, 611, 1, 12.16%, 0, 0, 2, 170.68
1580813311, 0, 0, 612, 612, 1, 12.16%, 0, 0, 2, 165.43
1580813388, 0, 0, 618, 618, 1, 12.18%, 0, 0, 2, 192.54
1580813393, 0, 0, 619, 619, 1, 12.18%, 0, 0, 2, 219.24
1580813414, 0, 0, 621, 621, 1, 12.18%, 0, 0, 2, 246.14
1580813429, 0, 0, 622, 622, 1, 12.18%, 0, 0, 2, 256.93
1580813444, 0, 0, 623, 623, 1, 12.18%, 0, 0, 2, 234.37
1580813449, 0, 0, 624, 624, 1, 12.18%, 0, 0, 2, 259.91
1580813454, 0, 0, 625, 625, 1, 12.18%, 0, 0, 2, 219.25
1580813475, 0, 0, 626, 626, 1, 12.18%, 0, 0, 2, 215.59
1580813500, 0, 0, 627, 627, 1, 12.18%, 0, 0, 2, 231.03
1580813510, 0, 0, 628, 628, 1, 12.18%, 0, 0, 2, 181.95
1580813546, 0, 0, 629, 629, 1, 12.18%, 0, 0, 2, 212.04
1580813571, 0, 0, 630, 630, 1, 12.18%, 0, 0, 2, 228.77
1580813734, 0, 0, 631, 631, 1, 12.18%, 0, 0, 2, 183.13
1580813786, 0, 0, 632, 632, 1, 12.18%, 0, 0, 2, 208.35
1580813811, 0, 0, 633, 633, 1, 12.18%, 0, 0, 2, 205.20
1580813816, 0, 0, 634, 634, 1, 12.19%, 0, 0, 2, 217.13
1580814338, 0, 0, 635, 635, 1, 12.19%, 0, 0, 2, 171.51
1580814719, 0, 0, 636, 636, 1, 12.19%, 0, 0, 2, 195.38
1580815056, 0, 0, 637, 637, 1, 12.19%, 0, 0, 2, 243.58
1580815371, 0, 0, 638, 638, 1, 12.19%, 0, 0, 2, 209.95
1580816483, 0, 0, 639, 639, 1, 12.19%, 0, 0, 2, 292.27
1580820952, 0, 0, 640, 640, 1, 12.27%, 0, 0, 2, 184.58
1580913268, 0, 0, 641, 641, 1, 12.27%, 0, 0, 2, 187.15
1580913324, 0, 0, 642, 642, 1, 12.27%, 0, 0, 2, 170.29
1580913355, 0, 0, 643, 643, 1, 12.27%, 0, 0, 2, 264.58
1580913371, 0, 0, 645, 645, 1, 12.27%, 0, 0, 2, 276.86
1580913386, 0, 0, 647, 647, 1, 12.28%, 0, 0, 2, 195.34
1580913396, 0, 0, 648, 648, 1, 12.28%, 0, 0, 2, 180.67
1580913406, 0, 0, 649, 649, 1, 12.28%, 0, 0, 2, 325.25
1580913431, 0, 0, 650, 650, 1, 12.28%, 0, 0, 2, 296.41
1580913457, 0, 0, 651, 651, 1, 12.28%, 0, 0, 2, 199.30
1580913477, 0, 0, 652, 652, 1, 12.28%, 0, 0, 2, 190.71
1580913498, 0, 0, 653, 653, 1, 12.28%, 0, 0, 2, 289.27
1580913549, 0, 0, 654, 654, 1, 12.28%, 0, 0, 2, 332.96
1580913599, 0, 0, 655, 655, 1, 12.28%, 0, 0, 2, 320.62
1580913615, 0, 0, 656, 656, 1, 12.28%, 0, 0, 2, 268.80
1580913686, 0, 0, 657, 657, 1, 12.28%, 0, 0, 2, 354.96
1580913738, 0, 0, 658, 658, 1, 12.31%, 0, 0, 2, 302.53
1580913789, 0, 0, 659, 659, 1, 12.31%, 0, 0, 2, 338.40
1580913865, 0, 0, 660, 660, 1, 12.31%, 0, 0, 2, 297.29
1580913925, 0, 0, 661, 661, 1, 12.31%, 0, 0, 2, 343.34
1580913941, 0, 0, 662, 662, 1, 12.31%, 0, 0, 2, 294.17
1580914237, 0, 0, 663, 663, 1, 12.31%, 0, 0, 2, 186.02
1580914308, 0, 0, 664, 664, 1, 12.31%, 0, 0, 2, 279.77
1580914390, 0, 0, 666, 666, 1, 12.32%, 0, 0, 2, 294.64
1580914512, 0, 0, 667, 667, 1, 12.32%, 0, 0, 2, 233.47
1580914589, 0, 0, 668, 668, 1, 12.33%, 0, 0, 2, 173.20
1580914620, 0, 0, 669, 669, 1, 12.33%, 0, 0, 2, 281.72
1580914849, 0, 0, 670, 670, 1, 12.33%, 0, 0, 2, 263.60
1580915236, 0, 0, 671, 671, 1, 12.36%, 0, 0, 2, 238.15
1580915327, 0, 0, 672, 672, 1, 12.36%, 0, 0, 2, 252.18
1580915495, 0, 0, 676, 676, 1, 12.36%, 0, 0, 2, 126.44
1580915500, 0, 0, 677, 677, 1, 12.36%, 0, 0, 2, 145.68
1580915536, 0, 0, 678, 678, 1, 12.43%, 0, 0, 2, 125.71
1580915668, 0, 0, 679, 679, 1, 12.44%, 0, 0, 2, 191.51
1580915689, 0, 0, 680, 680, 1, 12.44%, 0, 0, 2, 173.37
1580915853, 0, 0, 681, 681, 1, 12.45%, 0, 0, 2, 217.31
1580916056, 0, 0, 682, 682, 1, 12.45%, 0, 0, 2, 185.85
1580916061, 0, 0, 683, 683, 1, 12.45%, 0, 0, 2, 254.09
1580916230, 0, 0, 684, 684, 1, 12.45%, 0, 0, 2, 230.15
1580916879, 0, 0, 685, 685, 1, 12.45%, 0, 0, 2, 167.32
1580918003, 0, 0, 686, 686, 1, 12.45%, 0, 0, 2, 211.56
1580918008, 0, 0, 687, 687, 1, 12.54%, 0, 0, 2, 185.66
1580919593, 0, 0, 688, 688, 1, 12.54%, 0, 0, 2, 167.93
1580921735, 0, 0, 689, 689, 1, 12.54%, 0, 0, 2, 124.40
1580923505, 0, 0, 690, 690, 1, 12.54%, 0, 0, 2, 164.40
1580924135, 0, 0, 691, 691, 1, 12.54%, 0, 0, 2, 86.58
1580983640, 0, 0, 692, 692, 1, 12.54%, 0, 0, 2, 136.58
