# unix_time, cycles_done, cur_path, paths_total, pending_total, pending_favs, map_size, unique_crashes, unique_hangs, max_depth, execs_per_sec
1577652479, 0, 0, 3, 3, 3, 16.26%, 0, 0, 1, 7.75
1577652644, 0, 0, 5, 5, 3, 16.28%, 0, 0, 2, 10.94
1577652649, 0, 0, 8, 8, 3, 16.67%, 0, 0, 2, 10.88
1577652654, 0, 0, 9, 9, 3, 16.67%, 0, 0, 2, 10.91
1577652659, 0, 0, 11, 11, 3, 16.68%, 0, 0, 2, 10.91
1577652664, 0, 0, 12, 12, 3, 16.69%, 0, 0, 2, 10.88
1577652670, 0, 0, 13, 13, 3, 16.70%, 0, 0, 2, 10.80
1577652675, 0, 0, 15, 15, 3, 16.71%, 0, 0, 2, 10.83
1577652680, 0, 0, 17, 17, 3, 16.71%, 0, 0, 2, 10.80
1577652685, 0, 0, 18, 18, 3, 16.72%, 0, 0, 2, 10.80
1577652691, 0, 0, 19, 19, 3, 16.72%, 0, 0, 2, 10.76
1577652696, 0, 0, 20, 20, 3, 16.72%, 0, 0, 2, 10.71
1577652701, 0, 0, 22, 22, 3, 16.72%, 0, 0, 2, 10.39
1577652716, 0, 0, 25, 25, 3, 16.74%, 0, 0, 2, 10.06
1577652721, 0, 0, 27, 27, 3, 16.75%, 0, 0, 2, 10.71
1577652727, 0, 0, 28, 28, 3, 16.75%, 0, 0, 2, 10.36
1577652732, 0, 0, 29, 29, 3, 16.75%, 0, 0, 2, 10.23
1577652757, 0, 0, 33, 33, 3, 16.76%, 0, 0, 2, 10.61
1577652763, 0, 0, 35, 35, 3, 16.76%, 0, 0, 2, 10.51
1577652773, 0, 0, 36, 36, 3, 16.76%, 0, 0, 2, 10.26
1577652778, 0, 0, 38, 38, 3, 16.76%, 0, 0, 2, 10.36
1577652788, 0, 0, 40, 40, 3, 16.76%, 0, 0, 2, 10.65
1577652793, 0, 0, 42, 42, 3, 16.76%, 0, 0, 2, 10.41
1577652798, 0, 0, 43, 43, 3, 16.76%, 0, 0, 2, 10.42
1577652804, 0, 0, 44, 44, 3, 16.76%, 0, 0, 2, 10.57
1577652809, 0, 0, 47, 47, 3, 16.76%, 0, 0, 2, 10.62
1577652829, 0, 0, 48, 48, 3, 16.77%, 0, 0, 2, 10.61
1577652834, 0, 0, 49, 49, 3, 16.77%, 0, 0, 2, 10.53
1577652845, 0, 0, 50, 50, 3, 16.77%, 0, 0, 2, 10.62
1577652855, 0, 0, 51, 51, 3, 16.78%, 0, 0, 2, 10.67
1577652881, 0, 0, 52, 52, 3, 16.78%, 0, 0, 2, 10.79
1577652912, 0, 0, 53, 53, 3, 16.79%, 0, 0, 2, 9.98
1577652922, 0, 0, 54, 54, 3, 16.79%, 0, 0, 2, 9.83
1577652948, 0, 0, 55, 55, 3, 16.79%, 0, 0, 2, 9.89
1577652963, 0, 0, 56, 56, 3, 16.79%, 0, 0, 2, 9.90
1577652999, 0, 0, 57, 57, 3, 16.79%, 0, 0, 2, 8.93
1577653046, 0, 0, 59, 59, 3, 16.79%, 0, 0, 2, 9.75
1577653051, 0, 0, 61, 61, 3, 16.79%, 0, 0, 2, 9.79
1577653148, 0, 0, 62, 62, 3, 16.79%, 0, 0, 2, 9.88
1577653246, 0, 0, 64, 64, 3, 16.79%, 0, 0, 2, 9.60
1577653262, 0, 0, 65, 65, 3, 16.80%, 0, 0, 2, 9.58
1577653267, 0, 0, 70, 70, 3, 16.81%, 0, 0, 2, 9.77
1577653272, 0, 0, 71, 71, 3, 16.81%, 0, 0, 2, 9.79
1577653277, 0, 0, 72, 72, 3, 16.81%, 0, 0, 2, 9.77
1577653282, 0, 0, 75, 75, 3, 16.82%, 0, 0, 2, 9.76
1577653287, 0, 0, 76, 76, 3, 16.82%, 0, 0, 2, 9.66
1577653297, 0, 0, 77, 77, 3, 16.82%, 0, 0, 2, 9.91
1577653308, 0, 0, 79, 79, 3, 16.82%, 0, 0, 2, 9.84
1577653324, 0, 0, 81, 81, 3, 16.82%, 0, 0, 2, 9.82
1577653334, 0, 0, 82, 82, 3, 16.82%, 0, 0, 2, 9.88
1577653349, 0, 0, 84, 84, 3, 16.83%, 0, 0, 2, 9.86
1577653380, 0, 0, 85, 85, 3, 16.83%, 0, 0, 2, 9.89
1577653804, 0, 0, 86, 86, 3, 16.83%, 0, 0, 2, 9.52
1577653810, 0, 0, 87, 87, 3, 16.83%, 0, 0, 2, 8.99
1577653892, 0, 0, 88, 88, 3, 16.83%, 0, 0, 2, 9.97
1577653989, 0, 0, 89, 89, 3, 16.83%, 0, 0, 2, 9.73
1577654111, 0, 0, 90, 90, 3, 16.84%, 0, 0, 2, 9.85
1577654132, 0, 0, 91, 91, 3, 16.84%, 0, 0, 2, 9.99
1577654137, 0, 0, 92, 92, 3, 16.84%, 0, 0, 2, 9.98
1577654142, 0, 0, 93, 93, 3, 16.84%, 0, 0, 2, 9.87
1577654152, 0, 0, 94, 94, 3, 16.84%, 0, 0, 2, 9.75
1577654162, 0, 0, 95, 95, 3, 16.84%, 0, 0, 2, 9.02
1577654168, 0, 0, 96, 96, 3, 16.84%, 0, 0, 2, 7.94
1577654178, 0, 0, 97, 97, 3, 16.84%, 0, 0, 2, 9.71
1577654188, 0, 0, 98, 98, 3, 16.84%, 0, 0, 2, 9.72
1577654193, 0, 0, 99, 99, 3, 16.84%, 0, 0, 2, 9.71
1577654204, 0, 0, 100, 100, 3, 16.84%, 0, 0, 2, 9.91
1577654321, 0, 0, 101, 101, 3, 16.84%, 0, 0, 2, 9.94
1577654567, 0, 0, 102, 102, 3, 16.84%, 0, 0, 2, 9.22
1577654593, 0, 0, 103, 103, 3, 16.85%, 0, 0, 2, 9.79
1577654757, 0, 0, 104, 104, 3, 16.85%, 0, 0, 2, 9.62
1577655018, 0, 0, 105, 105, 3, 16.86%, 0, 0, 2, 10.75
1577655197, 0, 0, 106, 106, 3, 16.91%, 0, 0, 2, 11.02
1577655228, 0, 0, 108, 108, 3, 16.91%, 0, 0, 2, 10.91
1577655269, 0, 0, 109, 109, 3, 16.91%, 0, 0, 2, 10.73
1577655300, 0, 0, 110, 110, 3, 16.92%, 0, 0, 2, 10.80
1577655336, 0, 0, 111, 111, 3, 16.92%, 0, 0, 2, 9.56
1577655351, 0, 0, 112, 112, 3, 16.92%, 0, 0, 2, 10.52
1577655562, 0, 0, 113, 113, 3, 16.92%, 0, 0, 2, 10.89
1577655587, 0, 0, 115, 115, 3, 16.96%, 0, 0, 2, 11.08
1577655593, 0, 0, 118, 118, 3, 16.96%, 0, 0, 2, 11.05
1577655691, 0, 0, 119, 119, 3, 16.96%, 0, 0, 2, 11.02
1577655711, 0, 0, 121, 121, 3, 16.97%, 0, 0, 2, 11.08
1577655717, 0, 0, 123, 123, 3, 16.98%, 0, 0, 2, 10.99
1577655727, 0, 0, 124, 124, 3, 16.98%, 0, 0, 2, 10.96
1577655732, 0, 0, 125, 125, 3, 16.98%, 0, 0, 2, 11.09
1577655737, 0, 0, 127, 127, 3, 16.98%, 0, 0, 2, 11.03
1577655830, 0, 0, 128, 128, 3, 16.98%, 0, 0, 2, 10.97
1577655835, 0, 0, 129, 129, 3, 16.98%, 0, 0, 2, 11.01
1577655851, 0, 0, 130, 130, 3, 16.98%, 0, 0, 2, 11.02
1577656103, 0, 0, 131, 131, 3, 16.99%, 0, 0, 2, 10.01
1577656119, 0, 0, 132, 132, 3, 16.99%, 0, 0, 2, 10.95
1577656124, 0, 0, 133, 133, 3, 16.99%, 0, 0, 2, 10.94
1577656134, 0, 0, 134, 134, 3, 16.99%, 0, 0, 2, 11.87
1577656231, 0, 0, 135, 135, 3, 17.00%, 0, 0, 2, 12.00
1577656246, 0, 0, 136, 136, 3, 17.00%, 0, 0, 2, 11.48
1577656277, 0, 0, 137, 137, 3, 17.00%, 0, 0, 2, 10.16
1577657024, 0, 0, 138, 138, 3, 17.00%, 0, 0, 2, 10.62
1577657199, 0, 0, 139, 139, 3, 17.00%, 0, 0, 2, 10.44
1577657225, 0, 0, 141, 141, 3, 17.00%, 0, 0, 2, 10.50
1577657235, 0, 0, 143, 143, 3, 17.00%, 0, 0, 2, 10.26
1577657323, 0, 0, 144, 144, 3, 17.01%, 0, 0, 2, 10.32
1577657343, 0, 0, 145, 145, 3, 17.01%, 0, 0, 2, 10.14
1577657354, 0, 0, 147, 147, 3, 17.01%, 0, 0, 2, 10.07
1577657369, 0, 0, 148, 148, 3, 17.01%, 0, 0, 2, 10.21
1577657379, 0, 0, 149, 149, 3, 17.01%, 0, 0, 2, 10.14
1577657405, 0, 0, 150, 150, 3, 17.01%, 0, 0, 2, 9.95
1577657420, 0, 0, 153, 153, 3, 17.02%, 0, 0, 2, 9.94
1577657492, 0, 0, 154, 154, 3, 17.02%, 0, 0, 2, 10.13
1577657529, 0, 0, 155, 155, 3, 17.02%, 0, 0, 2, 10.13
1577657534, 0, 0, 156, 156, 3, 17.03%, 0, 0, 2, 10.26
1577657555, 0, 0, 157, 157, 3, 17.03%, 0, 0, 2, 9.81
1577657622, 0, 0, 158, 158, 3, 17.03%, 0, 0, 2, 11.66
1577657668, 0, 0, 159, 159, 3, 17.03%, 0, 0, 2, 11.37
1577657719, 0, 0, 160, 160, 3, 17.03%, 0, 0, 2, 11.78
1577657739, 0, 0, 161, 161, 3, 17.03%, 0, 0, 2, 11.80
1577657800, 0, 0, 164, 164, 3, 17.04%, 0, 0, 2, 11.79
1577657805, 0, 0, 167, 167, 3, 17.04%, 0, 0, 2, 11.81
1577657933, 0, 0, 168, 168, 3, 17.05%, 0, 0, 2, 11.72
1577657958, 0, 0, 169, 169, 3, 17.05%, 0, 0, 2, 11.49
1577657963, 0, 0, 170, 170, 3, 17.06%, 0, 0, 2, 11.68
1577657973, 0, 0, 171, 171, 3, 17.06%, 0, 0, 2, 12.16
1577657983, 0, 0, 174, 174, 3, 17.07%, 0, 0, 2, 12.44
1577657994, 0, 0, 174, 174, 3, 17.07%, 0, 1, 2, 2.58
1577657999, 0, 0, 175, 175, 3, 17.07%, 0, 2, 2, 4.22
1577658014, 0, 0, 175, 175, 3, 17.07%, 0, 3, 2, 3.68
1577658029, 0, 0, 176, 176, 3, 17.07%, 0, 3, 2, 6.63
1577658055, 0, 0, 177, 177, 3, 17.07%, 0, 3, 2, 7.59
1577658081, 0, 0, 178, 178, 3, 17.07%, 0, 3, 2, 6.32
1577658101, 0, 0, 178, 178, 3, 17.07%, 0, 4, 2, 6.36
1577658106, 0, 0, 180, 180, 3, 17.07%, 0, 5, 2, 7.24
1577658111, 0, 0, 180, 180, 3, 17.07%, 0, 6, 2, 5.36
1577658116, 0, 0, 180, 180, 3, 17.07%, 0, 7, 2, 4.26
1577658137, 0, 0, 181, 181, 3, 17.07%, 0, 8, 2, 5.11
1577658173, 0, 0, 181, 181, 3, 17.07%, 0, 9, 2, 4.07
1577658224, 0, 0, 182, 182, 3, 17.08%, 0, 9, 2, 5.45
1577658244, 0, 0, 182, 182, 3, 17.08%, 0, 10, 2, 3.65
1577658249, 0, 0, 183, 183, 3, 17.08%, 0, 10, 2, 5.23
1577658296, 0, 0, 184, 184, 3, 17.08%, 0, 10, 2, 5.41
1577658429, 0, 0, 185, 185, 3, 17.08%, 0, 10, 2, 5.15
1577658455, 0, 0, 186, 186, 3, 17.08%, 0, 10, 2, 4.92
1577658460, 0, 0, 187, 187, 3, 17.08%, 0, 10, 2, 9.63
1577658470, 0, 0, 188, 188, 3, 17.08%, 0, 10, 2, 5.41
1577658475, 0, 0, 188, 188, 3, 17.08%, 0, 11, 2, 6.66
1577658496, 0, 0, 188, 188, 3, 17.08%, 0, 12, 2, 7.33
1577658506, 0, 0, 189, 189, 3, 17.08%, 0, 12, 2, 11.72
1577658511, 0, 0, 190, 190, 3, 17.08%, 0, 12, 2, 11.80
1577658537, 0, 0, 191, 191, 3, 17.08%, 0, 12, 2, 12.09
1577658574, 0, 0, 192, 192, 3, 17.09%, 0, 12, 2, 12.11
1577658661, 0, 0, 193, 193, 3, 17.09%, 0, 12, 2, 6.24
1577658687, 0, 0, 194, 194, 3, 17.09%, 0, 12, 2, 5.48
1577658713, 0, 0, 195, 195, 3, 17.09%, 0, 12, 2, 5.25
1577658738, 0, 0, 196, 196, 3, 17.09%, 0, 12, 2, 6.39
1577658810, 0, 0, 197, 197, 3, 17.09%, 0, 12, 2, 11.52
1577658939, 0, 0, 197, 197, 3, 17.09%, 0, 13, 2, 3.98
1577658971, 0, 0, 198, 198, 3, 17.09%, 0, 13, 2, 4.93
1577658996, 0, 0, 199, 199, 3, 17.09%, 0, 13, 2, 4.80
1577659017, 0, 0, 200, 200, 3, 17.09%, 0, 13, 2, 7.54
1577659192, 0, 0, 201, 201, 3, 17.09%, 0, 13, 2, 7.27
1577659208, 0, 0, 202, 202, 3, 17.09%, 0, 13, 2, 6.12
1577659388, 0, 0, 203, 203, 3, 17.09%, 0, 14, 2, 4.61
1577659398, 0, 0, 203, 203, 3, 17.09%, 0, 15, 2, 2.52
1577659408, 0, 0, 204, 204, 3, 17.09%, 0, 15, 2, 5.85
1577659583, 0, 0, 205, 205, 3, 17.09%, 0, 15, 2, 4.84
1577659748, 0, 0, 206, 206, 3, 17.09%, 0, 15, 2, 4.61
1577659774, 0, 0, 208, 208, 3, 17.09%, 0, 15, 2, 6.67
1577660398, 0, 0, 209, 209, 3, 17.09%, 0, 15, 2, 5.37
1577660619, 0, 0, 210, 210, 3, 17.09%, 0, 15, 2, 4.63
1577660839, 0, 0, 211, 211, 3, 17.09%, 0, 15, 2, 4.50
1577661138, 0, 0, 211, 211, 3, 17.09%, 0, 16, 2, 4.19
1577661438, 0, 0, 212, 212, 3, 17.10%, 0, 16, 2, 5.20
1577661463, 0, 0, 213, 213, 3, 17.10%, 0, 16, 2, 6.83
1577661618, 0, 0, 214, 214, 3, 17.10%, 0, 16, 2, 4.63
1577661644, 0, 0, 216, 216, 3, 17.10%, 0, 16, 2, 6.72
1577661793, 0, 0, 216, 216, 3, 17.10%, 0, 17, 2, 4.30
1577661819, 0, 0, 217, 217, 3, 17.10%, 0, 17, 2, 5.04
1577661824, 0, 0, 217, 217, 3, 17.10%, 0, 18, 2, 4.08
1577661850, 0, 0, 218, 218, 3, 17.10%, 0, 18, 2, 8.02
1577662046, 0, 0, 219, 219, 3, 17.11%, 0, 18, 2, 5.15
1577662071, 0, 0, 220, 220, 3, 17.11%, 0, 18, 2, 4.98
1577662076, 0, 0, 221, 221, 3, 17.11%, 0, 18, 2, 9.10
1577662273, 0, 0, 222, 222, 3, 17.11%, 0, 18, 2, 5.33
1577662722, 0, 0, 223, 223, 3, 17.11%, 0, 18, 2, 4.80
1577662928, 0, 0, 224, 224, 3, 17.11%, 0, 18, 2, 4.81
1577662933, 0, 0, 225, 225, 3, 17.11%, 0, 18, 2, 7.99
1577663129, 0, 0, 226, 226, 3, 17.11%, 0, 18, 2, 5.16
1577663145, 0, 0, 227, 227, 3, 17.11%, 0, 18, 2, 5.90
1577663186, 0, 0, 229, 229, 3, 17.11%, 0, 18, 2, 12.06
1577663191, 0, 0, 230, 230, 3, 17.11%, 0, 18, 2, 12.10
1577663377, 0, 0, 231, 231, 3, 17.11%, 0, 18, 2, 4.63
1577663403, 0, 0, 232, 232, 3, 17.11%, 0, 18, 2, 6.73
1577663573, 0, 0, 233, 233, 3, 17.11%, 0, 18, 2, 4.76
1577663790, 0, 0, 234, 234, 3, 17.11%, 0, 18, 2, 7.30
1577664181, 0, 0, 236, 236, 3, 17.12%, 0, 18, 2, 6.74
1577664351, 0, 0, 236, 236, 3, 17.12%, 2, 18, 2, 4.28
1577664377, 0, 0, 237, 237, 3, 17.12%, 2, 18, 2, 5.08
1577664573, 0, 0, 238, 238, 3, 17.12%, 2, 18, 2, 5.97
1577664753, 0, 0, 239, 239, 3, 17.12%, 2, 18, 2, 5.16
1577664774, 0, 0, 239, 239, 3, 17.12%, 2, 19, 2, 1.54
1577664933, 0, 0, 239, 239, 3, 17.12%, 4, 19, 2, 10.61
1577664938, 0, 0, 239, 239, 3, 17.12%, 9, 19, 2, 11.92
1577664948, 0, 0, 242, 242, 3, 17.13%, 9, 19, 2, 12.18
1577664954, 0, 0, 243, 243, 3, 17.14%, 9, 19, 2, 12.14
1577664959, 0, 0, 247, 247, 3, 17.14%, 9, 19, 2, 12.15
1577664969, 0, 0, 250, 250, 3, 17.16%, 9, 19, 2, 12.14
1577664974, 0, 0, 253, 253, 3, 17.16%, 9, 19, 2, 12.16
1577664980, 0, 0, 257, 257, 3, 17.17%, 10, 19, 2, 12.22
1577664985, 0, 0, 260, 260, 3, 17.17%, 11, 19, 2, 12.85
1577664990, 0, 0, 262, 262, 3, 17.17%, 12, 19, 2, 12.45
1577665000, 0, 0, 263, 263, 3, 17.17%, 12, 19, 2, 12.17
1577665005, 0, 0, 267, 267, 3, 17.18%, 12, 19, 2, 12.16
1577665011, 0, 0, 268, 268, 3, 17.18%, 12, 19, 2, 12.17
1577665016, 0, 0, 271, 271, 3, 17.19%, 13, 19, 2, 13.39
1577665021, 0, 0, 276, 276, 3, 17.22%, 13, 19, 2, 12.43
1577665026, 0, 0, 277, 277, 3, 17.22%, 13, 19, 2, 13.86
1577665031, 0, 0, 283, 283, 3, 17.26%, 13, 19, 2, 12.65
1577665042, 0, 0, 284, 284, 3, 17.27%, 14, 19, 2, 13.61
1577665047, 0, 0, 286, 286, 3, 17.27%, 14, 19, 2, 12.97
1577665057, 0, 0, 287, 287, 3, 17.27%, 14, 19, 2, 12.20
1577665063, 0, 0, 288, 288, 3, 17.27%, 14, 19, 2, 12.16
1577665068, 0, 0, 292, 292, 3, 17.28%, 14, 19, 2, 12.02
1577665073, 0, 0, 295, 295, 3, 17.28%, 14, 19, 2, 12.11
1577665078, 0, 0, 301, 301, 3, 17.30%, 14, 19, 2, 12.14
1577665088, 0, 0, 303, 303, 3, 17.31%, 14, 19, 2, 12.16
1577665135, 0, 0, 306, 306, 3, 17.31%, 14, 19, 2, 12.14
1577665145, 0, 0, 309, 309, 3, 17.31%, 14, 19, 2, 12.12
1577665161, 0, 0, 312, 312, 3, 17.31%, 14, 19, 2, 12.16
1577665166, 0, 0, 313, 313, 3, 17.31%, 14, 19, 2, 12.15
1577665171, 0, 0, 314, 314, 3, 17.31%, 14, 19, 2, 12.16
1577665176, 0, 0, 316, 316, 3, 17.31%, 15, 19, 2, 12.20
1577665192, 0, 0, 317, 317, 3, 17.31%, 16, 19, 2, 12.23
1577665197, 0, 0, 318, 318, 3, 17.31%, 16, 19, 2, 12.18
1577665202, 0, 0, 319, 319, 3, 17.31%, 16, 19, 2, 12.14
1577665213, 0, 0, 320, 320, 3, 17.31%, 16, 19, 2, 12.17
1577665218, 0, 0, 322, 322, 3, 17.31%, 16, 19, 2, 12.16
1577665228, 0, 0, 324, 324, 3, 17.31%, 16, 19, 2, 12.15
1577665244, 0, 0, 325, 325, 3, 17.31%, 16, 19, 2, 12.16
1577665265, 0, 0, 327, 327, 3, 17.31%, 16, 19, 2, 12.14
1577665270, 0, 0, 328, 328, 3, 17.31%, 16, 19, 2, 12.15
1577665275, 0, 0, 329, 329, 3, 17.31%, 16, 19, 2, 12.16
1577665280, 0, 0, 330, 330, 3, 17.31%, 16, 19, 2, 12.15
1577665285, 0, 0, 331, 331, 3, 17.31%, 16, 19, 2, 12.15
1577665290, 0, 0, 333, 333, 3, 17.31%, 16, 19, 2, 12.14
1577665296, 0, 0, 334, 334, 3, 17.31%, 16, 19, 2, 12.18
1577665306, 0, 0, 335, 335, 3, 17.31%, 16, 19, 2, 12.20
1577665311, 0, 0, 336, 336, 3, 17.31%, 16, 19, 2, 12.08
1577665337, 0, 0, 337, 337, 3, 17.31%, 16, 19, 2, 12.16
1577665342, 0, 0, 338, 338, 3, 17.31%, 16, 19, 2, 12.16
1577665352, 0, 0, 340, 340, 3, 17.31%, 16, 19, 2, 12.13
1577665357, 0, 0, 342, 342, 3, 17.31%, 16, 19, 2, 12.16
1577665363, 0, 0, 343, 343, 3, 17.31%, 16, 19, 2, 12.16
1577665368, 0, 0, 344, 344, 3, 17.31%, 16, 19, 2, 12.15
1577665373, 0, 0, 346, 346, 3, 17.31%, 16, 19, 2, 12.15
1577665378, 0, 0, 347, 347, 3, 17.31%, 16, 19, 2, 12.13
1577665383, 0, 0, 349, 349, 3, 17.31%, 16, 19, 2, 12.15
1577665389, 0, 0, 351, 351, 3, 17.31%, 16, 19, 2, 12.15
1577665399, 0, 0, 353, 353, 3, 17.31%, 16, 19, 2, 12.16
1577665404, 0, 0, 354, 354, 3, 17.31%, 16, 19, 2, 12.15
1577665409, 0, 0, 355, 355, 3, 17.31%, 16, 19, 2, 12.12
1577665414, 0, 0, 356, 356, 3, 17.31%, 16, 19, 2, 12.14
1577665420, 0, 0, 357, 357, 3, 17.31%, 16, 19, 2, 12.16
1577665425, 0, 0, 359, 359, 3, 17.31%, 16, 19, 2, 12.15
1577665430, 0, 0, 360, 360, 3, 17.31%, 16, 19, 2, 12.15
1577665435, 0, 0, 361, 361, 3, 17.31%, 16, 19, 2, 12.14
1577665440, 0, 0, 362, 362, 3, 17.31%, 16, 19, 2, 12.12
1577665446, 0, 0, 364, 364, 3, 17.31%, 16, 19, 2, 12.16
1577665456, 0, 0, 367, 367, 3, 17.31%, 16, 19, 2, 12.16
1577665466, 0, 0, 368, 368, 3, 17.31%, 16, 19, 2, 12.13
1577665477, 0, 0, 371, 371, 3, 17.32%, 16, 19, 2, 12.14
1577665487, 0, 0, 372, 372, 3, 17.32%, 16, 19, 2, 11.80
1577689344, 0, 0, 373, 373, 3, 17.32%, 16, 19, 2, 11.65
1577689349, 0, 0, 374, 374, 3, 17.32%, 16, 19, 2, 11.37
1577689354, 0, 0, 377, 377, 3, 17.32%, 16, 19, 2, 11.41
1577689360, 0, 0, 378, 378, 3, 17.32%, 16, 19, 2, 11.69
1577689370, 0, 0, 379, 379, 3, 17.32%, 16, 19, 2, 11.32
1577689380, 0, 0, 380, 380, 3, 17.32%, 16, 19, 2, 11.72
1577689385, 0, 0, 382, 382, 3, 17.32%, 16, 19, 2, 11.89
1577689395, 0, 0, 384, 384, 3, 17.32%, 16, 19, 2, 12.11
1577689405, 0, 0, 385, 385, 3, 17.33%, 16, 19, 2, 12.14
1577689411, 0, 0, 386, 386, 3, 17.33%, 16, 19, 2, 12.16
1577689416, 0, 0, 387, 387, 3, 17.33%, 16, 19, 2, 12.22
1577689452, 0, 0, 388, 388, 3, 17.40%, 16, 19, 2, 12.16
1577689457, 0, 0, 389, 389, 3, 17.40%, 16, 19, 2, 12.16
1577689463, 0, 0, 390, 390, 3, 17.42%, 16, 19, 2, 12.16
1577689468, 0, 0, 393, 393, 3, 17.42%, 16, 19, 2, 12.15
1577689473, 0, 0, 395, 395, 3, 17.42%, 16, 19, 2, 12.31
1577689478, 0, 0, 396, 396, 3, 17.43%, 16, 19, 2, 13.29
1577689494, 0, 0, 397, 397, 3, 17.43%, 16, 19, 2, 11.41
1577689504, 0, 0, 400, 400, 3, 17.44%, 16, 19, 2, 12.10
1577689509, 0, 0, 401, 401, 3, 17.45%, 16, 19, 2, 12.02
1577689514, 0, 0, 403, 403, 3, 17.48%, 16, 19, 2, 12.15
1577689519, 0, 0, 407, 407, 3, 17.48%, 16, 19, 2, 12.16
1577689525, 0, 0, 412, 412, 3, 17.48%, 16, 19, 2, 12.14
1577689530, 0, 0, 414, 414, 3, 17.48%, 16, 19, 2, 12.05
1577689571, 0, 0, 415, 415, 3, 17.49%, 16, 19, 2, 12.07
1577689576, 0, 0, 418, 418, 3, 17.49%, 16, 19, 2, 12.14
1577689582, 0, 0, 419, 419, 3, 17.49%, 16, 19, 2, 12.12
1577689597, 0, 0, 420, 420, 3, 17.49%, 16, 19, 2, 12.18
1577689613, 0, 0, 421, 421, 3, 17.50%, 16, 19, 2, 12.17
1577689618, 0, 0, 423, 423, 3, 17.50%, 16, 19, 2, 12.14
1577689623, 0, 0, 424, 424, 3, 17.50%, 16, 19, 2, 12.18
1577689628, 0, 0, 424, 424, 3, 17.50%, 17, 19, 2, 12.46
1577689633, 0, 0, 427, 427, 3, 17.51%, 17, 19, 2, 12.24
1577689639, 0, 0, 431, 431, 3, 17.51%, 17, 19, 2, 12.17
1577689644, 0, 0, 433, 433, 3, 17.51%, 17, 19, 2, 12.15
1577689690, 0, 0, 434, 434, 3, 17.51%, 17, 19, 2, 12.15
1577689696, 0, 0, 435, 435, 3, 17.51%, 17, 19, 2, 12.16
1577689742, 0, 0, 436, 436, 3, 17.51%, 17, 19, 2, 12.26
1577689748, 0, 0, 439, 439, 3, 17.52%, 17, 19, 2, 12.18
1577689753, 0, 0, 440, 440, 3, 17.52%, 17, 19, 2, 12.10
1577689799, 0, 0, 441, 441, 3, 17.52%, 17, 19, 2, 12.17
1577689867, 0, 0, 442, 442, 3, 17.55%, 17, 19, 2, 12.06
1577689872, 0, 0, 443, 443, 3, 17.55%, 17, 19, 2, 11.95
1577689877, 0, 0, 446, 446, 3, 17.57%, 17, 19, 2, 12.10
1577689882, 0, 0, 450, 450, 3, 17.57%, 17, 19, 2, 12.16
1577689903, 0, 0, 452, 452, 3, 17.57%, 18, 19, 2, 12.36
1577689908, 0, 0, 453, 453, 3, 17.57%, 18, 19, 2, 12.72
1577689918, 0, 0, 454, 454, 3, 17.58%, 18, 19, 2, 12.34
1577689934, 0, 0, 455, 455, 3, 17.58%, 18, 19, 2, 12.19
1577689939, 0, 0, 456, 456, 3, 17.58%, 18, 19, 2, 12.19
1577689944, 0, 0, 457, 457, 3, 17.58%, 18, 19, 2, 12.17
1577689955, 0, 0, 461, 461, 3, 17.59%, 18, 19, 2, 12.17
1577689960, 0, 0, 465, 465, 3, 17.59%, 18, 19, 2, 12.15
1577689965, 0, 0, 466, 466, 3, 17.59%, 18, 19, 2, 12.15
1577689981, 0, 0, 468, 468, 3, 17.59%, 18, 19, 2, 12.15
1577689986, 0, 0, 470, 470, 3, 17.60%, 18, 19, 2, 12.07
1577689991, 0, 0, 471, 471, 3, 17.60%, 18, 19, 2, 12.13
1577689996, 0, 0, 473, 473, 3, 17.60%, 18, 19, 2, 12.14
1577690001, 0, 0, 475, 475, 3, 17.61%, 18, 19, 2, 12.17
1577690043, 0, 0, 476, 476, 3, 17.61%, 18, 19, 2, 12.14
1577690048, 0, 0, 477, 477, 3, 17.61%, 18, 19, 2, 12.17
1577690053, 0, 0, 478, 478, 3, 17.61%, 18, 19, 2, 12.16
1577690058, 0, 0, 479, 479, 3, 17.61%, 18, 19, 2, 12.18
1577690069, 0, 0, 482, 482, 3, 17.61%, 18, 19, 2, 12.16
1577690079, 0, 0, 485, 485, 3, 17.62%, 18, 19, 2, 12.16
1577690084, 0, 0, 487, 487, 3, 17.62%, 18, 19, 2, 12.16
1577690089, 0, 0, 488, 488, 3, 17.62%, 18, 19, 2, 12.18
1577690095, 0, 0, 490, 490, 3, 17.62%, 18, 19, 2, 12.16
1577690100, 0, 0, 491, 491, 3, 17.62%, 18, 19, 2, 12.16
1577690105, 0, 0, 492, 492, 3, 17.62%, 18, 19, 2, 12.17
1577690110, 0, 0, 495, 495, 3, 17.63%, 18, 19, 2, 12.15
1577690115, 0, 0, 497, 497, 3, 17.63%, 18, 19, 2, 12.06
1577690131, 0, 0, 498, 498, 3, 17.63%, 18, 19, 2, 12.15
1577690136, 0, 0, 500, 500, 3, 17.63%, 18, 19, 2, 12.16
1577690141, 0, 0, 501, 501, 3, 17.63%, 18, 19, 2, 12.15
1577690146, 0, 0, 502, 502, 3, 17.63%, 18, 19, 2, 12.16
1577690152, 0, 0, 504, 504, 3, 17.63%, 18, 19, 2, 12.16
1577690193, 0, 0, 505, 505, 3, 17.63%, 18, 19, 2, 12.14
1577690198, 0, 0, 506, 506, 3, 17.63%, 18, 19, 2, 12.11
1577690203, 0, 0, 508, 508, 3, 17.63%, 18, 19, 2, 12.15
1577690214, 0, 0, 509, 509, 3, 17.63%, 18, 19, 2, 12.13
1577690224, 0, 0, 510, 510, 3, 17.63%, 18, 19, 2, 12.15
1577690234, 0, 0, 511, 511, 3, 17.63%, 18, 19, 2, 12.03
1577690245, 0, 0, 513, 513, 3, 17.63%, 18, 19, 2, 12.15
1577690250, 0, 0, 514, 514, 3, 17.63%, 18, 19, 2, 12.15
1577690255, 0, 0, 515, 515, 3, 17.63%, 18, 19, 2, 12.15
1577690260, 0, 0, 517, 517, 3, 17.63%, 18, 19, 2, 12.13
1577690265, 0, 0, 519, 519, 3, 17.63%, 18, 19, 2, 12.08
1577690281, 0, 0, 520, 520, 3, 17.63%, 18, 19, 2, 11.96
1577690286, 0, 0, 521, 521, 3, 17.63%, 18, 19, 2, 12.08
1577690296, 0, 0, 523, 523, 3, 17.63%, 18, 19, 2, 12.14
1577690302, 0, 0, 524, 524, 3, 17.63%, 18, 19, 2, 12.04
1577690343, 0, 0, 525, 525, 3, 17.63%, 18, 19, 2, 12.10
1577690348, 0, 0, 526, 526, 3, 17.63%, 18, 19, 2, 12.11
1577690359, 0, 0, 527, 527, 3, 17.63%, 18, 19, 2, 12.14
1577690379, 0, 0, 528, 528, 3, 17.63%, 18, 19, 2, 12.16
1577690390, 0, 0, 529, 529, 3, 17.63%, 18, 19, 2, 12.11
1577690395, 0, 0, 530, 530, 3, 17.63%, 18, 19, 2, 12.13
1577690400, 0, 0, 531, 531, 3, 17.63%, 18, 19, 2, 12.13
1577690405, 0, 0, 533, 533, 3, 17.63%, 18, 19, 2, 12.16
1577690411, 0, 0, 536, 536, 3, 17.63%, 18, 19, 2, 12.16
1577690457, 0, 0, 538, 538, 3, 17.63%, 18, 19, 2, 12.14
1577690468, 0, 0, 539, 539, 3, 17.63%, 18, 19, 2, 12.14
1577690478, 0, 0, 540, 540, 3, 17.63%, 18, 19, 2, 12.12
1577690499, 0, 0, 542, 542, 3, 17.63%, 18, 19, 2, 12.17
1577690509, 0, 0, 543, 543, 3, 17.63%, 18, 19, 2, 12.13
1577690519, 0, 0, 544, 544, 3, 17.63%, 18, 19, 2, 12.18
1577690530, 0, 0, 545, 545, 3, 17.63%, 18, 19, 2, 12.13
1577690535, 0, 0, 547, 547, 3, 17.63%, 18, 19, 2, 12.12
1577690540, 0, 0, 548, 548, 3, 17.63%, 18, 19, 2, 12.14
1577690597, 0, 0, 550, 550, 3, 17.63%, 18, 19, 2, 12.14
1577690638, 0, 0, 551, 551, 3, 17.63%, 18, 19, 2, 12.12
1577690644, 0, 0, 552, 552, 3, 17.63%, 18, 19, 2, 12.25
1577690659, 0, 0, 553, 553, 3, 17.63%, 19, 19, 2, 12.32
1577690664, 0, 0, 554, 554, 3, 17.63%, 19, 19, 2, 12.20
1577690669, 0, 0, 556, 556, 3, 17.65%, 19, 19, 2, 12.17
1577690716, 0, 0, 557, 557, 3, 17.67%, 19, 19, 2, 12.14
1577690726, 0, 0, 559, 559, 3, 17.68%, 19, 19, 2, 12.14
1577690732, 0, 0, 561, 561, 3, 17.68%, 19, 19, 2, 12.17
1577690737, 0, 0, 562, 562, 3, 17.68%, 19, 19, 2, 12.24
1577690763, 0, 0, 563, 563, 3, 17.68%, 19, 19, 2, 12.17
1577690773, 0, 0, 566, 566, 3, 17.70%, 19, 19, 2, 12.14
1577690778, 0, 0, 568, 568, 3, 17.70%, 19, 19, 2, 12.14
1577690783, 0, 0, 569, 569, 3, 17.70%, 19, 19, 2, 12.16
1577690835, 0, 0, 570, 570, 3, 17.70%, 19, 19, 2, 12.15
1577690851, 0, 0, 571, 571, 3, 17.70%, 19, 19, 2, 12.15
1577690908, 0, 0, 572, 572, 3, 17.70%, 19, 19, 2, 12.14
1577690918, 0, 0, 574, 574, 3, 17.71%, 19, 19, 2, 12.16
1577690929, 0, 0, 575, 575, 3, 17.71%, 19, 19, 2, 13.17
1577690949, 0, 0, 578, 578, 3, 17.71%, 19, 19, 2, 12.15
1577690955, 0, 0, 579, 579, 3, 17.71%, 19, 19, 2, 12.14
1577690970, 0, 0, 580, 580, 3, 17.72%, 19, 19, 2, 12.15
1577690981, 0, 0, 582, 582, 3, 17.73%, 19, 19, 2, 12.17
1577690991, 0, 0, 583, 583, 3, 17.73%, 19, 19, 2, 12.97
1577691012, 0, 0, 584, 584, 3, 17.73%, 19, 19, 2, 12.13
1577691032, 0, 0, 586, 586, 3, 17.73%, 19, 19, 2, 12.14
1577691038, 0, 0, 587, 587, 3, 17.74%, 19, 19, 2, 12.15
1577691043, 0, 0, 588, 588, 3, 17.75%, 19, 19, 2, 12.16
1577691048, 0, 0, 589, 589, 3, 17.75%, 19, 19, 2, 12.28
1577691053, 0, 0, 590, 590, 3, 17.75%, 20, 19, 2, 12.94
1577691069, 0, 0, 591, 591, 3, 17.75%, 20, 19, 2, 12.18
1577691084, 0, 0, 593, 593, 3, 17.76%, 20, 19, 2, 12.17
1577691089, 0, 0, 595, 595, 3, 17.76%, 21, 19, 2, 12.92
1577691095, 0, 0, 596, 596, 3, 17.76%, 21, 19, 2, 12.35
1577691100, 0, 0, 597, 597, 3, 17.76%, 21, 19, 2, 12.22
1577691136, 0, 0, 598, 598, 3, 17.76%, 21, 19, 2, 12.18
1577691162, 0, 0, 600, 600, 3, 17.76%, 21, 19, 2, 12.16
1577691167, 0, 0, 602, 602, 3, 17.76%, 21, 19, 2, 12.17
1577691172, 0, 0, 604, 604, 3, 17.76%, 21, 19, 2, 12.17
1577691214, 0, 0, 605, 605, 3, 17.76%, 21, 19, 2, 12.17
1577691229, 0, 0, 607, 607, 3, 17.76%, 21, 19, 2, 12.16
1577691250, 0, 0, 609, 609, 3, 17.76%, 21, 19, 2, 12.15
1577691255, 0, 0, 610, 610, 3, 17.76%, 21, 19, 2, 12.15
1577691260, 0, 0, 612, 612, 3, 17.76%, 21, 19, 2, 12.16
1577691302, 0, 0, 613, 613, 3, 17.76%, 21, 19, 2, 12.15
1577691343, 0, 0, 615, 615, 3, 17.76%, 21, 19, 2, 12.16
1577691348, 0, 0, 618, 618, 3, 17.76%, 21, 19, 2, 12.16
1577691405, 0, 0, 619, 619, 3, 17.76%, 21, 19, 2, 12.17
1577691421, 0, 0, 619, 619, 3, 17.76%, 23, 19, 2, 12.27
1577691426, 0, 0, 620, 620, 3, 17.76%, 23, 19, 2, 12.20
1577691431, 0, 0, 621, 621, 3, 17.76%, 23, 19, 2, 12.17
1577691488, 0, 0, 622, 622, 3, 17.76%, 23, 19, 2, 12.15
1577691509, 0, 0, 623, 623, 3, 17.76%, 24, 19, 2, 12.21
1577691597, 0, 0, 624, 624, 3, 17.76%, 24, 19, 2, 12.16
1577691680, 0, 0, 625, 625, 3, 17.76%, 24, 19, 2, 12.15
1577691763, 0, 0, 628, 628, 3, 17.76%, 24, 19, 2, 12.15
1577691851, 0, 0, 629, 629, 3, 17.78%, 24, 19, 2, 12.18
1577691861, 0, 0, 631, 631, 3, 17.79%, 24, 19, 2, 12.15
1577691866, 0, 0, 634, 634, 3, 17.80%, 24, 19, 2, 11.84
1577691871, 0, 0, 636, 636, 3, 17.80%, 24, 19, 2, 11.88
1577691892, 0, 0, 637, 637, 3, 17.80%, 24, 19, 2, 12.08
1577691913, 0, 0, 638, 638, 3, 17.80%, 24, 19, 2, 12.09
1577691918, 0, 0, 641, 641, 3, 17.80%, 24, 19, 2, 12.03
1577691923, 0, 0, 643, 643, 3, 17.81%, 24, 19, 2, 12.07
1577691928, 0, 0, 646, 646, 3, 17.82%, 24, 19, 2, 12.43
1577691934, 0, 0, 647, 647, 3, 17.83%, 24, 19, 2, 12.16
1577691939, 0, 0, 649, 649, 3, 17.83%, 24, 19, 2, 12.11
1577691949, 0, 0, 653, 653, 3, 17.85%, 24, 19, 2, 11.88
1577691955, 0, 0, 656, 656, 3, 17.85%, 24, 19, 2, 12.04
1577691960, 0, 0, 658, 658, 3, 17.85%, 24, 19, 2, 12.07
1577691975, 0, 0, 661, 661, 3, 17.86%, 24, 19, 2, 11.97
1577691981, 0, 0, 663, 663, 3, 17.86%, 24, 19, 2, 12.03
1577691986, 0, 0, 665, 665, 3, 17.86%, 24, 19, 2, 12.07
1577691996, 0, 0, 668, 668, 3, 17.86%, 24, 19, 2, 12.06
1577692001, 0, 0, 670, 670, 3, 17.86%, 24, 19, 2, 12.08
1577692006, 0, 0, 671, 671, 3, 17.86%, 24, 19, 2, 12.07
1577692012, 0, 0, 672, 672, 3, 17.86%, 24, 19, 2, 12.07
1577692017, 0, 0, 674, 674, 3, 17.86%, 24, 19, 2, 12.05
1577692022, 0, 0, 676, 676, 3, 17.86%, 24, 19, 2, 12.08
1577692033, 0, 0, 678, 678, 3, 17.86%, 24, 19, 2, 12.07
1577692043, 0, 0, 680, 680, 3, 17.86%, 26, 19, 2, 11.97
1577692048, 0, 0, 681, 681, 3, 17.86%, 26, 19, 2, 12.05
1577692053, 0, 0, 682, 682, 3, 17.86%, 26, 19, 2, 12.04
1577692064, 0, 0, 683, 683, 3, 17.87%, 26, 19, 2, 12.06
1577692105, 0, 0, 684, 684, 3, 17.87%, 26, 19, 2, 12.07
1577692111, 0, 0, 685, 685, 3, 17.87%, 26, 19, 2, 12.06
1577692132, 0, 0, 686, 686, 3, 17.87%, 26, 19, 2, 12.06
1577692173, 0, 0, 687, 687, 3, 17.87%, 26, 19, 2, 12.08
1577692184, 0, 0, 689, 689, 3, 17.87%, 26, 19, 2, 12.06
1577692199, 0, 0, 690, 690, 3, 17.88%, 26, 19, 2, 12.06
1577692205, 0, 0, 692, 692, 3, 17.89%, 26, 19, 2, 12.05
1577692231, 0, 0, 694, 694, 3, 17.89%, 26, 19, 2, 12.08
1577692236, 0, 0, 695, 695, 3, 17.89%, 26, 19, 2, 12.05
1577692241, 0, 0, 696, 696, 3, 17.89%, 26, 19, 2, 12.08
1577692251, 0, 0, 697, 697, 3, 17.89%, 26, 19, 2, 12.07
1577692303, 0, 0, 701, 701, 3, 17.91%, 26, 19, 2, 11.90
1577692309, 0, 0, 702, 702, 3, 17.91%, 26, 19, 2, 12.00
1577692329, 0, 0, 702, 702, 3, 17.91%, 27, 19, 2, 12.30
1577692340, 0, 0, 703, 703, 3, 17.92%, 28, 19, 2, 12.34
1577692345, 0, 0, 705, 705, 3, 17.92%, 30, 19, 2, 12.47
1577692350, 0, 0, 706, 706, 3, 17.92%, 30, 19, 2, 12.23
1577692355, 0, 0, 706, 706, 3, 17.92%, 32, 19, 2, 12.65
1577692366, 0, 0, 707, 707, 3, 17.94%, 32, 19, 2, 11.99
1577692376, 0, 0, 712, 712, 3, 17.95%, 33, 19, 2, 12.16
1577692381, 0, 0, 712, 712, 3, 17.95%, 35, 19, 2, 12.29
1577692391, 0, 0, 712, 712, 3, 17.95%, 38, 19, 2, 12.30
1577692397, 0, 0, 713, 713, 3, 17.96%, 42, 19, 2, 12.07
1577692402, 0, 0, 714, 714, 3, 17.96%, 43, 19, 2, 12.00
1577692417, 0, 0, 715, 715, 3, 17.96%, 44, 19, 2, 12.10
1577692422, 0, 0, 715, 715, 3, 17.96%, 45, 19, 2, 12.24
1577692428, 0, 0, 716, 716, 3, 17.96%, 46, 19, 2, 12.00
1577692433, 0, 0, 717, 717, 3, 17.97%, 47, 19, 2, 12.10
1577692474, 0, 0, 719, 719, 3, 18.02%, 48, 19, 2, 11.60
1577692484, 0, 0, 720, 720, 3, 18.02%, 48, 19, 2, 11.43
1577692490, 0, 0, 722, 722, 3, 18.03%, 48, 19, 2, 11.60
1577692495, 0, 0, 723, 723, 3, 18.03%, 48, 19, 2, 11.61
1577692510, 0, 0, 727, 727, 3, 18.07%, 48, 19, 2, 12.13
1577692515, 0, 0, 730, 730, 3, 18.07%, 48, 19, 2, 12.09
1577692520, 0, 0, 733, 733, 3, 18.07%, 48, 19, 2, 11.91
1577692525, 0, 0, 734, 734, 3, 18.07%, 48, 19, 2, 11.30
1577692531, 0, 0, 737, 737, 3, 18.07%, 48, 19, 2, 11.37
1577692572, 0, 0, 739, 739, 3, 18.07%, 48, 19, 2, 11.95
1577692582, 0, 0, 741, 741, 3, 18.07%, 48, 19, 2, 12.13
1577692587, 0, 0, 743, 743, 3, 18.07%, 48, 19, 2, 12.05
1577692593, 0, 0, 744, 744, 3, 18.07%, 48, 19, 2, 12.24
1577692603, 0, 0, 745, 745, 3, 18.07%, 48, 19, 2, 12.28
1577692608, 0, 0, 749, 749, 3, 18.07%, 48, 19, 2, 12.19
1577692613, 0, 0, 751, 751, 3, 18.07%, 48, 19, 2, 12.19
1577692618, 0, 0, 753, 753, 3, 18.07%, 48, 19, 2, 11.80
1577692639, 0, 0, 754, 754, 3, 18.07%, 48, 19, 2, 12.21
1577692660, 0, 0, 755, 755, 3, 18.07%, 48, 19, 2, 11.99
1577692675, 0, 0, 756, 756, 3, 18.07%, 48, 19, 2, 11.01
1577692680, 0, 0, 757, 757, 3, 18.07%, 48, 19, 2, 9.64
1577692696, 0, 0, 759, 759, 3, 18.07%, 48, 19, 2, 10.91
1577692701, 0, 0, 761, 761, 3, 18.07%, 48, 19, 2, 11.50
1577692706, 0, 0, 763, 763, 3, 18.07%, 48, 19, 2, 11.31
1577692711, 0, 0, 764, 764, 3, 18.07%, 48, 19, 2, 11.23
1577692716, 0, 0, 765, 765, 3, 18.07%, 48, 19, 2, 11.73
1577692737, 0, 0, 766, 766, 3, 18.07%, 48, 19, 2, 11.25
1577692757, 0, 0, 768, 768, 3, 18.07%, 48, 19, 2, 12.00
1577692762, 0, 0, 770, 770, 3, 18.07%, 48, 19, 2, 12.13
1577692767, 0, 0, 773, 773, 3, 18.07%, 48, 19, 2, 11.12
1577692964, 0, 0, 774, 774, 3, 18.07%, 48, 19, 2, 10.83
1577692969, 0, 0, 776, 776, 3, 18.07%, 48, 19, 2, 10.92
1577692974, 0, 0, 777, 777, 3, 18.07%, 48, 19, 2, 10.86
1577693162, 0, 0, 778, 778, 3, 18.07%, 48, 19, 2, 10.88
1577693167, 0, 0, 780, 780, 3, 18.07%, 48, 19, 2, 10.90
1577693358, 0, 0, 781, 781, 3, 18.07%, 48, 19, 2, 10.72
1577693363, 0, 0, 783, 783, 3, 18.07%, 48, 19, 2, 10.89
1577693556, 0, 0, 785, 785, 3, 18.07%, 48, 19, 2, 12.34
1577693561, 0, 0, 786, 786, 3, 18.07%, 48, 19, 2, 11.97
1577693736, 0, 0, 787, 787, 3, 18.08%, 49, 19, 2, 13.98
1577693910, 0, 0, 787, 787, 3, 18.08%, 50, 19, 2, 14.31
1577694083, 0, 0, 788, 788, 3, 18.08%, 50, 19, 2, 14.50
1577694256, 0, 0, 789, 789, 3, 18.08%, 50, 19, 2, 11.92
1577694261, 0, 0, 791, 791, 3, 18.08%, 50, 19, 2, 11.90
1577694439, 0, 0, 792, 792, 3, 18.08%, 50, 19, 2, 12.05
1577694623, 0, 0, 793, 793, 3, 18.08%, 50, 19, 2, 11.60
1577694798, 0, 0, 794, 794, 3, 18.08%, 50, 19, 2, 11.91
1577695513, 0, 0, 796, 796, 3, 18.08%, 50, 19, 2, 12.26
1577695518, 0, 0, 797, 797, 3, 18.08%, 50, 19, 2, 11.94
1577695687, 0, 0, 798, 798, 3, 18.08%, 50, 19, 2, 11.96
1577695770, 0, 0, 800, 800, 3, 18.08%, 50, 19, 2, 12.98
1577695780, 0, 0, 802, 802, 3, 18.08%, 50, 19, 2, 12.20
1577695785, 0, 0, 804, 804, 3, 18.08%, 50, 19, 2, 11.97
1577695790, 0, 0, 807, 807, 3, 18.08%, 50, 19, 2, 12.12
1577695796, 0, 0, 808, 808, 3, 18.08%, 50, 19, 2, 12.13
1577695801, 0, 0, 809, 809, 3, 18.08%, 50, 19, 2, 12.12
1577695806, 0, 0, 811, 811, 3, 18.08%, 51, 19, 2, 12.36
1577695811, 0, 0, 813, 813, 3, 18.08%, 51, 19, 2, 12.15
1577695816, 0, 0, 816, 816, 3, 18.08%, 51, 19, 2, 12.35
1577695832, 0, 0, 817, 817, 3, 18.08%, 51, 19, 2, 12.12
1577695837, 0, 0, 820, 820, 3, 18.08%, 51, 19, 2, 12.17
1577695842, 0, 0, 822, 822, 3, 18.08%, 51, 19, 2, 12.17
1577695863, 0, 0, 823, 823, 3, 18.08%, 51, 19, 2, 12.22
1577695868, 0, 0, 824, 824, 3, 18.08%, 51, 19, 2, 12.18
1577695884, 0, 0, 826, 826, 3, 18.08%, 51, 19, 2, 12.05
1577695889, 0, 0, 828, 828, 3, 18.09%, 51, 19, 2, 12.10
1577695936, 0, 0, 829, 829, 3, 18.09%, 51, 19, 2, 12.12
1577695946, 0, 0, 830, 830, 3, 18.09%, 51, 19, 2, 12.20
1577696123, 0, 0, 831, 831, 3, 18.09%, 51, 19, 2, 12.11
1577696470, 0, 0, 832, 832, 3, 18.09%, 51, 19, 2, 12.44
1577696812, 0, 0, 833, 833, 3, 18.09%, 51, 19, 2, 13.76
1577697495, 0, 0, 834, 834, 3, 18.09%, 51, 19, 2, 12.16
1577697842, 0, 0, 835, 835, 3, 18.09%, 51, 19, 2, 12.40
1577698189, 0, 0, 836, 836, 3, 18.09%, 51, 19, 2, 12.32
1577698360, 0, 0, 837, 837, 3, 18.09%, 51, 19, 2, 12.37
1577698530, 0, 0, 839, 839, 3, 18.09%, 51, 19, 2, 12.19
1577698784, 0, 0, 841, 841, 3, 18.09%, 51, 19, 2, 13.07
1577698794, 0, 0, 842, 842, 3, 18.09%, 51, 19, 2, 12.25
1577698799, 0, 0, 843, 843, 3, 18.09%, 51, 19, 2, 12.21
1577698810, 0, 0, 845, 845, 3, 18.09%, 51, 19, 2, 12.17
1577698815, 0, 0, 846, 846, 3, 18.09%, 51, 19, 2, 12.18
1577698830, 0, 0, 847, 847, 3, 18.09%, 51, 19, 2, 12.14
1577698836, 0, 0, 848, 848, 3, 18.09%, 51, 19, 2, 12.18
1577698923, 0, 0, 850, 850, 3, 18.09%, 51, 19, 2, 12.24
1577698928, 0, 0, 853, 853, 3, 18.09%, 51, 19, 2, 12.18
1577698934, 0, 0, 854, 854, 3, 18.09%, 51, 19, 2, 12.19
1577698975, 0, 0, 855, 855, 3, 18.09%, 51, 19, 2, 12.21
1577698985, 0, 0, 856, 856, 3, 18.09%, 51, 19, 2, 12.21
1577699001, 0, 0, 858, 858, 3, 18.09%, 51, 19, 2, 12.20
1577699006, 0, 0, 860, 860, 3, 18.09%, 51, 19, 2, 12.20
1577699011, 0, 0, 862, 862, 3, 18.09%, 51, 19, 2, 12.12
1577699052, 0, 0, 863, 863, 3, 18.09%, 51, 19, 2, 12.20
1577699063, 0, 0, 864, 864, 3, 18.09%, 51, 19, 2, 11.92
1577699078, 0, 0, 865, 865, 3, 18.09%, 51, 19, 2, 12.21
1577699084, 0, 0, 868, 868, 3, 18.09%, 51, 19, 2, 12.19
1577699094, 0, 0, 869, 869, 3, 18.09%, 51, 19, 2, 12.22
1577699140, 0, 0, 870, 870, 3, 18.09%, 51, 19, 2, 12.18
1577699146, 0, 0, 871, 871, 3, 18.09%, 51, 19, 2, 12.21
1577699161, 0, 0, 873, 873, 3, 18.09%, 51, 19, 2, 12.20
1577699233, 0, 0, 875, 875, 3, 18.09%, 51, 19, 2, 12.14
1577699306, 0, 0, 876, 876, 3, 18.09%, 51, 19, 2, 12.20
1577699311, 0, 0, 877, 877, 3, 18.09%, 51, 19, 2, 11.77
1577699368, 0, 0, 878, 878, 3, 18.09%, 51, 19, 2, 12.21
1577699383, 0, 0, 880, 880, 3, 18.09%, 51, 19, 2, 12.08
1577699445, 0, 0, 881, 881, 3, 18.09%, 51, 19, 2, 11.66
1577699455, 0, 0, 883, 883, 3, 18.09%, 51, 19, 2, 11.45
1577699460, 0, 0, 884, 884, 3, 18.09%, 51, 19, 2, 11.84
1577699465, 0, 0, 885, 885, 3, 18.09%, 51, 19, 2, 11.88
1577699522, 0, 0, 886, 886, 3, 18.09%, 51, 19, 2, 10.80
1577699527, 0, 0, 887, 887, 3, 18.09%, 51, 19, 2, 10.82
1577699537, 0, 0, 888, 888, 3, 18.09%, 51, 19, 2, 10.82
1577699542, 0, 0, 889, 889, 3, 18.09%, 51, 19, 2, 10.74
1577699609, 0, 0, 890, 890, 3, 18.09%, 51, 19, 2, 10.78
1577699625, 0, 0, 891, 891, 3, 18.09%, 51, 19, 2, 10.78
1577699630, 0, 0, 892, 892, 3, 18.09%, 51, 19, 2, 10.75
1577699707, 0, 0, 893, 893, 3, 18.09%, 51, 19, 2, 10.59
1577699712, 0, 0, 894, 894, 3, 18.09%, 51, 19, 2, 10.56
1577699764, 0, 0, 895, 895, 3, 18.09%, 51, 19, 2, 10.48
1577699794, 0, 0, 896, 896, 3, 18.09%, 51, 19, 2, 10.26
1577699810, 0, 0, 897, 897, 3, 18.09%, 51, 19, 2, 10.76
1577699820, 0, 0, 898, 898, 3, 18.10%, 51, 19, 2, 11.06
1577699830, 0, 0, 899, 899, 3, 18.10%, 51, 19, 2, 11.09
1577699840, 0, 0, 901, 901, 3, 18.10%, 51, 19, 2, 11.14
1577699851, 0, 0, 902, 902, 3, 18.11%, 54, 19, 2, 12.52
1577699856, 0, 0, 904, 904, 3, 18.12%, 54, 19, 2, 10.82
1577699861, 0, 0, 906, 906, 3, 18.12%, 54, 19, 2, 10.45
1577699866, 0, 0, 909, 909, 3, 18.13%, 56, 19, 2, 12.40
1577699871, 0, 0, 910, 910, 3, 18.13%, 58, 19, 2, 11.43
1577699897, 0, 0, 910, 910, 3, 18.13%, 59, 19, 2, 12.39
1577699918, 0, 0, 910, 910, 3, 18.13%, 60, 19, 2, 12.34
1577699938, 0, 0, 911, 911, 3, 18.13%, 60, 19, 2, 12.09
1577699954, 0, 0, 912, 912, 3, 18.13%, 60, 19, 2, 10.72
1577699959, 0, 0, 913, 913, 3, 18.13%, 60, 19, 2, 10.84
1577699969, 0, 0, 915, 915, 3, 18.14%, 61, 19, 2, 11.40
1577699974, 0, 0, 916, 916, 3, 18.14%, 61, 19, 2, 10.51
1577699979, 0, 0, 917, 917, 3, 18.14%, 62, 19, 2, 10.61
1577699985, 0, 0, 917, 917, 3, 18.14%, 63, 19, 2, 11.22
1577700000, 0, 0, 917, 917, 3, 18.14%, 64, 19, 2, 11.18
1577700021, 0, 0, 918, 918, 3, 18.14%, 64, 19, 2, 12.61
1577700026, 0, 0, 919, 919, 3, 18.14%, 64, 19, 2, 18.49
1577700031, 0, 0, 919, 919, 3, 18.14%, 65, 19, 2, 126.74
1577700128, 0, 0, 920, 920, 3, 18.14%, 65, 19, 2, 11.84
1577700139, 0, 0, 920, 920, 3, 18.14%, 66, 19, 2, 11.74
1577700195, 0, 0, 922, 922, 3, 18.15%, 66, 19, 2, 18.49
1577700226, 0, 0, 922, 922, 3, 18.15%, 67, 19, 2, 12.81
1577700287, 0, 0, 923, 923, 3, 18.15%, 67, 19, 2, 11.52
1577700292, 0, 0, 924, 924, 3, 18.15%, 67, 19, 2, 12.60
1577700297, 0, 0, 924, 924, 3, 18.15%, 68, 19, 2, 12.71
1577700364, 0, 0, 925, 925, 3, 18.15%, 68, 19, 2, 11.08
1577700384, 0, 0, 925, 925, 3, 18.15%, 69, 19, 2, 12.00
1577700395, 0, 0, 926, 926, 3, 18.15%, 70, 19, 2, 12.06
1577700451, 0, 0, 926, 926, 3, 18.15%, 71, 19, 2, 11.47
