# unix_time, cycles_done, cur_path, paths_total, pending_total, pending_favs, map_size, unique_crashes, unique_hangs, max_depth, execs_per_sec
1564408600, 0, 0, 3, 3, 3, 38.64%, 0, 0, 1, 5.52
1564408615, 0, 0, 6, 6, 3, 40.11%, 0, 0, 2, 4.48
1564408620, 0, 0, 10, 10, 3, 40.30%, 0, 0, 2, 65.75
1564408625, 0, 0, 15, 15, 3, 40.30%, 0, 0, 2, 11.34
1564408631, 0, 0, 24, 24, 3, 40.35%, 0, 0, 2, 27.82
1564408636, 0, 0, 28, 28, 3, 40.36%, 0, 0, 2, 22.09
1564408641, 0, 0, 35, 35, 3, 40.97%, 0, 0, 2, 23.84
1564408646, 0, 0, 41, 41, 3, 40.99%, 0, 0, 2, 29.60
1564408651, 0, 0, 46, 46, 3, 41.01%, 0, 0, 2, 22.05
1564408656, 0, 0, 51, 51, 3, 41.48%, 0, 0, 2, 21.81
1564408661, 0, 0, 55, 55, 3, 41.48%, 0, 0, 2, 16.36
1564408666, 0, 0, 59, 59, 3, 41.49%, 0, 0, 2, 14.61
1564408672, 0, 0, 63, 63, 3, 41.53%, 0, 0, 2, 14.78
1564408677, 0, 0, 68, 68, 3, 41.53%, 0, 0, 2, 12.24
1564408682, 0, 0, 72, 72, 3, 41.54%, 0, 0, 2, 7.97
1564408687, 0, 0, 79, 79, 3, 41.64%, 0, 0, 2, 12.35
1564408692, 0, 0, 85, 85, 3, 41.64%, 0, 0, 2, 70.16
1564408697, 0, 0, 90, 90, 3, 41.73%, 0, 0, 2, 12.07
1564408702, 0, 0, 93, 93, 3, 41.73%, 0, 1, 2, 7.52
1564408708, 0, 0, 96, 96, 3, 41.90%, 0, 1, 2, 39.49
1564408713, 0, 0, 100, 100, 3, 41.91%, 0, 1, 2, 57.61
1564408718, 0, 0, 105, 105, 3, 41.91%, 0, 1, 2, 78.50
1564408723, 0, 0, 109, 109, 3, 41.91%, 0, 1, 2, 7.77
1564408728, 0, 0, 113, 113, 3, 41.91%, 0, 1, 2, 29.30
1564408733, 0, 0, 117, 117, 3, 41.94%, 0, 1, 2, 8.54
1564408738, 0, 0, 119, 119, 3, 42.07%, 0, 1, 2, 54.73
1564408743, 0, 0, 122, 122, 3, 42.33%, 0, 1, 2, 6.64
1564408748, 0, 0, 127, 127, 3, 42.34%, 0, 1, 2, 27.31
1564408753, 0, 0, 131, 131, 3, 42.34%, 0, 1, 2, 18.32
1564408759, 0, 0, 134, 134, 3, 42.34%, 0, 1, 2, 20.86
1564408764, 0, 0, 137, 137, 3, 42.34%, 0, 1, 2, 28.81
1564408769, 0, 0, 142, 142, 3, 42.36%, 0, 1, 2, 22.31
1564408774, 0, 0, 144, 144, 3, 42.60%, 0, 1, 2, 32.49
1564408779, 0, 0, 147, 147, 3, 42.60%, 0, 1, 2, 25.65
1564408784, 0, 0, 152, 152, 3, 42.70%, 0, 1, 2, 19.83
1564408789, 0, 0, 155, 155, 3, 42.70%, 0, 1, 2, 90.77
1564408794, 0, 0, 159, 159, 3, 42.71%, 0, 1, 2, 14.52
1564408800, 0, 0, 162, 162, 3, 42.71%, 0, 1, 2, 15.70
1564408805, 0, 0, 165, 165, 3, 42.71%, 1, 1, 2, 15.22
1564408810, 0, 0, 168, 168, 3, 42.71%, 1, 1, 2, 19.42
1564408815, 0, 0, 172, 172, 3, 42.71%, 1, 1, 2, 16.80
1564408820, 0, 0, 176, 176, 3, 42.71%, 1, 1, 2, 16.49
1564408825, 0, 0, 180, 180, 3, 42.94%, 1, 1, 2, 8.55
1564408831, 0, 0, 183, 183, 3, 42.94%, 1, 1, 2, 24.86
1564408836, 0, 0, 186, 186, 3, 42.97%, 1, 1, 2, 15.58
1564408841, 0, 0, 190, 190, 3, 43.21%, 1, 1, 2, 24.53
1564408846, 0, 0, 194, 194, 3, 43.21%, 1, 1, 2, 21.63
1564408851, 0, 0, 199, 199, 3, 43.23%, 1, 1, 2, 22.08
1564408856, 0, 0, 203, 203, 3, 43.24%, 1, 1, 2, 23.24
1564408861, 0, 0, 207, 207, 3, 43.24%, 1, 1, 2, 20.65
1564408866, 0, 0, 210, 210, 3, 43.24%, 1, 1, 2, 17.25
1564408872, 0, 0, 212, 212, 3, 43.27%, 1, 1, 2, 96.15
1564408877, 0, 0, 217, 217, 3, 43.27%, 1, 1, 2, 14.94
1564408882, 0, 0, 220, 220, 3, 43.50%, 1, 1, 2, 7.33
1564408887, 0, 0, 225, 225, 3, 43.54%, 1, 1, 2, 12.95
1564408892, 0, 0, 226, 226, 3, 43.54%, 1, 1, 2, 17.59
1564408897, 0, 0, 229, 229, 3, 43.54%, 1, 1, 2, 17.47
1564408902, 0, 0, 233, 233, 3, 43.55%, 1, 1, 2, 14.87
1564408907, 0, 0, 235, 235, 3, 43.55%, 1, 1, 2, 16.23
1564408912, 0, 0, 238, 238, 3, 43.55%, 1, 1, 2, 11.60
1564408917, 0, 0, 240, 240, 3, 43.55%, 1, 1, 2, 26.61
1564408923, 0, 0, 244, 244, 3, 43.55%, 1, 1, 2, 24.72
1564408928, 0, 0, 247, 247, 3, 43.58%, 1, 1, 2, 3.46
1564408933, 0, 0, 249, 249, 3, 43.58%, 1, 1, 2, 11.85
1564408938, 0, 1, 252, 251, 76, 43.61%, 1, 1, 2, 85.44
1564408958, 0, 1, 257, 256, 76, 43.67%, 1, 1, 2, 83.12
1564408963, 0, 1, 268, 267, 76, 43.69%, 1, 1, 2, 6.78
1564408968, 0, 1, 277, 276, 76, 43.78%, 1, 1, 2, 13.42
1564408974, 0, 1, 283, 282, 76, 43.79%, 1, 1, 2, 48.43
1564408979, 0, 1, 291, 290, 76, 43.87%, 2, 1, 2, 6.97
1564408984, 0, 1, 302, 301, 76, 43.91%, 2, 1, 2, 41.92
1564408989, 0, 1, 310, 309, 76, 43.92%, 2, 1, 2, 44.83
1564408994, 0, 2, 314, 312, 91, 43.92%, 2, 1, 2, 83.56
1564409009, 0, 2, 319, 317, 91, 43.94%, 2, 1, 2, 4.05
1564409014, 0, 2, 321, 319, 91, 43.94%, 2, 1, 2, 4.01
1564409019, 0, 2, 324, 322, 91, 43.94%, 2, 1, 2, 7.91
1564409025, 0, 2, 327, 325, 91, 43.95%, 2, 1, 2, 4.52
1564409030, 0, 2, 330, 328, 91, 43.95%, 2, 1, 2, 4.37
1564409035, 0, 2, 333, 331, 91, 43.95%, 2, 1, 2, 10.24
1564409040, 0, 2, 335, 333, 91, 43.99%, 2, 1, 2, 8.46
1564409045, 0, 2, 337, 335, 91, 44.50%, 2, 1, 2, 11.29
1564409050, 0, 2, 339, 337, 91, 44.50%, 2, 1, 2, 4.07
1564409055, 0, 2, 342, 340, 91, 44.53%, 2, 1, 2, 13.43
1564409060, 0, 2, 343, 341, 91, 44.53%, 2, 1, 2, 8.30
1564409065, 0, 2, 345, 343, 91, 44.71%, 2, 1, 2, 63.20
1564409070, 0, 2, 347, 345, 91, 45.13%, 2, 1, 2, 10.10
1564409075, 0, 2, 349, 347, 91, 45.13%, 2, 1, 2, 11.51
1564409081, 0, 5, 351, 348, 97, 45.13%, 2, 1, 2, 72.26
1564409101, 0, 5, 355, 352, 97, 45.13%, 2, 1, 3, 85.37
1564409106, 0, 5, 357, 354, 97, 45.16%, 2, 1, 3, 6.78
1564409111, 0, 5, 360, 357, 97, 45.22%, 2, 1, 3, 12.73
1564409117, 0, 5, 363, 360, 97, 45.22%, 2, 1, 3, 12.99
1564409122, 0, 5, 366, 363, 97, 45.25%, 2, 1, 3, 9.05
1564409127, 0, 5, 369, 366, 97, 45.25%, 2, 1, 3, 15.87
1564409132, 0, 5, 370, 367, 97, 45.25%, 2, 1, 3, 25.95
1564409137, 0, 5, 374, 371, 97, 45.31%, 2, 1, 3, 23.90
1564409143, 0, 5, 376, 373, 97, 45.32%, 2, 2, 3, 2.18
1564409148, 0, 5, 379, 376, 97, 45.32%, 2, 2, 3, 15.07
1564409153, 0, 5, 382, 379, 97, 45.32%, 2, 2, 3, 14.07
1564409158, 0, 5, 386, 383, 97, 45.32%, 2, 2, 3, 11.58
1564409163, 0, 5, 389, 386, 97, 45.47%, 2, 2, 3, 6.94
1564409168, 0, 5, 391, 388, 97, 45.47%, 2, 2, 3, 49.38
1564409173, 0, 5, 395, 392, 97, 45.80%, 2, 2, 3, 24.40
1564409179, 0, 5, 399, 396, 97, 45.86%, 2, 2, 3, 23.33
1564409184, 0, 5, 402, 399, 97, 45.88%, 2, 2, 3, 18.71
1564409189, 0, 5, 405, 402, 97, 45.90%, 2, 2, 3, 15.91
1564409194, 0, 5, 408, 405, 97, 45.90%, 2, 2, 3, 17.46
1564409199, 0, 5, 411, 408, 97, 45.99%, 2, 2, 3, 13.50
1564409204, 0, 5, 414, 411, 97, 46.34%, 2, 2, 3, 17.83
1564409209, 0, 5, 416, 413, 97, 46.35%, 2, 2, 3, 17.83
1564409214, 0, 5, 419, 416, 97, 46.36%, 2, 2, 3, 18.57
1564409219, 0, 5, 422, 419, 97, 46.36%, 2, 2, 3, 32.22
1564409224, 0, 5, 423, 420, 97, 46.42%, 2, 2, 3, 46.61
1564409230, 0, 5, 426, 423, 97, 46.43%, 2, 2, 3, 14.95
1564409235, 0, 5, 431, 428, 97, 46.60%, 2, 2, 3, 15.93
1564409240, 0, 5, 434, 431, 97, 46.60%, 2, 2, 3, 27.31
1564409245, 0, 5, 436, 433, 97, 46.60%, 2, 2, 3, 28.04
1564409250, 0, 5, 439, 436, 97, 46.69%, 2, 2, 3, 85.00
1564409255, 0, 5, 442, 439, 97, 46.69%, 2, 2, 3, 12.32
1564409260, 0, 5, 444, 441, 97, 46.69%, 2, 2, 3, 25.49
1564409265, 0, 5, 447, 444, 97, 46.71%, 2, 2, 3, 20.57
1564409270, 0, 5, 450, 447, 97, 46.73%, 2, 2, 3, 18.42
1564409275, 0, 5, 453, 450, 97, 46.75%, 2, 2, 3, 4.26
1564409280, 0, 5, 456, 453, 97, 46.76%, 2, 2, 3, 32.62
1564409285, 0, 5, 459, 456, 97, 46.77%, 2, 2, 3, 38.88
1564409291, 0, 5, 462, 459, 97, 46.78%, 2, 2, 3, 7.14
1564409296, 0, 5, 465, 462, 97, 46.79%, 2, 2, 3, 17.02
1564409301, 0, 5, 468, 465, 97, 46.80%, 2, 2, 3, 30.62
1564409306, 0, 5, 470, 467, 97, 46.80%, 2, 2, 3, 28.91
1564409311, 0, 5, 473, 470, 97, 46.80%, 2, 2, 3, 27.63
1564409316, 0, 5, 476, 473, 97, 46.81%, 2, 2, 3, 23.12
1564409321, 0, 5, 480, 477, 97, 46.82%, 2, 2, 3, 18.17
1564409327, 0, 5, 483, 480, 97, 46.82%, 2, 2, 3, 22.18
1564409332, 0, 5, 485, 482, 97, 46.83%, 2, 2, 3, 20.02
1564409337, 0, 5, 487, 484, 97, 46.83%, 2, 2, 3, 25.56
1564409342, 0, 5, 490, 487, 97, 46.85%, 2, 2, 3, 4.49
1564409347, 0, 5, 493, 490, 97, 46.85%, 2, 2, 3, 28.04
1564409352, 0, 5, 497, 494, 97, 47.03%, 2, 2, 3, 21.48
1564409357, 0, 5, 499, 496, 97, 47.03%, 2, 2, 3, 24.47
1564409363, 0, 5, 500, 497, 97, 47.06%, 2, 2, 3, 23.37
1564409368, 0, 5, 501, 498, 97, 47.06%, 2, 2, 3, 27.54
1564409373, 0, 5, 506, 503, 97, 47.11%, 2, 2, 3, 20.92
1564409378, 0, 5, 510, 507, 97, 47.11%, 2, 2, 3, 25.96
1564409383, 0, 5, 513, 510, 97, 47.15%, 2, 2, 3, 21.92
1564409388, 0, 5, 515, 512, 97, 47.16%, 2, 2, 3, 36.02
1564409393, 0, 5, 520, 517, 97, 47.28%, 2, 2, 3, 19.80
1564409399, 0, 5, 523, 520, 97, 47.30%, 2, 2, 3, 24.93
1564409404, 0, 5, 525, 522, 97, 47.30%, 2, 2, 3, 24.34
1564409409, 0, 5, 527, 524, 97, 47.31%, 2, 2, 3, 26.96
1564409414, 0, 5, 530, 527, 97, 47.45%, 2, 2, 3, 4.47
1564409419, 0, 5, 532, 529, 97, 47.48%, 2, 2, 3, 90.05
1564409424, 0, 6, 532, 528, 149, 47.48%, 2, 2, 3, 66.22
1564409439, 0, 6, 536, 532, 149, 47.57%, 2, 2, 3, 33.58
1564409444, 0, 6, 541, 537, 149, 47.57%, 2, 2, 3, 34.46
1564409450, 0, 6, 545, 541, 149, 47.58%, 2, 2, 3, 35.85
1564409455, 0, 6, 547, 543, 149, 47.60%, 2, 2, 3, 12.94
1564409460, 0, 6, 550, 546, 149, 47.60%, 2, 2, 3, 13.76
1564409465, 0, 6, 553, 549, 149, 47.69%, 2, 2, 3, 19.36
1564409470, 0, 6, 557, 553, 149, 47.69%, 2, 2, 3, 15.05
1564409475, 0, 6, 561, 557, 149, 47.69%, 2, 2, 3, 26.24
1564409480, 0, 11, 561, 556, 154, 47.69%, 2, 2, 3, 71.73
1564409496, 0, 19, 562, 556, 154, 47.69%, 2, 2, 3, 92.55
1564409501, 0, 19, 573, 567, 154, 47.70%, 2, 2, 3, 103.43
1564409506, 0, 19, 576, 570, 154, 47.70%, 2, 2, 3, 95.01
1564409511, 0, 19, 578, 572, 154, 47.76%, 2, 2, 3, 16.65
1564409516, 0, 19, 583, 577, 154, 47.77%, 2, 2, 3, 18.54
1564409522, 0, 19, 585, 579, 154, 47.77%, 2, 2, 3, 16.96
1564409527, 0, 19, 587, 581, 154, 47.78%, 2, 2, 3, 2.74
1564409532, 0, 19, 590, 584, 154, 47.78%, 2, 2, 3, 16.35
1564409537, 0, 19, 592, 586, 154, 47.78%, 2, 2, 3, 23.98
1564409543, 0, 26, 593, 586, 159, 47.78%, 2, 2, 3, 33.61
1564409558, 0, 26, 594, 587, 159, 47.83%, 2, 2, 3, 6.67
1564409563, 0, 26, 597, 590, 159, 47.83%, 2, 2, 3, 19.39
1564409568, 0, 26, 600, 593, 159, 47.83%, 2, 2, 3, 18.73
1564409573, 0, 26, 602, 595, 159, 47.86%, 2, 2, 3, 7.07
1564409579, 0, 26, 604, 597, 159, 47.86%, 2, 2, 3, 16.55
1564409584, 0, 26, 605, 598, 159, 47.87%, 2, 2, 3, 93.88
1564409589, 0, 26, 607, 600, 159, 47.87%, 2, 2, 3, 11.66
1564409594, 0, 26, 611, 604, 159, 47.88%, 2, 2, 3, 9.68
1564409599, 0, 26, 615, 608, 159, 47.96%, 2, 2, 3, 8.97
1564409604, 0, 26, 617, 610, 159, 47.96%, 2, 2, 3, 40.72
1564409609, 0, 26, 620, 613, 159, 47.97%, 2, 2, 3, 8.06
1564409615, 0, 26, 623, 616, 159, 48.06%, 2, 2, 3, 8.25
1564409620, 0, 33, 624, 616, 169, 48.06%, 2, 2, 3, 95.49
1564409635, 0, 33, 627, 619, 169, 48.06%, 2, 2, 3, 78.15
1564409640, 0, 33, 631, 623, 169, 48.06%, 2, 2, 3, 7.59
1564409645, 0, 34, 632, 623, 168, 48.06%, 2, 2, 3, 79.43
1564409661, 0, 34, 634, 625, 168, 48.06%, 2, 2, 3, 42.48
1564409666, 0, 34, 637, 628, 168, 48.06%, 2, 2, 3, 74.63
1564409671, 0, 34, 641, 632, 168, 48.16%, 2, 2, 3, 10.17
1564409676, 0, 34, 642, 633, 168, 48.16%, 2, 2, 3, 6.37
1564409681, 0, 34, 645, 636, 168, 48.21%, 2, 2, 3, 14.62
1564409686, 0, 34, 648, 639, 168, 48.21%, 2, 2, 3, 12.16
1564409692, 0, 34, 650, 641, 168, 48.21%, 2, 2, 3, 14.80
1564409697, 0, 34, 652, 643, 168, 48.27%, 2, 2, 3, 18.53
1564409702, 0, 34, 653, 644, 168, 48.27%, 2, 2, 3, 13.03
1564409707, 0, 34, 654, 645, 168, 48.27%, 2, 2, 3, 57.12
1564409712, 0, 38, 656, 646, 171, 48.29%, 2, 2, 3, 73.22
1564409728, 0, 38, 658, 648, 171, 48.35%, 2, 2, 3, 34.31
1564409733, 0, 38, 661, 651, 171, 48.36%, 2, 2, 3, 26.08
1564409738, 0, 38, 663, 653, 171, 48.36%, 2, 2, 3, 23.73
1564409743, 0, 38, 665, 655, 171, 48.37%, 2, 2, 3, 6.80
1564409748, 0, 38, 666, 656, 171, 48.37%, 2, 2, 3, 68.95
1564409753, 0, 38, 668, 658, 171, 48.37%, 2, 2, 3, 54.34
1564409758, 0, 38, 671, 661, 171, 48.37%, 2, 2, 3, 11.62
1564409763, 0, 40, 671, 660, 177, 48.37%, 2, 2, 3, 94.64
1564409779, 0, 40, 673, 662, 177, 48.37%, 2, 2, 3, 37.10
1564409784, 0, 44, 674, 662, 177, 48.37%, 2, 2, 3, 7.40
1564409789, 0, 46, 674, 661, 177, 48.37%, 2, 2, 3, 98.95
1564409805, 0, 46, 675, 662, 177, 48.37%, 2, 2, 3, 13.61
1564409810, 0, 49, 675, 661, 176, 48.37%, 2, 2, 3, 101.15
1564409820, 0, 49, 676, 662, 176, 48.39%, 2, 2, 3, 96.49
1564409825, 0, 49, 677, 663, 176, 48.57%, 2, 2, 3, 8.29
1564409830, 0, 49, 680, 666, 176, 48.60%, 2, 2, 3, 13.35
1564409837, 0, 49, 681, 667, 176, 48.60%, 2, 3, 3, 4.72
1564409842, 0, 50, 681, 666, 176, 48.60%, 2, 3, 3, 81.58
1564409857, 0, 50, 684, 669, 176, 48.60%, 2, 3, 3, 10.87
1564409862, 0, 50, 686, 671, 176, 48.60%, 2, 3, 3, 25.56
1564409867, 0, 50, 688, 673, 176, 48.63%, 2, 3, 3, 21.43
1564409873, 0, 50, 690, 675, 176, 48.63%, 2, 4, 3, 26.16
1564409878, 0, 50, 692, 677, 176, 48.63%, 2, 4, 3, 32.46
1564409883, 0, 50, 694, 679, 176, 48.63%, 2, 4, 3, 7.89
1564409888, 0, 50, 695, 680, 176, 48.66%, 2, 4, 3, 77.62
1564409893, 0, 50, 698, 683, 176, 48.66%, 2, 4, 3, 41.67
1564409898, 0, 50, 700, 685, 176, 48.66%, 2, 4, 3, 37.59
1564409904, 0, 50, 705, 690, 176, 48.68%, 2, 4, 3, 30.33
1564409909, 0, 50, 706, 691, 176, 48.68%, 2, 4, 3, 14.22
1564409914, 0, 50, 708, 693, 176, 48.68%, 2, 4, 3, 87.02
1564409919, 0, 60, 709, 693, 174, 48.69%, 2, 4, 3, 91.59
1564409934, 0, 60, 711, 695, 174, 48.69%, 2, 4, 3, 37.85
1564409940, 0, 60, 715, 699, 174, 48.69%, 2, 4, 3, 21.12
1564409945, 0, 60, 717, 701, 174, 48.69%, 2, 4, 3, 29.39
1564409950, 0, 60, 719, 703, 174, 48.70%, 2, 4, 3, 31.86
1564409955, 0, 60, 721, 705, 174, 48.71%, 2, 4, 3, 26.95
1564409960, 0, 60, 723, 707, 174, 48.71%, 2, 4, 3, 31.51
1564409965, 0, 60, 724, 708, 174, 48.71%, 2, 4, 3, 28.27
1564409970, 0, 60, 726, 710, 174, 48.71%, 2, 4, 3, 23.05
1564409975, 0, 88, 726, 708, 177, 48.71%, 2, 4, 3, 74.03
1564409991, 0, 88, 728, 710, 177, 48.72%, 2, 4, 3, 25.14
1564409996, 0, 88, 731, 713, 177, 48.72%, 2, 4, 3, 20.42
1564410001, 0, 88, 734, 716, 177, 48.73%, 2, 4, 3, 16.29
1564410006, 0, 88, 735, 717, 177, 48.73%, 2, 4, 3, 23.52
1564410011, 0, 88, 737, 719, 177, 48.73%, 2, 4, 3, 23.74
1564410016, 0, 88, 739, 721, 177, 48.73%, 2, 4, 3, 21.66
1564410021, 0, 88, 741, 723, 177, 48.76%, 2, 4, 3, 23.11
1564410027, 0, 88, 744, 726, 177, 48.76%, 2, 4, 3, 7.55
1564410032, 0, 88, 745, 727, 177, 48.76%, 2, 4, 3, 17.90
1564410037, 0, 88, 747, 729, 177, 48.76%, 2, 4, 3, 25.10
1564410042, 0, 94, 748, 729, 181, 48.76%, 2, 4, 3, 75.06
1564410058, 0, 94, 750, 731, 181, 48.76%, 2, 4, 3, 7.58
1564410063, 0, 94, 751, 732, 181, 48.78%, 2, 4, 3, 6.46
1564410068, 0, 94, 753, 734, 181, 48.78%, 2, 4, 3, 7.56
1564410073, 0, 94, 755, 736, 181, 48.78%, 2, 4, 3, 4.63
1564410078, 0, 94, 757, 738, 181, 48.78%, 2, 4, 3, 80.72
1564410083, 0, 94, 759, 740, 181, 48.78%, 2, 4, 3, 7.82
1564410093, 0, 94, 761, 742, 181, 48.79%, 2, 4, 3, 7.01
1564410098, 0, 94, 763, 744, 181, 48.79%, 2, 4, 3, 4.18
1564410104, 0, 94, 765, 746, 181, 48.79%, 2, 4, 3, 14.76
1564410109, 0, 94, 767, 748, 181, 48.80%, 2, 4, 3, 7.88
1564410114, 0, 94, 768, 749, 181, 48.80%, 2, 4, 3, 10.14
1564410119, 0, 94, 769, 750, 181, 48.80%, 2, 4, 3, 11.09
1564410124, 0, 94, 771, 752, 181, 48.80%, 2, 4, 3, 15.04
1564410129, 0, 94, 773, 754, 181, 48.82%, 2, 4, 3, 63.23
1564410134, 0, 94, 774, 755, 181, 48.82%, 2, 4, 3, 8.22
1564410139, 0, 94, 776, 757, 181, 48.82%, 2, 4, 3, 4.22
1564410144, 0, 94, 777, 758, 181, 48.85%, 2, 4, 3, 38.78
1564410149, 0, 94, 778, 759, 181, 48.85%, 2, 4, 3, 10.91
1564410155, 0, 94, 780, 761, 181, 48.93%, 2, 4, 3, 16.95
1564410160, 0, 94, 782, 763, 181, 48.95%, 2, 4, 3, 6.21
1564410165, 0, 94, 785, 766, 181, 48.96%, 2, 4, 3, 20.01
1564410170, 0, 94, 789, 770, 181, 48.96%, 2, 4, 3, 22.56
1564410175, 0, 94, 790, 771, 181, 48.96%, 2, 5, 3, 29.19
1564410180, 0, 94, 792, 773, 181, 48.96%, 2, 5, 3, 20.17
1564410185, 0, 94, 795, 776, 181, 48.96%, 2, 5, 3, 24.89
1564410190, 0, 94, 798, 779, 181, 48.96%, 2, 5, 3, 20.53
1564410195, 0, 94, 801, 782, 181, 48.96%, 2, 5, 3, 22.05
1564410201, 0, 94, 803, 784, 181, 48.97%, 2, 5, 3, 25.12
1564410206, 0, 94, 805, 786, 181, 48.97%, 2, 5, 3, 24.87
1564410211, 0, 94, 808, 789, 181, 48.98%, 2, 5, 3, 21.17
1564410216, 0, 114, 808, 788, 195, 48.98%, 2, 5, 3, 79.11
1564410231, 0, 114, 810, 790, 195, 48.98%, 2, 5, 3, 61.72
1564410236, 0, 115, 810, 789, 194, 48.98%, 2, 5, 3, 102.37
1564410251, 0, 115, 811, 790, 194, 48.99%, 2, 5, 3, 6.94
1564410256, 0, 115, 815, 794, 194, 49.00%, 2, 5, 3, 35.08
1564410262, 0, 115, 817, 796, 194, 49.00%, 2, 5, 3, 26.46
1564410267, 0, 115, 819, 798, 194, 49.02%, 2, 5, 3, 25.08
1564410272, 0, 115, 822, 801, 194, 49.03%, 2, 5, 3, 18.77
1564410277, 0, 115, 824, 803, 194, 49.03%, 2, 5, 3, 89.55
1564410282, 0, 115, 828, 807, 194, 49.03%, 2, 5, 3, 11.92
1564410287, 0, 115, 830, 809, 194, 49.03%, 2, 5, 3, 11.06
1564410293, 0, 115, 832, 811, 194, 49.04%, 2, 5, 3, 40.09
1564410298, 0, 115, 835, 814, 194, 49.05%, 2, 5, 3, 6.23
1564410303, 0, 116, 835, 813, 203, 49.05%, 2, 5, 3, 99.06
1564410324, 0, 116, 839, 817, 203, 49.05%, 2, 5, 3, 22.43
1564410329, 0, 116, 843, 821, 203, 49.06%, 2, 5, 3, 14.29
1564410334, 0, 116, 846, 824, 203, 49.07%, 2, 5, 3, 17.65
1564410339, 0, 116, 847, 825, 203, 49.07%, 2, 5, 3, 20.99
1564410344, 0, 116, 850, 828, 203, 49.09%, 2, 5, 3, 3.00
1564410349, 0, 116, 852, 830, 203, 49.12%, 2, 5, 3, 23.92
1564410355, 0, 116, 855, 833, 203, 49.12%, 2, 5, 3, 21.35
1564410360, 0, 116, 857, 835, 203, 49.12%, 2, 5, 3, 17.80
1564410365, 0, 116, 859, 837, 203, 49.14%, 2, 5, 3, 15.34
1564410370, 0, 118, 861, 838, 214, 49.14%, 2, 5, 3, 100.79
1564410385, 0, 118, 862, 839, 214, 49.14%, 2, 5, 3, 24.43
1564410391, 0, 118, 864, 841, 214, 49.14%, 2, 5, 3, 21.45
1564410396, 0, 120, 864, 840, 214, 49.14%, 2, 5, 3, 90.89
1564410411, 0, 120, 865, 841, 214, 49.14%, 2, 5, 3, 38.47
1564410416, 0, 120, 868, 844, 214, 49.14%, 2, 5, 3, 46.60
1564410421, 0, 120, 870, 846, 214, 49.14%, 2, 5, 3, 12.47
1564410427, 0, 120, 872, 848, 214, 49.14%, 2, 5, 3, 20.33
1564410432, 0, 120, 874, 850, 214, 49.14%, 2, 5, 3, 11.69
1564410437, 0, 120, 876, 852, 214, 49.14%, 2, 5, 3, 13.87
1564410442, 0, 120, 877, 853, 214, 49.14%, 2, 5, 3, 90.91
1564410447, 0, 120, 879, 855, 214, 49.14%, 2, 5, 3, 13.10
1564410452, 0, 120, 882, 858, 214, 49.14%, 2, 5, 3, 14.13
1564410457, 0, 120, 883, 859, 214, 49.14%, 2, 5, 3, 19.90
1564410463, 0, 120, 885, 861, 214, 49.14%, 2, 5, 3, 26.77
1564410468, 0, 120, 887, 863, 214, 49.14%, 2, 5, 3, 29.27
1564410473, 0, 120, 888, 864, 214, 49.14%, 2, 5, 3, 32.62
1564410478, 0, 120, 889, 865, 214, 49.46%, 2, 5, 3, 3.11
1564410483, 0, 120, 891, 867, 214, 49.48%, 2, 5, 3, 21.38
1564410489, 0, 120, 892, 868, 214, 49.48%, 2, 5, 3, 3.51
1564410494, 0, 120, 893, 869, 214, 49.50%, 2, 5, 3, 2.78
1564410509, 0, 120, 895, 871, 214, 49.50%, 2, 5, 3, 20.62
1564410514, 0, 120, 897, 873, 214, 49.57%, 2, 5, 3, 15.43
1564410519, 0, 120, 899, 875, 214, 49.57%, 2, 5, 3, 100.00
1564410525, 0, 120, 900, 876, 214, 49.57%, 2, 5, 3, 2.99
1564410530, 0, 121, 900, 875, 213, 49.57%, 2, 5, 3, 100.46
1564410545, 0, 121, 902, 877, 213, 49.59%, 2, 5, 3, 21.80
1564410550, 0, 121, 905, 880, 213, 49.59%, 2, 5, 3, 20.64
1564410555, 0, 121, 906, 881, 213, 49.59%, 2, 5, 3, 27.07
1564410560, 0, 121, 909, 884, 213, 49.67%, 2, 5, 3, 21.10
1564410565, 0, 121, 912, 887, 213, 49.67%, 2, 5, 3, 16.65
1564410571, 0, 121, 914, 889, 213, 49.68%, 2, 5, 3, 21.33
1564410576, 0, 121, 917, 892, 213, 49.68%, 2, 5, 3, 18.22
1564410581, 0, 121, 918, 893, 213, 49.68%, 2, 5, 3, 21.36
1564410586, 0, 121, 921, 896, 213, 49.69%, 2, 5, 3, 17.44
1564410591, 0, 121, 924, 899, 213, 49.71%, 2, 5, 3, 16.17
1564410597, 0, 121, 926, 901, 213, 49.71%, 2, 5, 3, 16.91
1564410602, 0, 121, 927, 902, 213, 49.71%, 2, 5, 3, 16.21
1564410607, 0, 121, 929, 904, 213, 49.71%, 2, 5, 3, 31.13
1564410612, 0, 121, 932, 907, 213, 49.73%, 2, 5, 3, 18.55
1564410617, 0, 121, 933, 908, 213, 49.73%, 2, 5, 3, 36.82
1564410622, 0, 121, 936, 911, 213, 49.73%, 2, 5, 3, 49.21
1564410627, 0, 121, 938, 913, 213, 49.74%, 2, 5, 3, 5.35
1564410632, 0, 121, 940, 915, 213, 49.74%, 2, 5, 3, 6.61
1564410637, 0, 121, 941, 916, 213, 49.74%, 2, 5, 3, 8.75
1564410643, 0, 121, 943, 918, 213, 49.74%, 2, 5, 3, 10.57
1564410648, 0, 121, 945, 920, 213, 49.75%, 2, 5, 3, 7.57
1564410653, 0, 121, 947, 922, 213, 49.78%, 2, 5, 3, 15.28
1564410663, 0, 121, 949, 924, 213, 49.78%, 2, 5, 3, 4.83
1564410668, 0, 121, 950, 925, 213, 49.78%, 2, 5, 3, 42.71
1564410673, 0, 121, 951, 926, 213, 49.78%, 2, 5, 3, 34.39
1564410679, 0, 121, 953, 928, 213, 49.79%, 2, 5, 3, 6.64
1564410684, 0, 138, 954, 928, 218, 49.79%, 2, 5, 3, 96.71
1564410699, 0, 138, 955, 929, 218, 49.79%, 2, 5, 3, 21.86
1564410704, 0, 138, 958, 932, 218, 49.79%, 2, 5, 3, 23.19
1564410709, 0, 138, 959, 933, 218, 49.79%, 2, 5, 3, 24.87
1564410714, 0, 138, 960, 934, 218, 49.80%, 2, 5, 3, 33.58
1564410720, 0, 138, 963, 937, 218, 49.82%, 2, 5, 3, 23.92
1564410725, 0, 138, 965, 939, 218, 49.82%, 2, 5, 3, 24.14
1564410730, 0, 138, 967, 941, 218, 49.84%, 2, 5, 3, 5.29
1564410735, 0, 138, 969, 943, 218, 49.84%, 2, 5, 3, 3.95
1564410740, 0, 138, 972, 946, 218, 49.86%, 2, 5, 3, 11.58
1564410745, 0, 138, 974, 948, 218, 49.89%, 2, 5, 3, 18.35
1564410750, 0, 138, 976, 950, 218, 49.89%, 2, 5, 3, 20.81
1564410755, 0, 142, 977, 950, 221, 49.89%, 2, 5, 3, 65.36
1564410771, 0, 142, 978, 951, 221, 49.90%, 2, 5, 3, 4.01
1564410776, 0, 142, 981, 954, 221, 49.90%, 2, 5, 3, 9.99
1564410781, 0, 142, 982, 955, 221, 49.90%, 2, 5, 3, 23.99
1564410786, 0, 142, 984, 957, 221, 49.90%, 2, 5, 3, 5.90
1564410791, 0, 142, 987, 960, 221, 49.90%, 2, 5, 3, 13.46
1564410796, 0, 142, 990, 963, 221, 49.90%, 2, 5, 3, 14.36
1564410801, 0, 142, 991, 964, 221, 49.90%, 2, 5, 3, 19.31
1564410806, 0, 142, 993, 966, 221, 49.90%, 2, 5, 3, 26.55
1564410812, 0, 142, 995, 968, 221, 49.91%, 2, 5, 3, 25.77
1564410817, 0, 142, 996, 969, 221, 49.91%, 2, 5, 3, 30.56
1564410822, 0, 142, 998, 971, 221, 49.91%, 2, 5, 3, 4.83
1564410827, 0, 142, 1000, 973, 221, 49.91%, 2, 5, 3, 46.72
1564410832, 0, 142, 1001, 974, 221, 49.91%, 2, 5, 3, 8.80
1564410837, 0, 142, 1003, 976, 221, 49.91%, 2, 5, 3, 10.62
1564410842, 0, 142, 1005, 978, 221, 49.91%, 2, 5, 3, 15.44
1564410848, 0, 147, 1005, 977, 233, 49.91%, 2, 5, 3, 94.75
1564410863, 0, 147, 1009, 981, 233, 49.91%, 2, 5, 3, 6.95
1564410868, 0, 151, 1009, 980, 232, 49.91%, 2, 5, 3, 77.48
1564410883, 0, 151, 1010, 981, 232, 49.91%, 2, 5, 3, 10.32
1564410889, 0, 151, 1012, 983, 232, 49.91%, 2, 5, 3, 15.25
1564410894, 0, 151, 1014, 985, 232, 49.91%, 2, 5, 3, 24.72
1564410899, 0, 151, 1017, 988, 232, 49.91%, 2, 5, 3, 19.91
1564410904, 0, 151, 1018, 989, 232, 49.92%, 2, 5, 3, 24.32
1564410909, 0, 158, 1018, 988, 232, 49.92%, 2, 5, 3, 80.47
1564410924, 0, 158, 1020, 990, 232, 49.92%, 2, 5, 3, 40.46
1564410929, 0, 158, 1021, 991, 232, 49.92%, 2, 5, 3, 73.22
1564410935, 0, 179, 1022, 991, 233, 49.92%, 2, 5, 3, 99.22
1564410950, 0, 179, 1023, 992, 233, 49.92%, 2, 5, 3, 23.88
1564410955, 0, 179, 1026, 995, 233, 49.92%, 2, 5, 3, 14.55
1564410960, 0, 179, 1028, 997, 233, 49.92%, 2, 5, 3, 3.19
1564410965, 0, 179, 1030, 999, 233, 49.92%, 2, 5, 3, 8.72
1564410970, 0, 179, 1032, 1001, 233, 49.92%, 2, 5, 3, 8.43
1564410975, 0, 179, 1033, 1002, 233, 49.95%, 2, 5, 3, 8.96
1564410981, 0, 179, 1035, 1004, 233, 49.95%, 2, 5, 3, 28.18
1564410986, 0, 179, 1036, 1005, 233, 49.95%, 2, 5, 3, 22.04
1564410991, 0, 179, 1037, 1006, 233, 49.95%, 2, 5, 3, 20.49
1564410996, 0, 179, 1039, 1008, 233, 49.98%, 2, 5, 3, 20.01
1564411001, 0, 179, 1041, 1010, 233, 49.98%, 2, 5, 3, 28.74
1564411007, 0, 186, 1041, 1009, 235, 49.98%, 2, 5, 3, 38.76
1564411027, 0, 186, 1044, 1012, 235, 49.98%, 2, 5, 3, 23.45
1564411032, 0, 186, 1046, 1014, 235, 50.09%, 2, 5, 3, 40.72
1564411037, 0, 195, 1047, 1014, 236, 50.09%, 2, 5, 3, 45.06
1564411058, 0, 195, 1049, 1016, 236, 50.09%, 2, 5, 3, 23.09
1564411063, 0, 195, 1051, 1018, 236, 50.11%, 2, 5, 3, 24.47
1564411068, 0, 195, 1054, 1021, 236, 50.11%, 2, 5, 3, 26.57
1564411073, 0, 219, 1054, 1020, 239, 50.11%, 2, 5, 3, 76.09
1564411089, 0, 219, 1056, 1022, 239, 50.11%, 2, 5, 3, 32.34
1564411094, 0, 219, 1059, 1025, 239, 50.12%, 2, 5, 3, 7.52
1564411099, 0, 219, 1061, 1027, 239, 50.12%, 2, 5, 3, 14.83
1564411104, 0, 219, 1063, 1029, 239, 50.12%, 2, 5, 3, 18.77
1564411109, 0, 224, 1063, 1028, 241, 50.12%, 2, 5, 3, 75.66
1564411124, 0, 224, 1065, 1030, 241, 50.12%, 2, 5, 3, 6.38
1564411129, 0, 224, 1067, 1032, 241, 50.15%, 2, 5, 3, 13.89
1564411135, 0, 224, 1068, 1033, 241, 50.16%, 2, 5, 3, 17.01
1564411140, 0, 224, 1070, 1035, 241, 50.16%, 2, 5, 3, 14.55
1564411145, 0, 224, 1072, 1037, 241, 50.16%, 2, 5, 3, 15.24
1564411150, 0, 224, 1074, 1039, 241, 50.16%, 2, 5, 3, 27.75
1564411155, 0, 224, 1075, 1040, 241, 50.16%, 2, 5, 3, 10.07
1564411160, 0, 224, 1079, 1044, 241, 50.17%, 2, 5, 3, 19.52
1564411165, 0, 224, 1081, 1046, 241, 50.17%, 2, 5, 3, 2.98
1564411170, 0, 224, 1082, 1047, 241, 50.17%, 2, 5, 3, 23.96
1564411175, 0, 224, 1083, 1048, 241, 50.17%, 2, 5, 3, 24.89
1564411181, 0, 224, 1085, 1050, 241, 50.27%, 2, 5, 3, 30.89
1564411186, 0, 224, 1086, 1051, 241, 50.27%, 2, 5, 3, 13.38
1564411191, 0, 224, 1089, 1054, 241, 50.27%, 2, 5, 3, 13.22
1564411196, 0, 224, 1090, 1055, 241, 50.28%, 2, 5, 3, 3.23
1564411201, 0, 224, 1091, 1056, 241, 50.28%, 2, 5, 3, 6.39
1564411207, 0, 224, 1093, 1058, 241, 50.28%, 2, 5, 3, 11.91
1564411212, 0, 229, 1094, 1058, 247, 50.28%, 2, 5, 3, 94.97
1564411232, 0, 236, 1094, 1057, 246, 50.28%, 2, 5, 3, 32.93
1564411253, 0, 236, 1095, 1058, 246, 50.28%, 2, 5, 3, 24.39
1564411258, 0, 246, 1096, 1058, 246, 50.29%, 2, 5, 3, 62.89
1564411273, 0, 246, 1097, 1059, 246, 50.29%, 2, 5, 3, 8.98
1564411279, 0, 246, 1098, 1060, 246, 50.30%, 2, 5, 3, 6.19
1564411284, 0, 246, 1099, 1061, 246, 50.30%, 2, 5, 3, 87.80
1564411289, 0, 246, 1100, 1062, 246, 50.30%, 2, 5, 3, 3.38
1564411294, 0, 274, 1100, 1061, 246, 50.30%, 2, 5, 3, 32.95
1564411304, 0, 274, 1126, 1087, 246, 50.32%, 2, 5, 3, 97.41
1564411309, 0, 274, 1129, 1090, 246, 50.32%, 2, 5, 3, 97.53
1564411314, 0, 276, 1129, 1089, 252, 50.32%, 2, 5, 3, 91.32
1564411335, 0, 281, 1129, 1088, 251, 50.32%, 2, 5, 3, 84.33
1564411355, 0, 281, 1132, 1091, 251, 50.32%, 2, 5, 3, 81.49
1564411360, 0, 283, 1132, 1090, 250, 50.32%, 2, 5, 3, 87.76
1564411381, 0, 283, 1133, 1091, 250, 50.32%, 2, 5, 3, 90.18
1564411386, 0, 285, 1133, 1090, 249, 50.32%, 2, 5, 3, 90.32
1564411406, 0, 285, 1137, 1094, 249, 50.32%, 2, 5, 3, 20.56
1564411412, 0, 285, 1140, 1097, 249, 50.40%, 2, 5, 3, 22.46
1564411417, 0, 285, 1143, 1100, 249, 50.40%, 2, 5, 3, 20.83
1564411422, 0, 285, 1147, 1104, 249, 50.40%, 2, 5, 3, 22.88
1564411427, 0, 285, 1152, 1109, 249, 50.45%, 2, 5, 3, 19.55
1564411432, 0, 285, 1154, 1111, 249, 50.45%, 2, 5, 3, 28.23
1564411437, 0, 285, 1157, 1114, 249, 50.52%, 2, 5, 3, 83.16
1564411442, 0, 285, 1160, 1117, 249, 50.52%, 2, 5, 3, 11.92
1564411447, 0, 285, 1163, 1120, 249, 50.54%, 2, 5, 3, 10.60
1564411453, 0, 287, 1165, 1121, 253, 50.54%, 2, 5, 3, 82.66
1564411478, 0, 289, 1165, 1120, 252, 50.54%, 2, 5, 3, 91.35
1564411499, 0, 303, 1165, 1119, 251, 50.54%, 2, 5, 3, 90.28
1564411524, 0, 304, 1166, 1119, 251, 50.56%, 2, 5, 3, 90.09
1564411545, 0, 308, 1166, 1118, 250, 50.56%, 2, 5, 3, 91.44
1564411570, 0, 314, 1166, 1117, 249, 50.56%, 2, 5, 3, 96.61
1564411585, 0, 317, 1166, 1116, 248, 50.56%, 2, 5, 3, 98.47
1564411596, 0, 333, 1166, 1115, 247, 50.56%, 2, 5, 3, 97.10
1564411611, 0, 333, 1169, 1118, 247, 50.57%, 2, 5, 3, 7.94
1564411616, 0, 333, 1170, 1119, 247, 50.57%, 2, 5, 3, 4.02
1564411621, 0, 333, 1172, 1121, 247, 50.57%, 2, 5, 3, 4.28
1564411626, 0, 333, 1174, 1123, 247, 50.66%, 2, 5, 3, 4.53
1564411631, 0, 333, 1176, 1125, 247, 50.66%, 2, 5, 3, 3.89
1564411637, 0, 333, 1177, 1126, 247, 50.66%, 2, 5, 3, 4.74
1564411642, 0, 333, 1178, 1127, 247, 50.66%, 2, 5, 3, 3.95
1564411647, 0, 333, 1179, 1128, 247, 50.66%, 2, 5, 3, 7.25
1564411652, 0, 333, 1181, 1130, 247, 50.67%, 2, 5, 3, 4.16
1564411657, 0, 333, 1182, 1131, 247, 50.67%, 2, 5, 3, 9.53
1564411662, 0, 333, 1183, 1132, 247, 50.67%, 2, 5, 3, 89.41
1564411668, 0, 333, 1184, 1133, 247, 50.67%, 2, 5, 3, 93.09
1564411673, 0, 334, 1184, 1132, 251, 50.67%, 2, 5, 3, 95.55
1564411688, 0, 335, 1184, 1131, 250, 50.67%, 2, 5, 3, 96.96
1564411698, 0, 335, 1187, 1134, 250, 50.68%, 2, 5, 3, 86.40
1564411703, 0, 341, 1187, 1133, 250, 50.68%, 2, 5, 3, 62.04
1564411719, 0, 343, 1187, 1132, 249, 50.68%, 2, 5, 3, 95.95
1564411734, 0, 343, 1190, 1135, 249, 50.73%, 2, 5, 3, 20.23
1564411739, 0, 343, 1192, 1137, 249, 50.74%, 2, 5, 3, 10.90
1564411744, 0, 343, 1194, 1139, 249, 50.75%, 2, 5, 3, 8.37
1564411749, 0, 343, 1195, 1140, 249, 50.75%, 2, 5, 3, 5.06
1564411754, 0, 343, 1197, 1142, 249, 50.83%, 2, 5, 3, 33.22
1564411760, 0, 343, 1198, 1143, 249, 50.83%, 2, 5, 3, 9.39
1564411765, 0, 343, 1200, 1145, 249, 50.92%, 2, 5, 3, 5.25
1564411770, 0, 343, 1201, 1146, 249, 50.92%, 2, 5, 3, 8.14
1564411775, 0, 343, 1203, 1148, 249, 50.99%, 2, 5, 3, 18.95
1564411781, 0, 343, 1204, 1149, 249, 51.01%, 3, 5, 3, 16.06
1564411786, 0, 343, 1205, 1150, 249, 51.01%, 3, 5, 3, 39.78
1564411791, 0, 344, 1205, 1149, 251, 51.01%, 3, 5, 3, 87.85
1564411801, 0, 345, 1205, 1148, 250, 51.01%, 3, 5, 3, 92.42
1564411817, 0, 345, 1206, 1149, 250, 51.01%, 3, 5, 3, 38.80
1564411822, 0, 346, 1206, 1148, 250, 51.01%, 3, 5, 3, 87.66
1564411832, 0, 346, 1207, 1149, 250, 51.04%, 3, 5, 3, 8.47
1564411837, 0, 349, 1208, 1149, 248, 51.04%, 3, 5, 3, 99.38
1564411852, 0, 349, 1209, 1150, 248, 51.04%, 3, 5, 3, 94.93
1564411857, 0, 367, 1209, 1149, 247, 51.04%, 3, 5, 3, 98.87
1564411872, 0, 370, 1210, 1149, 247, 51.05%, 3, 5, 4, 66.90
1564411888, 0, 370, 1211, 1150, 247, 51.05%, 3, 5, 4, 14.59
1564411893, 0, 370, 1214, 1153, 247, 51.06%, 3, 5, 4, 19.97
1564411898, 0, 370, 1217, 1156, 247, 51.06%, 3, 5, 4, 18.09
1564411903, 0, 370, 1220, 1159, 247, 51.06%, 3, 5, 4, 27.87
1564411909, 0, 370, 1222, 1161, 247, 51.06%, 3, 5, 4, 28.87
1564411914, 0, 370, 1224, 1163, 247, 51.06%, 3, 5, 4, 22.60
1564411919, 0, 370, 1225, 1164, 247, 51.06%, 3, 5, 4, 28.49
1564411924, 0, 370, 1227, 1166, 247, 51.07%, 3, 5, 4, 4.72
1564411929, 0, 374, 1227, 1165, 250, 51.07%, 3, 5, 4, 74.19
1564411944, 0, 374, 1229, 1167, 250, 51.08%, 3, 5, 4, 42.55
1564411949, 0, 374, 1230, 1168, 250, 51.08%, 3, 5, 4, 13.50
1564411954, 0, 374, 1231, 1169, 250, 51.10%, 3, 5, 4, 3.20
1564411959, 0, 374, 1234, 1172, 250, 51.11%, 3, 5, 4, 25.83
1564411965, 0, 387, 1234, 1171, 251, 51.11%, 3, 5, 4, 50.41
1564411980, 0, 387, 1235, 1172, 251, 51.17%, 3, 5, 4, 11.55
1564411990, 0, 394, 1235, 1171, 250, 51.17%, 3, 5, 4, 93.44
1564412005, 0, 394, 1237, 1173, 250, 51.17%, 3, 5, 4, 12.86
1564412010, 0, 395, 1238, 1173, 250, 51.17%, 3, 5, 4, 54.82
1564412026, 0, 395, 1239, 1174, 250, 51.17%, 3, 5, 4, 58.18
1564412031, 0, 395, 1240, 1175, 250, 51.17%, 3, 5, 4, 76.22
1564412036, 0, 399, 1240, 1174, 249, 51.17%, 3, 5, 4, 91.50
1564412052, 0, 399, 1242, 1176, 249, 51.17%, 3, 5, 4, 7.58
1564412057, 0, 399, 1243, 1177, 249, 51.17%, 3, 5, 4, 36.25
1564412062, 0, 402, 1244, 1177, 248, 51.18%, 3, 5, 4, 101.44
1564412077, 0, 402, 1245, 1178, 248, 51.18%, 3, 5, 4, 80.56
1564412082, 0, 402, 1247, 1180, 248, 51.19%, 3, 5, 4, 15.93
1564412088, 0, 402, 1249, 1182, 248, 51.19%, 3, 5, 4, 30.49
1564412093, 0, 408, 1250, 1182, 250, 51.19%, 3, 5, 4, 67.50
1564412108, 0, 408, 1251, 1183, 250, 51.19%, 3, 5, 4, 4.14
1564412113, 0, 408, 1253, 1185, 250, 51.19%, 3, 5, 4, 7.61
1564412118, 0, 408, 1254, 1186, 250, 51.19%, 3, 5, 4, 90.72
1564412123, 0, 408, 1256, 1188, 250, 51.19%, 3, 5, 4, 8.81
1564412128, 0, 408, 1257, 1189, 250, 51.19%, 3, 5, 4, 27.95
1564412133, 0, 413, 1257, 1188, 252, 51.19%, 3, 5, 4, 76.25
1564412149, 0, 413, 1258, 1189, 252, 51.19%, 3, 5, 4, 56.50
1564412154, 0, 413, 1260, 1191, 252, 51.19%, 3, 5, 4, 4.95
1564412159, 0, 413, 1261, 1192, 252, 51.20%, 3, 5, 4, 91.25
1564412164, 0, 414, 1263, 1193, 251, 51.20%, 3, 5, 4, 42.20
1564412185, 0, 414, 1264, 1194, 251, 51.20%, 3, 5, 4, 7.69
1564412190, 0, 416, 1264, 1193, 251, 51.20%, 3, 5, 4, 96.63
1564412205, 0, 416, 1267, 1196, 251, 51.22%, 3, 5, 4, 15.27
1564412211, 0, 416, 1268, 1197, 251, 51.23%, 3, 5, 4, 79.32
1564412216, 0, 416, 1271, 1200, 251, 51.24%, 3, 5, 4, 10.81
1564412221, 0, 416, 1273, 1202, 251, 51.31%, 3, 5, 4, 4.65
1564412226, 0, 416, 1273, 1202, 251, 51.31%, 3, 6, 4, 4.26
1564412232, 0, 416, 1275, 1204, 251, 51.31%, 3, 6, 4, 7.09
1564412237, 0, 416, 1277, 1206, 251, 51.33%, 3, 6, 4, 24.25
1564412247, 0, 424, 1277, 1205, 255, 51.33%, 3, 6, 4, 95.44
1564412262, 0, 424, 1280, 1208, 255, 51.34%, 3, 6, 4, 21.21
1564412272, 0, 425, 1281, 1208, 257, 51.34%, 3, 6, 4, 74.40
1564412288, 0, 425, 1282, 1209, 257, 51.34%, 3, 6, 4, 54.37
1564412293, 0, 425, 1284, 1211, 257, 51.34%, 3, 6, 4, 4.83
1564412298, 0, 425, 1285, 1212, 257, 51.34%, 3, 6, 4, 3.15
1564412303, 0, 425, 1286, 1213, 257, 51.34%, 3, 6, 4, 3.48
1564412308, 0, 425, 1287, 1214, 257, 51.34%, 3, 6, 4, 6.36
1564412313, 0, 437, 1287, 1213, 258, 51.34%, 3, 6, 4, 87.31
1564412329, 0, 437, 1289, 1215, 258, 51.34%, 3, 6, 4, 5.81
1564412334, 0, 437, 1291, 1217, 258, 51.34%, 3, 6, 4, 91.57
1564412339, 0, 437, 1293, 1219, 258, 51.35%, 3, 6, 4, 81.08
1564412344, 0, 437, 1294, 1220, 258, 51.35%, 3, 6, 4, 26.17
1564412349, 0, 440, 1294, 1219, 258, 51.35%, 3, 6, 4, 78.42
1564412364, 0, 440, 1296, 1221, 258, 51.35%, 3, 6, 4, 13.51
1564412374, 0, 442, 1297, 1221, 260, 51.36%, 3, 6, 4, 99.91
1564412395, 0, 442, 1299, 1223, 260, 51.36%, 3, 6, 4, 93.68
1564412400, 0, 442, 1301, 1225, 260, 51.37%, 3, 6, 4, 4.90
1564412405, 0, 442, 1302, 1226, 260, 51.38%, 3, 6, 4, 33.52
1564412410, 0, 445, 1303, 1226, 262, 51.40%, 3, 6, 4, 47.66
1564412425, 0, 445, 1304, 1227, 262, 51.40%, 3, 6, 4, 92.81
1564412431, 0, 445, 1306, 1229, 262, 51.40%, 3, 6, 4, 13.04
1564412436, 0, 449, 1308, 1230, 264, 51.40%, 3, 6, 4, 27.91
1564412452, 0, 449, 1308, 1230, 264, 51.40%, 3, 7, 4, 18.05
1564412457, 0, 449, 1309, 1231, 264, 51.40%, 3, 7, 4, 10.56
1564412462, 0, 462, 1309, 1230, 263, 51.40%, 3, 7, 4, 95.22
1564412477, 0, 462, 1310, 1231, 263, 51.40%, 3, 7, 4, 17.96
1564412483, 0, 462, 1313, 1234, 263, 51.40%, 3, 7, 4, 24.63
1564412488, 0, 462, 1316, 1237, 263, 51.40%, 3, 7, 4, 24.71
1564412493, 0, 462, 1317, 1238, 263, 51.41%, 3, 7, 4, 4.79
1564412503, 0, 462, 1319, 1240, 263, 51.41%, 3, 7, 4, 49.50
1564412508, 0, 462, 1322, 1243, 263, 51.41%, 3, 7, 4, 5.22
1564412513, 0, 462, 1324, 1245, 263, 51.41%, 3, 7, 4, 7.77
1564412519, 0, 462, 1326, 1247, 263, 51.41%, 3, 7, 4, 9.91
1564412529, 0, 462, 1328, 1249, 263, 51.41%, 3, 7, 4, 22.24
1564412534, 0, 462, 1329, 1250, 263, 51.41%, 3, 7, 4, 24.39
1564412539, 0, 462, 1331, 1252, 263, 51.41%, 3, 7, 4, 20.35
1564412544, 0, 465, 1331, 1251, 264, 51.41%, 3, 7, 4, 70.98
1564412564, 0, 468, 1332, 1251, 263, 51.41%, 3, 7, 4, 98.77
1564412580, 0, 468, 1333, 1252, 263, 51.42%, 3, 7, 4, 17.08
1564412585, 0, 468, 1334, 1253, 263, 51.42%, 3, 7, 4, 19.61
1564412590, 0, 468, 1336, 1255, 263, 51.42%, 3, 7, 4, 30.09
1564412595, 0, 468, 1338, 1257, 263, 51.43%, 3, 7, 4, 14.85
1564412600, 0, 468, 1340, 1259, 263, 51.43%, 3, 7, 4, 39.01
1564412606, 0, 468, 1343, 1262, 263, 51.43%, 3, 7, 4, 5.26
1564412611, 0, 468, 1344, 1263, 263, 51.43%, 3, 7, 4, 26.99
1564412616, 0, 468, 1346, 1265, 263, 51.43%, 3, 7, 4, 7.13
1564412621, 0, 468, 1348, 1267, 263, 51.44%, 3, 7, 4, 11.90
1564412626, 0, 468, 1350, 1269, 263, 51.44%, 3, 7, 4, 16.33
1564412631, 0, 468, 1353, 1272, 263, 51.44%, 3, 7, 4, 17.62
1564412636, 0, 468, 1355, 1274, 263, 51.45%, 3, 7, 4, 16.32
1564412641, 0, 468, 1357, 1276, 263, 51.46%, 3, 7, 4, 15.76
1564412647, 0, 468, 1359, 1278, 263, 51.46%, 3, 7, 4, 23.74
1564412652, 0, 468, 1360, 1279, 263, 51.46%, 3, 7, 4, 23.20
1564412657, 0, 468, 1362, 1281, 263, 51.46%, 3, 7, 4, 26.80
1564412662, 0, 468, 1365, 1284, 263, 51.46%, 3, 7, 4, 20.76
1564412667, 0, 468, 1367, 1286, 263, 51.47%, 3, 7, 4, 21.05
1564412672, 0, 468, 1370, 1289, 263, 51.47%, 3, 7, 4, 20.95
1564412678, 0, 468, 1372, 1291, 263, 51.47%, 3, 7, 4, 19.84
1564412683, 0, 468, 1374, 1293, 263, 51.49%, 3, 7, 4, 27.30
1564412688, 0, 468, 1376, 1295, 263, 51.50%, 3, 7, 4, 28.11
1564412693, 0, 468, 1377, 1296, 263, 51.50%, 3, 7, 4, 26.16
1564412698, 0, 468, 1380, 1299, 263, 51.50%, 3, 7, 4, 14.08
1564412703, 0, 468, 1382, 1301, 263, 51.51%, 3, 7, 4, 10.09
1564412708, 0, 468, 1383, 1302, 263, 51.51%, 3, 7, 4, 20.00
1564412713, 0, 468, 1385, 1304, 263, 51.51%, 3, 7, 4, 27.51
1564412724, 0, 473, 1385, 1303, 279, 51.51%, 3, 7, 4, 75.61
1564412739, 0, 473, 1386, 1304, 279, 51.51%, 3, 7, 4, 32.91
1564412744, 0, 473, 1387, 1305, 279, 51.52%, 3, 7, 4, 37.68
1564412750, 0, 474, 1387, 1304, 283, 51.52%, 3, 7, 4, 87.92
1564412765, 0, 474, 1391, 1308, 283, 51.54%, 3, 7, 4, 19.53
1564412770, 0, 474, 1393, 1310, 283, 51.54%, 3, 7, 4, 20.44
1564412775, 0, 474, 1395, 1312, 283, 51.55%, 3, 7, 4, 21.22
1564412786, 0, 474, 1397, 1314, 283, 51.55%, 3, 7, 4, 27.89
1564412791, 0, 474, 1398, 1315, 283, 51.55%, 4, 7, 4, 31.50
1564412796, 0, 474, 1399, 1316, 283, 51.55%, 4, 7, 4, 33.58
1564412801, 0, 489, 1399, 1315, 283, 51.55%, 4, 7, 4, 86.93
1564412817, 0, 489, 1400, 1316, 283, 51.55%, 4, 7, 4, 100.00
1564412822, 0, 489, 1402, 1318, 283, 51.55%, 4, 7, 4, 24.86
1564412827, 0, 489, 1404, 1320, 283, 51.56%, 4, 7, 4, 33.88
1564412832, 0, 494, 1405, 1320, 282, 51.56%, 4, 7, 4, 98.02
1564412847, 0, 494, 1407, 1322, 282, 51.56%, 4, 7, 4, 11.48
1564412858, 0, 495, 1408, 1322, 282, 51.56%, 4, 7, 4, 93.74
1564412873, 0, 495, 1409, 1323, 282, 51.56%, 4, 7, 4, 13.63
1564412878, 0, 495, 1412, 1326, 282, 51.57%, 4, 7, 4, 15.90
1564412883, 0, 495, 1414, 1328, 282, 51.57%, 4, 7, 4, 4.47
1564412888, 0, 495, 1415, 1329, 282, 51.57%, 4, 7, 4, 66.99
1564412899, 0, 495, 1417, 1331, 282, 51.57%, 4, 7, 4, 6.59
1564412904, 0, 495, 1419, 1333, 282, 51.57%, 4, 7, 4, 6.53
1564412909, 0, 495, 1421, 1335, 282, 51.57%, 4, 7, 4, 13.93
1564412914, 0, 495, 1423, 1337, 282, 51.57%, 4, 7, 4, 8.74
1564412919, 0, 502, 1423, 1336, 284, 51.57%, 4, 7, 4, 98.74
1564412934, 0, 502, 1424, 1337, 284, 51.57%, 4, 7, 4, 14.71
1564412940, 0, 502, 1426, 1339, 284, 51.58%, 4, 7, 4, 5.08
1564412950, 0, 505, 1427, 1339, 284, 51.59%, 4, 7, 4, 50.23
1564412965, 0, 505, 1428, 1340, 284, 51.59%, 4, 7, 4, 17.83
1564412970, 0, 505, 1429, 1341, 284, 51.59%, 4, 7, 4, 52.20
1564412975, 0, 511, 1429, 1340, 285, 51.59%, 4, 7, 4, 89.76
1564412991, 0, 511, 1432, 1343, 285, 51.60%, 4, 7, 4, 5.36
1564412996, 0, 511, 1433, 1344, 285, 51.61%, 4, 7, 4, 28.09
1564413001, 0, 514, 1434, 1344, 285, 51.62%, 4, 7, 4, 58.61
1564413016, 0, 514, 1435, 1345, 285, 51.62%, 4, 7, 4, 11.07
1564413021, 0, 514, 1436, 1346, 285, 51.62%, 4, 7, 4, 12.11
1564413027, 0, 514, 1438, 1348, 285, 51.63%, 4, 7, 4, 16.19
1564413032, 0, 514, 1440, 1350, 285, 51.63%, 4, 7, 4, 9.67
1564413037, 0, 514, 1441, 1351, 285, 51.63%, 4, 7, 4, 7.31
1564413042, 0, 514, 1442, 1352, 285, 51.63%, 4, 7, 4, 7.21
1564413047, 0, 514, 1443, 1353, 285, 51.64%, 4, 7, 4, 8.27
1564413052, 0, 514, 1443, 1353, 285, 51.64%, 4, 8, 4, 10.74
1564413057, 0, 514, 1445, 1355, 285, 51.64%, 4, 8, 4, 82.93
1564413062, 0, 514, 1446, 1356, 285, 51.64%, 4, 8, 4, 8.12
1564413067, 0, 514, 1449, 1359, 285, 51.64%, 4, 8, 4, 84.02
1564413072, 0, 514, 1451, 1361, 285, 51.64%, 4, 8, 4, 28.59
1564413078, 0, 514, 1452, 1362, 285, 51.64%, 4, 8, 4, 80.29
1564413083, 0, 518, 1452, 1361, 289, 51.64%, 4, 8, 4, 99.39
1564413098, 0, 518, 1453, 1362, 289, 51.64%, 4, 8, 4, 34.86
1564413103, 0, 521, 1454, 1362, 289, 51.64%, 4, 8, 4, 100.51
1564413123, 0, 521, 1455, 1363, 289, 51.65%, 4, 8, 4, 30.19
1564413129, 0, 521, 1457, 1365, 289, 51.65%, 4, 8, 4, 27.59
1564413134, 0, 535, 1458, 1365, 289, 51.65%, 4, 8, 4, 72.08
1564413149, 0, 535, 1459, 1366, 289, 51.68%, 4, 8, 4, 9.13
1564413154, 0, 535, 1461, 1368, 289, 51.68%, 4, 8, 4, 40.18
1564413159, 0, 540, 1461, 1367, 286, 51.68%, 4, 8, 4, 85.24
1564413175, 0, 540, 1462, 1368, 286, 51.68%, 4, 8, 4, 6.90
1564413180, 0, 540, 1464, 1370, 286, 51.68%, 4, 8, 4, 35.45
1564413185, 0, 541, 1465, 1370, 286, 51.68%, 4, 8, 4, 63.35
1564413200, 0, 541, 1466, 1371, 286, 51.68%, 4, 8, 4, 75.48
1564413205, 0, 541, 1467, 1372, 286, 51.68%, 4, 8, 4, 41.38
1564413210, 0, 545, 1468, 1372, 285, 51.68%, 4, 8, 4, 63.29
1564413226, 0, 545, 1469, 1373, 285, 51.68%, 4, 8, 4, 13.11
1564413231, 0, 545, 1471, 1375, 285, 51.68%, 4, 8, 4, 17.84
1564413236, 0, 545, 1473, 1377, 285, 51.68%, 4, 8, 4, 4.24
1564413241, 0, 546, 1473, 1376, 284, 51.68%, 4, 8, 4, 87.51
1564413262, 0, 546, 1474, 1377, 284, 51.68%, 4, 8, 4, 3.42
1564413267, 0, 566, 1474, 1376, 283, 51.68%, 4, 8, 4, 100.26
1564413272, 0, 566, 1477, 1379, 283, 51.69%, 4, 8, 4, 16.51
1564413277, 0, 568, 1477, 1378, 283, 51.69%, 4, 8, 4, 47.32
1564413282, 0, 568, 1479, 1380, 283, 51.73%, 4, 8, 4, 47.79
1564413287, 0, 581, 1479, 1379, 283, 51.73%, 4, 8, 4, 70.35
1564413303, 0, 581, 1481, 1381, 283, 51.73%, 4, 8, 4, 18.87
1564413308, 0, 581, 1484, 1384, 283, 51.74%, 4, 8, 4, 23.16
1564413313, 0, 581, 1485, 1385, 283, 51.74%, 4, 8, 4, 86.96
1564413318, 0, 581, 1488, 1388, 283, 51.74%, 4, 8, 4, 7.28
1564413324, 0, 604, 1488, 1387, 287, 51.74%, 4, 8, 4, 72.88
1564413339, 0, 604, 1489, 1388, 287, 51.74%, 4, 8, 4, 54.66
1564413344, 0, 604, 1490, 1389, 287, 51.75%, 4, 8, 4, 34.93
1564413349, 0, 605, 1490, 1388, 287, 51.75%, 4, 8, 4, 85.63
1564413364, 0, 605, 1492, 1390, 287, 51.75%, 4, 8, 4, 6.73
1564413375, 0, 606, 1494, 1391, 289, 51.75%, 4, 8, 4, 91.14
1564413390, 0, 606, 1495, 1392, 289, 51.75%, 4, 8, 4, 5.93
1564413395, 0, 606, 1496, 1393, 289, 51.75%, 4, 8, 4, 38.12
1564413400, 0, 609, 1496, 1392, 288, 51.75%, 4, 8, 4, 94.08
1564413416, 0, 609, 1497, 1393, 288, 51.75%, 4, 8, 4, 15.84
1564413426, 0, 614, 1497, 1392, 287, 51.75%, 4, 8, 4, 58.49
1564413447, 0, 614, 1499, 1394, 287, 51.75%, 4, 8, 4, 6.46
1564413452, 0, 614, 1501, 1396, 287, 51.75%, 4, 8, 4, 19.07
1564413457, 0, 614, 1502, 1397, 287, 51.75%, 4, 8, 4, 25.17
1564413462, 0, 614, 1504, 1399, 287, 51.76%, 4, 8, 4, 18.32
1564413467, 0, 614, 1505, 1400, 287, 51.76%, 4, 9, 4, 26.01
1564413472, 0, 614, 1507, 1402, 287, 51.78%, 4, 9, 4, 26.07
1564413477, 0, 614, 1509, 1404, 287, 51.78%, 4, 9, 4, 48.23
1564413482, 0, 614, 1510, 1405, 287, 51.78%, 4, 9, 4, 5.84
1564413488, 0, 619, 1510, 1404, 289, 51.78%, 4, 9, 4, 83.97
1564413503, 0, 619, 1511, 1405, 289, 51.79%, 4, 9, 4, 16.21
1564413508, 0, 619, 1513, 1407, 289, 51.79%, 4, 9, 4, 26.37
1564413513, 0, 619, 1516, 1410, 289, 51.79%, 4, 9, 4, 19.89
1564413519, 0, 619, 1519, 1413, 289, 51.80%, 4, 9, 4, 7.29
1564413524, 0, 623, 1520, 1413, 290, 51.81%, 4, 9, 4, 40.62
1564413539, 0, 623, 1521, 1414, 290, 51.81%, 4, 9, 4, 18.53
1564413544, 0, 623, 1522, 1415, 290, 51.81%, 4, 9, 4, 31.85
1564413549, 0, 623, 1523, 1416, 290, 51.81%, 4, 9, 4, 6.97
1564413554, 0, 637, 1523, 1415, 289, 51.81%, 4, 9, 4, 99.65
1564413575, 0, 637, 1525, 1417, 289, 51.81%, 4, 9, 4, 2.71
1564413581, 0, 651, 1525, 1416, 290, 51.81%, 4, 9, 4, 97.04
1564413596, 0, 651, 1527, 1418, 290, 51.81%, 4, 9, 4, 34.47
1564413601, 0, 651, 1529, 1420, 290, 51.82%, 4, 9, 4, 46.74
1564413606, 0, 651, 1532, 1423, 290, 51.83%, 4, 9, 4, 15.56
1564413611, 0, 651, 1533, 1424, 290, 51.84%, 4, 9, 4, 8.50
1564413616, 0, 655, 1533, 1423, 293, 51.84%, 4, 9, 4, 98.89
1564413631, 0, 655, 1535, 1425, 293, 51.84%, 4, 9, 4, 14.31
1564413637, 0, 655, 1536, 1426, 293, 51.84%, 4, 9, 4, 15.21
1564413642, 0, 656, 1537, 1426, 292, 51.84%, 4, 9, 4, 43.12
1564413657, 0, 656, 1538, 1427, 292, 51.84%, 4, 9, 4, 9.55
1564413662, 0, 656, 1539, 1428, 292, 51.84%, 4, 9, 4, 15.77
1564413667, 0, 656, 1540, 1429, 292, 51.84%, 4, 9, 4, 71.87
1564413673, 0, 656, 1542, 1431, 292, 51.84%, 4, 9, 4, 13.48
1564413678, 0, 657, 1543, 1431, 294, 51.85%, 4, 9, 4, 96.20
1564413693, 0, 657, 1544, 1432, 294, 51.85%, 4, 9, 4, 14.77
1564413704, 0, 657, 1546, 1434, 294, 51.85%, 4, 9, 4, 27.02
1564413709, 0, 659, 1547, 1434, 293, 51.85%, 4, 9, 4, 67.94
1564413724, 0, 659, 1548, 1435, 293, 51.85%, 4, 9, 4, 17.32
1564413729, 0, 659, 1549, 1436, 293, 51.85%, 4, 9, 4, 32.59
1564413734, 0, 659, 1551, 1438, 293, 51.85%, 4, 9, 4, 3.15
1564413740, 0, 663, 1551, 1437, 292, 51.85%, 4, 9, 4, 43.36
1564413760, 0, 663, 1553, 1439, 292, 51.85%, 4, 9, 4, 6.62
1564413765, 0, 664, 1553, 1438, 291, 51.85%, 4, 9, 4, 54.46
1564413786, 0, 664, 1555, 1440, 291, 51.85%, 4, 9, 4, 36.41
1564413791, 0, 667, 1555, 1439, 290, 51.85%, 4, 9, 4, 83.74
1564413806, 0, 667, 1556, 1440, 290, 51.85%, 4, 9, 4, 39.22
1564413811, 0, 671, 1556, 1439, 289, 51.85%, 4, 9, 4, 84.22
1564413827, 0, 671, 1559, 1442, 289, 51.86%, 4, 9, 4, 19.96
1564413832, 0, 671, 1560, 1443, 289, 51.86%, 4, 9, 4, 27.06
1564413837, 0, 671, 1562, 1445, 289, 51.86%, 4, 9, 4, 32.38
1564413842, 0, 671, 1564, 1447, 289, 51.86%, 4, 9, 4, 25.22
1564413852, 0, 671, 1566, 1449, 289, 51.86%, 4, 9, 4, 6.22
1564413858, 0, 671, 1567, 1450, 289, 51.86%, 4, 9, 4, 43.41
1564413863, 0, 671, 1569, 1452, 289, 51.86%, 4, 9, 4, 17.91
1564413868, 0, 672, 1570, 1452, 292, 51.86%, 4, 9, 4, 27.72
1564413873, 0, 672, 1571, 1453, 292, 51.86%, 4, 9, 4, 26.88
1564413878, 0, 672, 1573, 1455, 292, 51.87%, 4, 9, 4, 7.10
1564413883, 0, 675, 1573, 1454, 292, 51.87%, 4, 9, 4, 85.45
1564413899, 0, 675, 1576, 1457, 292, 51.87%, 4, 9, 4, 13.34
1564413904, 0, 675, 1578, 1459, 292, 51.87%, 4, 9, 4, 9.52
1564413909, 0, 675, 1581, 1462, 292, 51.93%, 4, 9, 4, 13.37
1564413914, 0, 675, 1582, 1463, 292, 51.93%, 4, 9, 4, 19.85
1564413919, 0, 675, 1583, 1464, 292, 51.94%, 4, 9, 4, 21.83
1564413924, 0, 675, 1585, 1466, 292, 51.94%, 4, 9, 4, 23.39
1564413929, 0, 675, 1586, 1467, 292, 51.94%, 4, 9, 4, 4.09
1564413935, 0, 675, 1587, 1468, 292, 51.94%, 4, 9, 4, 14.53
1564413940, 0, 675, 1589, 1470, 292, 51.94%, 4, 9, 4, 5.57
1564413950, 0, 678, 1589, 1469, 296, 51.94%, 4, 9, 4, 99.21
1564413966, 0, 678, 1590, 1470, 296, 51.94%, 4, 9, 4, 86.93
1564413971, 0, 678, 1593, 1473, 296, 51.94%, 4, 9, 4, 7.23
1564413976, 0, 678, 1594, 1474, 296, 51.94%, 5, 9, 4, 3.17
1564413981, 0, 678, 1596, 1476, 296, 51.94%, 5, 9, 4, 8.83
1564413986, 0, 687, 1596, 1475, 296, 51.94%, 5, 9, 4, 99.74
1564414002, 0, 687, 1599, 1478, 296, 51.94%, 5, 9, 4, 15.34
1564414012, 0, 687, 1601, 1480, 296, 51.94%, 5, 9, 4, 11.41
1564414017, 0, 687, 1602, 1481, 296, 51.94%, 5, 9, 4, 8.13
1564414022, 0, 694, 1602, 1480, 295, 51.94%, 5, 9, 4, 89.61
1564414038, 0, 694, 1603, 1481, 295, 51.94%, 5, 9, 4, 13.79
1564414043, 0, 694, 1605, 1483, 295, 51.94%, 5, 9, 4, 9.14
1564414048, 0, 694, 1606, 1484, 295, 51.94%, 5, 9, 4, 14.13
1564414053, 0, 694, 1607, 1485, 295, 51.94%, 5, 9, 4, 21.96
1564414058, 0, 694, 1609, 1487, 295, 51.94%, 5, 9, 4, 27.11
1564414063, 0, 701, 1609, 1486, 294, 51.94%, 5, 9, 4, 86.25
1564414079, 0, 701, 1610, 1487, 294, 51.94%, 5, 9, 4, 22.82
1564414084, 0, 701, 1611, 1488, 294, 51.94%, 5, 9, 4, 19.63
1564414089, 0, 708, 1612, 1488, 294, 51.95%, 5, 9, 4, 85.40
1564414104, 0, 708, 1614, 1490, 294, 51.95%, 5, 9, 4, 77.19
1564414109, 0, 708, 1616, 1492, 294, 51.97%, 5, 9, 4, 20.96
1564414114, 0, 708, 1618, 1494, 294, 51.97%, 5, 9, 4, 34.46
1564414119, 0, 714, 1620, 1495, 298, 51.97%, 5, 9, 4, 70.20
1564414135, 0, 714, 1621, 1496, 298, 51.97%, 5, 9, 4, 21.11
1564414140, 0, 718, 1621, 1495, 298, 51.97%, 5, 9, 4, 44.09
1564414155, 0, 718, 1622, 1496, 298, 51.98%, 5, 9, 4, 7.52
1564414165, 0, 720, 1623, 1496, 297, 51.98%, 5, 9, 4, 52.75
1564414181, 0, 720, 1624, 1497, 297, 51.98%, 5, 9, 4, 16.19
1564414186, 0, 720, 1625, 1498, 297, 51.98%, 5, 9, 4, 40.07
1564414191, 0, 733, 1626, 1498, 298, 51.98%, 5, 9, 4, 56.57
1564414206, 0, 733, 1627, 1499, 298, 51.98%, 5, 9, 4, 13.94
1564414211, 0, 733, 1628, 1500, 298, 51.98%, 5, 9, 4, 7.58
1564414217, 0, 748, 1628, 1499, 298, 51.98%, 5, 9, 4, 96.49
1564414237, 0, 748, 1631, 1502, 298, 51.98%, 5, 9, 4, 23.38
1564414242, 0, 748, 1632, 1503, 298, 51.98%, 6, 9, 4, 18.40
1564414247, 0, 755, 1632, 1502, 298, 51.98%, 6, 9, 4, 73.81
1564414263, 0, 755, 1634, 1504, 298, 51.98%, 6, 9, 4, 43.52
1564414268, 0, 755, 1635, 1505, 298, 51.98%, 6, 9, 4, 34.87
1564414273, 0, 760, 1635, 1504, 298, 51.98%, 6, 9, 4, 97.48
1564414288, 0, 760, 1638, 1507, 298, 51.98%, 6, 9, 4, 4.26
1564414294, 0, 760, 1639, 1508, 298, 51.98%, 6, 9, 4, 32.51
1564414299, 0, 760, 1640, 1509, 298, 51.98%, 6, 9, 4, 9.50
1564414304, 0, 760, 1642, 1511, 298, 52.02%, 6, 9, 4, 9.25
1564414309, 0, 760, 1644, 1513, 298, 52.09%, 6, 9, 4, 4.33
1564414320, 0, 760, 1645, 1514, 298, 52.10%, 6, 9, 4, 10.71
1564414330, 0, 760, 1646, 1515, 298, 52.10%, 6, 9, 4, 89.54
1564414335, 0, 760, 1648, 1517, 298, 52.10%, 6, 9, 4, 13.56
1564414340, 0, 775, 1648, 1516, 297, 52.10%, 6, 9, 4, 65.33
1564414355, 0, 775, 1649, 1517, 297, 52.10%, 6, 9, 4, 37.41
1564414360, 0, 775, 1650, 1518, 297, 52.11%, 6, 9, 4, 3.85
1564414370, 0, 779, 1650, 1517, 297, 52.11%, 6, 9, 4, 95.20
1564414391, 0, 779, 1651, 1518, 297, 52.11%, 6, 9, 4, 8.87
1564414396, 0, 781, 1651, 1517, 296, 52.11%, 6, 9, 4, 87.46
1564414411, 0, 781, 1653, 1519, 296, 52.11%, 6, 9, 4, 11.67
1564414416, 0, 781, 1654, 1520, 296, 52.11%, 6, 9, 4, 10.10
1564414422, 0, 781, 1656, 1522, 296, 52.11%, 6, 9, 4, 12.06
1564414427, 0, 781, 1657, 1523, 296, 52.11%, 6, 9, 4, 7.85
1564414437, 0, 796, 1657, 1522, 295, 52.11%, 6, 9, 4, 100.60
1564414453, 0, 796, 1659, 1524, 295, 52.11%, 6, 9, 4, 22.58
1564414458, 0, 796, 1661, 1526, 295, 52.11%, 6, 9, 4, 7.83
1564414463, 0, 796, 1662, 1527, 295, 52.11%, 6, 9, 4, 8.62
1564414473, 0, 798, 1662, 1526, 294, 52.11%, 6, 9, 4, 84.64
1564414494, 0, 803, 1663, 1526, 294, 52.13%, 6, 9, 4, 67.67
1564414514, 0, 803, 1665, 1528, 294, 52.13%, 6, 9, 4, 4.63
1564414519, 0, 804, 1665, 1527, 293, 52.13%, 6, 9, 4, 67.64
1564414535, 0, 804, 1666, 1528, 293, 52.13%, 6, 9, 4, 10.88
1564414540, 0, 804, 1668, 1530, 293, 52.13%, 6, 9, 4, 39.02
1564414545, 0, 806, 1668, 1529, 292, 52.13%, 6, 9, 4, 65.90
1564414561, 0, 806, 1669, 1530, 292, 52.13%, 6, 9, 4, 4.41
1564414566, 0, 806, 1671, 1532, 292, 52.13%, 6, 9, 4, 40.02
1564414572, 0, 806, 1672, 1533, 292, 52.13%, 6, 9, 4, 24.31
1564414577, 0, 806, 1673, 1534, 292, 52.13%, 6, 9, 4, 34.80
1564414582, 0, 811, 1673, 1533, 291, 52.13%, 6, 9, 4, 82.95
1564414597, 0, 811, 1675, 1535, 291, 52.13%, 6, 9, 4, 51.98
1564414602, 0, 811, 1676, 1536, 291, 52.13%, 6, 9, 4, 8.81
1564414607, 0, 814, 1677, 1536, 289, 52.13%, 6, 9, 4, 61.63
1564414623, 0, 814, 1678, 1537, 289, 52.13%, 6, 9, 4, 17.17
1564414628, 0, 814, 1680, 1539, 289, 52.13%, 6, 9, 4, 30.10
1564414633, 0, 814, 1681, 1540, 289, 52.13%, 6, 9, 4, 37.95
1564414638, 0, 817, 1681, 1539, 289, 52.13%, 6, 9, 4, 88.20
1564414649, 0, 817, 1682, 1540, 289, 52.14%, 6, 9, 4, 4.90
1564414654, 0, 817, 1683, 1541, 289, 52.15%, 6, 9, 4, 13.89
1564414659, 0, 817, 1684, 1542, 289, 52.15%, 6, 9, 4, 10.89
1564414664, 0, 826, 1685, 1542, 289, 52.15%, 6, 9, 4, 89.17
1564414679, 0, 826, 1687, 1544, 289, 52.15%, 6, 9, 4, 8.66
1564414685, 0, 826, 1689, 1546, 289, 52.15%, 6, 9, 4, 5.57
1564414690, 0, 826, 1691, 1548, 289, 52.15%, 6, 9, 4, 26.08
1564414695, 0, 826, 1693, 1550, 289, 52.15%, 6, 9, 4, 33.61
1564414700, 0, 830, 1693, 1549, 290, 52.15%, 6, 9, 4, 53.46
1564414715, 0, 830, 1694, 1550, 290, 52.15%, 6, 9, 4, 8.51
1564414720, 0, 830, 1696, 1552, 290, 52.15%, 6, 9, 4, 14.59
1564414725, 0, 830, 1697, 1553, 290, 52.15%, 6, 9, 4, 20.82
1564414731, 0, 830, 1698, 1554, 290, 52.16%, 6, 9, 4, 29.77
1564414736, 0, 830, 1700, 1556, 290, 52.16%, 6, 9, 4, 25.19
1564414746, 0, 830, 1702, 1558, 290, 52.16%, 6, 9, 4, 2.54
1564414751, 0, 830, 1704, 1560, 290, 52.17%, 6, 9, 4, 40.66
1564414756, 0, 830, 1705, 1561, 290, 52.17%, 6, 9, 4, 37.56
1564414761, 0, 830, 1708, 1564, 290, 52.17%, 6, 9, 4, 88.62
1564414766, 0, 830, 1709, 1565, 290, 52.17%, 6, 9, 4, 17.74
1564414777, 0, 835, 1709, 1564, 295, 52.17%, 6, 9, 4, 80.78
1564414792, 0, 835, 1710, 1565, 295, 52.17%, 6, 9, 4, 7.35
1564414798, 0, 835, 1711, 1566, 295, 52.17%, 6, 9, 4, 44.57
1564414803, 0, 836, 1711, 1565, 293, 52.17%, 6, 9, 4, 87.15
1564414818, 0, 836, 1712, 1566, 293, 52.17%, 6, 9, 4, 17.10
1564414823, 0, 836, 1715, 1569, 293, 52.19%, 6, 9, 4, 15.07
1564414828, 0, 836, 1717, 1571, 293, 52.19%, 6, 9, 4, 70.53
1564414833, 0, 838, 1718, 1571, 294, 52.19%, 6, 9, 4, 59.44
1564414849, 0, 838, 1719, 1572, 294, 52.19%, 6, 9, 4, 9.95
1564414854, 0, 838, 1721, 1574, 294, 52.20%, 6, 9, 4, 11.50
1564414859, 0, 839, 1722, 1574, 295, 52.20%, 6, 9, 4, 53.38
1564414879, 0, 839, 1724, 1576, 295, 52.21%, 6, 9, 4, 8.68
1564414884, 0, 841, 1724, 1575, 295, 52.21%, 6, 9, 4, 40.68
1564414900, 0, 841, 1725, 1576, 295, 52.21%, 6, 9, 4, 2.86
1564414905, 0, 841, 1728, 1579, 295, 52.21%, 6, 9, 4, 21.48
1564414910, 0, 841, 1730, 1581, 295, 52.22%, 6, 9, 4, 25.35
1564414915, 0, 841, 1732, 1583, 295, 52.24%, 6, 9, 4, 25.07
1564414926, 0, 841, 1734, 1585, 295, 52.24%, 6, 9, 4, 6.10
1564414931, 0, 841, 1736, 1587, 295, 52.24%, 6, 9, 4, 36.52
1564414936, 0, 841, 1738, 1589, 295, 52.24%, 6, 9, 4, 98.58
1564414941, 0, 841, 1740, 1591, 295, 52.24%, 6, 9, 4, 36.25
1564414946, 0, 844, 1740, 1590, 301, 52.24%, 6, 9, 4, 70.83
1564414961, 0, 844, 1741, 1591, 301, 52.24%, 6, 9, 4, 20.16
1564414967, 0, 844, 1742, 1592, 301, 52.24%, 6, 9, 4, 34.32
1564414972, 0, 847, 1742, 1591, 300, 52.24%, 6, 9, 4, 59.66
1564414987, 0, 847, 1743, 1592, 300, 52.25%, 6, 9, 4, 8.30
1564414992, 0, 847, 1744, 1593, 300, 52.25%, 6, 9, 4, 6.27
1564414997, 0, 848, 1745, 1593, 300, 52.25%, 6, 9, 4, 66.67
1564415013, 0, 848, 1746, 1594, 300, 52.26%, 6, 9, 4, 35.04
1564415018, 0, 848, 1748, 1596, 300, 52.46%, 6, 9, 4, 46.37
1564415023, 0, 848, 1751, 1599, 300, 52.46%, 6, 9, 4, 50.39
1564415028, 0, 854, 1751, 1598, 303, 52.46%, 6, 9, 4, 67.91
1564415043, 0, 854, 1753, 1600, 303, 52.46%, 6, 9, 4, 13.39
1564415049, 0, 854, 1755, 1602, 303, 52.46%, 6, 9, 4, 3.28
1564415054, 0, 854, 1758, 1605, 303, 52.46%, 6, 9, 4, 54.20
1564415059, 0, 859, 1758, 1604, 305, 52.46%, 6, 9, 4, 64.36
1564415074, 0, 859, 1759, 1605, 305, 52.46%, 6, 9, 4, 41.11
1564415079, 0, 888, 1760, 1605, 304, 52.46%, 6, 9, 4, 92.08
1564415095, 0, 888, 1761, 1606, 304, 52.46%, 6, 9, 4, 6.85
1564415100, 0, 888, 1763, 1608, 304, 52.46%, 6, 9, 4, 9.53
1564415105, 0, 888, 1764, 1609, 304, 52.46%, 6, 9, 4, 17.90
1564415110, 0, 888, 1766, 1611, 304, 52.46%, 6, 9, 4, 23.49
1564415116, 0, 895, 1766, 1610, 301, 52.46%, 6, 9, 4, 84.85
1564415131, 0, 895, 1767, 1611, 301, 52.46%, 6, 9, 4, 31.65
1564415136, 0, 901, 1767, 1610, 300, 52.46%, 6, 9, 4, 81.55
1564415152, 0, 901, 1767, 1610, 300, 52.46%, 7, 9, 4, 9.21
1564415157, 0, 906, 1768, 1610, 300, 52.46%, 7, 9, 4, 45.16
1564415177, 0, 906, 1769, 1611, 300, 52.46%, 7, 9, 4, 30.01
1564415183, 0, 906, 1770, 1612, 300, 52.46%, 7, 9, 4, 18.09
1564415188, 0, 907, 1770, 1611, 299, 52.46%, 7, 9, 4, 101.77
1564415204, 0, 907, 1771, 1612, 299, 52.46%, 7, 9, 4, 85.52
1564415209, 0, 907, 1773, 1614, 299, 52.46%, 7, 9, 4, 3.25
1564415214, 0, 912, 1773, 1613, 299, 52.46%, 7, 9, 4, 78.32
1564415235, 0, 912, 1774, 1614, 299, 52.47%, 7, 9, 4, 9.01
1564415240, 0, 917, 1774, 1613, 299, 52.47%, 7, 9, 4, 100.57
1564415255, 0, 917, 1776, 1615, 299, 52.47%, 7, 9, 4, 14.05
1564415261, 0, 917, 1778, 1617, 299, 52.47%, 7, 9, 4, 25.89
1564415266, 0, 917, 1779, 1618, 299, 52.47%, 7, 9, 4, 42.70
1564415271, 0, 920, 1779, 1617, 300, 52.47%, 7, 9, 4, 88.70
1564415281, 0, 920, 1780, 1618, 300, 52.47%, 7, 9, 4, 91.10
1564415286, 0, 920, 1781, 1619, 300, 52.47%, 7, 9, 4, 7.24
1564415291, 0, 920, 1782, 1620, 300, 52.47%, 7, 9, 4, 4.76
1564415297, 0, 920, 1784, 1622, 300, 52.48%, 7, 9, 4, 12.71
1564415302, 0, 922, 1784, 1621, 300, 52.48%, 7, 9, 4, 101.01
1564415317, 0, 922, 1786, 1623, 300, 52.48%, 7, 9, 4, 2.97
1564415322, 0, 922, 1787, 1624, 300, 52.48%, 7, 9, 4, 2.89
1564415327, 0, 922, 1788, 1625, 300, 52.48%, 7, 9, 4, 23.73
1564415333, 0, 926, 1788, 1624, 300, 52.48%, 7, 9, 4, 78.67
1564415348, 0, 926, 1790, 1626, 300, 52.48%, 7, 9, 4, 17.57
1564415353, 0, 926, 1792, 1628, 300, 52.48%, 7, 9, 4, 47.37
1564415358, 0, 927, 1792, 1627, 301, 52.48%, 7, 9, 4, 49.12
1564415374, 0, 927, 1793, 1628, 301, 52.49%, 7, 9, 4, 15.61
1564415379, 0, 927, 1794, 1629, 301, 52.49%, 7, 9, 4, 20.61
1564415384, 0, 930, 1794, 1628, 301, 52.49%, 7, 9, 4, 64.64
1564415399, 0, 930, 1796, 1630, 301, 52.49%, 7, 9, 4, 26.45
1564415405, 0, 930, 1798, 1632, 301, 52.50%, 7, 9, 4, 24.22
1564415415, 0, 932, 1798, 1631, 301, 52.50%, 7, 9, 4, 82.52
1564415430, 0, 933, 1798, 1630, 300, 52.50%, 7, 9, 4, 93.81
1564415451, 0, 933, 1799, 1631, 300, 52.50%, 7, 9, 4, 31.84
1564415456, 0, 945, 1800, 1631, 301, 52.50%, 7, 9, 4, 46.42
1564415471, 0, 945, 1801, 1632, 301, 52.50%, 7, 9, 4, 3.95
1564415477, 0, 945, 1802, 1633, 301, 52.50%, 7, 9, 4, 17.55
1564415482, 0, 945, 1804, 1635, 301, 52.50%, 7, 9, 4, 8.87
1564415487, 0, 945, 1805, 1636, 301, 52.50%, 7, 9, 4, 26.12
1564415492, 0, 952, 1806, 1636, 300, 52.50%, 7, 9, 4, 38.97
1564415507, 0, 952, 1807, 1637, 300, 52.51%, 7, 9, 4, 6.73
1564415513, 0, 952, 1809, 1639, 300, 52.51%, 7, 9, 4, 14.96
1564415518, 0, 952, 1810, 1640, 300, 52.53%, 7, 9, 4, 15.35
1564415523, 0, 952, 1811, 1641, 300, 52.53%, 7, 9, 4, 16.95
1564415528, 0, 954, 1811, 1640, 298, 52.53%, 7, 9, 4, 99.95
1564415543, 0, 954, 1812, 1641, 298, 52.53%, 7, 9, 4, 10.75
1564415548, 0, 954, 1815, 1644, 298, 52.53%, 7, 9, 4, 23.45
1564415554, 0, 957, 1815, 1643, 298, 52.53%, 8, 9, 4, 44.75
1564415569, 0, 957, 1816, 1644, 298, 52.53%, 8, 9, 4, 11.93
1564415574, 0, 957, 1817, 1645, 298, 52.53%, 8, 9, 4, 26.62
1564415579, 0, 957, 1818, 1646, 298, 52.53%, 8, 9, 4, 14.46
1564415584, 0, 959, 1818, 1645, 298, 52.53%, 8, 9, 4, 98.59
1564415600, 0, 959, 1819, 1646, 298, 52.53%, 8, 9, 4, 28.92
1564415605, 0, 959, 1820, 1647, 298, 52.53%, 8, 9, 4, 25.04
1564415610, 0, 961, 1820, 1646, 297, 52.53%, 8, 9, 4, 45.04
1564415631, 0, 961, 1823, 1649, 297, 52.53%, 8, 9, 4, 25.53
1564415636, 0, 961, 1825, 1651, 297, 52.53%, 8, 9, 4, 23.15
1564415641, 0, 961, 1827, 1653, 297, 52.53%, 8, 9, 4, 24.36
1564415646, 0, 966, 1827, 1652, 297, 52.53%, 8, 9, 4, 81.03
1564415656, 0, 966, 1828, 1653, 297, 52.53%, 8, 9, 4, 98.21
1564415661, 0, 966, 1829, 1654, 297, 52.53%, 8, 9, 4, 27.20
1564415666, 0, 966, 1831, 1656, 297, 52.54%, 8, 9, 4, 4.46
1564415677, 0, 968, 1831, 1655, 297, 52.54%, 8, 9, 4, 87.12
1564415692, 0, 968, 1833, 1657, 297, 52.54%, 8, 9, 4, 11.24
1564415697, 0, 968, 1835, 1659, 297, 52.54%, 8, 9, 4, 10.42
1564415703, 0, 968, 1836, 1660, 297, 52.54%, 8, 9, 4, 10.52
1564415708, 0, 968, 1837, 1661, 297, 52.55%, 8, 9, 4, 11.25
1564415713, 0, 969, 1837, 1660, 295, 52.55%, 8, 9, 4, 94.24
1564415728, 0, 969, 1839, 1662, 295, 52.55%, 8, 9, 4, 5.38
1564415739, 0, 971, 1839, 1661, 294, 52.55%, 8, 9, 4, 93.52
1564415755, 0, 971, 1840, 1662, 294, 52.55%, 8, 9, 4, 51.66
1564415760, 0, 973, 1840, 1661, 294, 52.55%, 8, 9, 4, 75.98
1564415780, 0, 977, 1840, 1660, 293, 52.55%, 8, 9, 4, 72.14
1564415796, 0, 977, 1841, 1661, 293, 52.55%, 8, 9, 4, 7.72
1564415801, 0, 977, 1842, 1662, 293, 52.55%, 8, 9, 4, 25.36
1564415806, 0, 978, 1842, 1661, 294, 52.55%, 8, 9, 4, 81.81
1564415822, 0, 978, 1844, 1663, 294, 52.55%, 8, 9, 4, 7.87
1564415827, 0, 978, 1845, 1664, 294, 52.55%, 8, 9, 4, 35.79
1564415832, 0, 978, 1847, 1666, 294, 52.55%, 8, 9, 4, 26.62
1564415837, 0, 989, 1847, 1665, 294, 52.55%, 8, 9, 4, 100.11
1564415858, 0, 1001, 1847, 1664, 293, 52.55%, 8, 9, 4, 91.33
1564415878, 0, 1005, 1848, 1664, 292, 52.55%, 8, 9, 4, 18.08
1564415883, 0, 1017, 1848, 1663, 292, 52.55%, 8, 9, 4, 58.44
1564415899, 0, 1017, 1849, 1664, 292, 52.55%, 8, 9, 4, 6.84
1564415904, 0, 1017, 1850, 1665, 292, 52.55%, 8, 9, 4, 32.87
1564415909, 0, 1017, 1852, 1667, 292, 52.55%, 8, 9, 4, 6.15
1564415914, 0, 1032, 1853, 1667, 292, 52.55%, 8, 9, 4, 74.99
1564415934, 0, 1032, 1855, 1669, 292, 52.56%, 8, 9, 4, 4.31
1564415940, 0, 1032, 1857, 1671, 292, 52.56%, 8, 9, 4, 16.09
1564415945, 0, 1032, 1858, 1672, 292, 52.56%, 8, 9, 4, 17.52
1564415950, 0, 1037, 1858, 1671, 293, 52.56%, 8, 9, 4, 83.69
1564415965, 0, 1037, 1859, 1672, 293, 52.56%, 8, 9, 4, 40.98
1564415971, 0, 1039, 1859, 1671, 292, 52.56%, 8, 9, 4, 78.10
1564415991, 0, 1044, 1860, 1671, 292, 52.56%, 8, 9, 4, 59.74
1564416007, 0, 1044, 1861, 1672, 292, 52.56%, 8, 9, 4, 24.20
1564416012, 0, 1044, 1863, 1674, 292, 52.57%, 8, 9, 4, 23.41
1564416017, 0, 1044, 1865, 1676, 292, 52.58%, 8, 9, 4, 32.04
1564416022, 0, 1044, 1867, 1678, 292, 52.58%, 8, 9, 4, 4.83
1564416027, 0, 1046, 1867, 1677, 296, 52.58%, 8, 9, 4, 91.70
1564416042, 0, 1046, 1868, 1678, 296, 52.58%, 8, 9, 4, 18.89
1564416047, 0, 1048, 1868, 1677, 295, 52.58%, 8, 9, 4, 54.15
1564416068, 0, 1049, 1868, 1676, 294, 52.58%, 8, 9, 4, 60.34
1564416083, 0, 1049, 1869, 1677, 294, 52.58%, 8, 9, 4, 78.82
1564416088, 0, 1049, 1871, 1679, 294, 52.58%, 8, 9, 4, 53.71
1564416093, 0, 1050, 1871, 1678, 294, 52.58%, 8, 9, 4, 87.40
1564416109, 0, 1050, 1873, 1680, 294, 52.58%, 8, 9, 4, 19.00
1564416119, 0, 1051, 1873, 1679, 293, 52.58%, 8, 9, 4, 52.85
1564416139, 0, 1051, 1875, 1681, 293, 52.58%, 8, 9, 4, 29.28
1564416144, 0, 1054, 1876, 1681, 292, 52.58%, 8, 9, 4, 62.55
1564416160, 0, 1054, 1877, 1682, 292, 52.59%, 8, 9, 4, 9.39
1564416165, 0, 1054, 1879, 1684, 292, 52.59%, 8, 9, 4, 6.84
1564416170, 0, 1054, 1881, 1686, 292, 52.60%, 8, 9, 4, 35.69
1564416175, 0, 1058, 1881, 1685, 293, 52.60%, 8, 9, 4, 80.92
1564416195, 0, 1065, 1881, 1684, 292, 52.60%, 8, 9, 4, 88.97
1564416211, 0, 1065, 1883, 1686, 292, 52.68%, 8, 9, 4, 7.69
1564416221, 0, 1070, 1883, 1685, 292, 52.68%, 8, 9, 4, 96.40
1564416231, 0, 1070, 1884, 1686, 292, 52.69%, 8, 9, 4, 5.48
1564416236, 0, 1070, 1886, 1688, 292, 52.69%, 8, 9, 4, 4.88
1564416242, 0, 1070, 1887, 1689, 292, 52.69%, 8, 9, 4, 4.97
1564416247, 0, 1070, 1888, 1690, 292, 52.69%, 8, 9, 4, 26.42
1564416252, 0, 1070, 1890, 1692, 292, 52.69%, 8, 9, 4, 48.78
1564416257, 0, 1070, 1891, 1693, 292, 52.69%, 8, 9, 4, 22.90
1564416262, 0, 1072, 1891, 1692, 292, 52.69%, 8, 9, 4, 64.06
1564416282, 0, 1073, 1891, 1691, 292, 52.69%, 8, 9, 4, 72.13
1564416303, 0, 1076, 1891, 1690, 292, 52.69%, 8, 9, 4, 97.89
1564416318, 0, 1076, 1893, 1692, 292, 52.69%, 8, 9, 4, 43.92
1564416323, 0, 1077, 1894, 1692, 293, 52.69%, 8, 9, 4, 86.50
1564416344, 0, 1077, 1896, 1694, 293, 52.72%, 8, 9, 4, 33.25
1564416349, 0, 1077, 1898, 1696, 293, 52.73%, 8, 9, 4, 12.03
1564416354, 0, 1083, 1898, 1695, 293, 52.73%, 8, 9, 4, 100.54
1564416369, 0, 1091, 1898, 1694, 292, 52.73%, 8, 9, 4, 95.78
1564416390, 0, 1091, 1899, 1695, 292, 52.73%, 8, 9, 4, 24.33
1564416395, 0, 1094, 1899, 1694, 291, 52.73%, 8, 9, 4, 82.70
1564416410, 0, 1094, 1901, 1696, 291, 52.73%, 8, 9, 4, 57.00
1564416415, 0, 1094, 1902, 1697, 291, 52.75%, 8, 9, 4, 18.26
1564416420, 0, 1095, 1902, 1696, 292, 52.75%, 8, 9, 4, 100.05
1564416436, 0, 1095, 1903, 1697, 292, 52.75%, 8, 9, 4, 4.62
1564416441, 0, 1103, 1903, 1696, 291, 52.75%, 8, 9, 4, 49.50
1564416451, 0, 1109, 1903, 1695, 290, 52.75%, 8, 9, 4, 100.19
1564416456, 0, 1112, 1903, 1694, 289, 52.75%, 8, 9, 4, 100.78
1564416466, 0, 1113, 1903, 1693, 288, 52.75%, 8, 9, 4, 102.40
1564416471, 0, 1115, 1904, 1693, 287, 52.75%, 8, 9, 4, 97.19
1564416477, 0, 1115, 1905, 1694, 287, 52.75%, 8, 9, 4, 102.51
1564416482, 0, 1117, 1905, 1693, 286, 52.75%, 8, 9, 4, 102.77
1564416487, 0, 1118, 1905, 1692, 285, 52.75%, 8, 9, 4, 100.55
1564416497, 0, 1119, 1905, 1691, 284, 52.75%, 8, 9, 4, 103.62
1564416502, 0, 1122, 1905, 1690, 283, 52.75%, 8, 9, 4, 101.21
1564416513, 0, 1127, 1905, 1689, 282, 52.75%, 8, 9, 4, 103.38
1564416518, 0, 1132, 1906, 1689, 281, 52.75%, 8, 9, 4, 98.14
1564416538, 0, 1137, 1906, 1688, 280, 52.75%, 8, 9, 4, 95.81
1564416564, 0, 1146, 1906, 1687, 279, 52.75%, 8, 9, 4, 91.10
1564416584, 0, 1146, 1910, 1691, 279, 52.75%, 8, 9, 4, 10.39
1564416589, 0, 1146, 1913, 1694, 279, 52.75%, 8, 9, 4, 7.43
1564416594, 0, 1146, 1915, 1696, 279, 52.75%, 8, 9, 4, 14.68
1564416599, 0, 1146, 1917, 1698, 279, 52.75%, 8, 9, 4, 17.06
1564416605, 0, 1146, 1919, 1700, 279, 52.78%, 8, 9, 4, 29.87
1564416610, 0, 1146, 1921, 1702, 279, 52.78%, 8, 9, 4, 28.73
1564416615, 0, 1147, 1921, 1701, 278, 52.78%, 8, 9, 4, 78.15
1564416635, 0, 1153, 1922, 1701, 277, 52.78%, 8, 9, 4, 97.44
1564416661, 0, 1154, 1922, 1700, 276, 52.78%, 8, 9, 4, 94.02
1564416681, 0, 1155, 1922, 1699, 275, 52.78%, 8, 9, 4, 90.14
1564416701, 0, 1156, 1922, 1698, 274, 52.78%, 8, 9, 4, 94.26
1564416722, 0, 1156, 1923, 1699, 274, 52.78%, 8, 9, 4, 12.59
1564416727, 0, 1160, 1923, 1698, 274, 52.78%, 8, 9, 4, 95.63
1564416747, 0, 1162, 1923, 1697, 273, 52.78%, 8, 9, 4, 94.37
1564416773, 0, 1165, 1923, 1696, 272, 52.78%, 8, 9, 4, 93.18
1564416793, 0, 1168, 1923, 1695, 271, 52.78%, 8, 9, 4, 98.85
1564416803, 0, 1168, 1925, 1697, 271, 52.78%, 8, 9, 4, 8.13
1564416809, 0, 1168, 1929, 1701, 271, 52.78%, 8, 9, 4, 11.43
1564416819, 0, 1168, 1930, 1702, 271, 52.80%, 8, 9, 4, 38.74
1564416824, 0, 1168, 1933, 1705, 271, 52.83%, 9, 9, 4, 29.45
1564416829, 0, 1168, 1935, 1707, 271, 52.83%, 9, 9, 4, 3.45
1564416834, 0, 1168, 1937, 1709, 271, 52.86%, 9, 9, 4, 4.02
1564416840, 0, 1168, 1939, 1711, 271, 52.86%, 10, 9, 4, 29.52
1564416845, 0, 1173, 1939, 1710, 276, 52.86%, 10, 9, 4, 73.28
1564416860, 0, 1173, 1941, 1712, 276, 52.86%, 10, 9, 4, 5.76
1564416865, 0, 1173, 1942, 1713, 276, 52.86%, 10, 9, 4, 8.73
1564416870, 0, 1173, 1943, 1714, 276, 52.90%, 10, 9, 4, 79.54
1564416875, 0, 1173, 1944, 1715, 276, 52.90%, 10, 9, 4, 15.66
1564416880, 0, 1173, 1946, 1717, 276, 52.90%, 10, 9, 4, 12.15
1564416891, 0, 1173, 1949, 1720, 276, 52.92%, 10, 9, 4, 43.83
1564416896, 0, 1173, 1951, 1722, 276, 52.92%, 10, 9, 4, 4.19
1564416906, 0, 1174, 1951, 1721, 281, 52.92%, 10, 9, 4, 101.51
1564416922, 0, 1180, 1951, 1720, 280, 52.92%, 10, 9, 4, 102.58
1564416932, 0, 1180, 1953, 1722, 280, 52.92%, 10, 9, 4, 8.61
1564416937, 0, 1180, 1954, 1723, 280, 52.92%, 10, 9, 4, 19.52
1564416942, 0, 1180, 1956, 1725, 280, 52.94%, 10, 9, 4, 25.45
1564416947, 0, 1180, 1957, 1726, 280, 52.94%, 10, 9, 4, 4.88
1564416952, 0, 1180, 1957, 1726, 280, 52.94%, 11, 9, 4, 35.27
1564416957, 0, 1186, 1957, 1725, 282, 52.94%, 11, 9, 4, 87.93
1564416967, 0, 1186, 1958, 1726, 282, 53.07%, 11, 9, 4, 5.38
1564416973, 0, 1186, 1960, 1728, 282, 53.09%, 11, 9, 4, 27.61
1564416978, 0, 1186, 1961, 1729, 282, 53.09%, 11, 9, 4, 4.80
1564416983, 0, 1186, 1962, 1730, 282, 53.09%, 11, 9, 4, 4.14
1564416988, 0, 1186, 1964, 1732, 282, 53.09%, 11, 9, 4, 6.92
1564416998, 0, 1187, 1964, 1731, 283, 53.09%, 11, 9, 4, 95.85
1564417014, 0, 1188, 1964, 1730, 282, 53.09%, 11, 9, 4, 101.83
1564417029, 0, 1189, 1964, 1729, 281, 53.09%, 11, 9, 4, 101.60
1564417039, 0, 1189, 1965, 1730, 281, 53.09%, 12, 9, 4, 7.07
1564417044, 0, 1189, 1967, 1732, 281, 53.09%, 12, 9, 4, 100.48
1564417049, 0, 1189, 1969, 1734, 281, 53.09%, 14, 9, 4, 22.06
1564417060, 0, 1189, 1971, 1736, 281, 53.09%, 14, 9, 4, 40.27
1564417065, 0, 1191, 1971, 1735, 280, 53.09%, 14, 9, 4, 54.39
1564417080, 0, 1191, 1973, 1737, 280, 53.09%, 14, 9, 4, 37.80
1564417085, 0, 1191, 1974, 1738, 280, 53.09%, 14, 9, 4, 13.78
1564417090, 0, 1191, 1976, 1740, 280, 53.12%, 14, 9, 4, 4.89
1564417095, 0, 1191, 1978, 1742, 280, 53.12%, 14, 9, 4, 6.25
1564417100, 0, 1191, 1980, 1744, 280, 53.14%, 14, 9, 4, 13.12
1564417106, 0, 1191, 1982, 1746, 280, 53.14%, 14, 9, 4, 9.01
1564417116, 0, 1191, 1983, 1747, 280, 53.14%, 14, 9, 4, 40.58
1564417121, 0, 1191, 1984, 1748, 280, 53.15%, 15, 9, 4, 40.78
1564417126, 0, 1191, 1985, 1749, 280, 53.15%, 15, 9, 4, 100.00
1564417131, 0, 1192, 1985, 1748, 280, 53.15%, 15, 9, 4, 101.94
1564417146, 0, 1195, 1985, 1747, 279, 53.15%, 15, 9, 4, 101.71
1564417157, 0, 1195, 1986, 1748, 279, 53.15%, 15, 9, 4, 3.61
1564417162, 0, 1196, 1986, 1747, 278, 53.15%, 15, 9, 4, 99.81
1564417177, 0, 1196, 1987, 1748, 278, 53.15%, 15, 9, 4, 2.83
1564417182, 0, 1197, 1987, 1747, 278, 53.15%, 15, 9, 4, 79.16
1564417198, 0, 1198, 1988, 1747, 277, 53.15%, 15, 9, 4, 95.04
1564417208, 0, 1198, 1989, 1748, 277, 53.16%, 15, 9, 4, 3.66
1564417213, 0, 1198, 1990, 1749, 277, 53.16%, 15, 9, 4, 31.50
1564417218, 0, 1198, 1991, 1750, 277, 53.16%, 15, 9, 4, 7.47
1564417223, 0, 1202, 1992, 1750, 274, 53.17%, 15, 9, 4, 56.41
1564417239, 0, 1202, 1993, 1751, 274, 53.17%, 15, 9, 4, 7.15
1564417244, 0, 1203, 1993, 1750, 273, 53.17%, 15, 9, 4, 98.58
1564417259, 0, 1206, 1993, 1749, 272, 53.17%, 15, 9, 4, 101.59
1564417274, 0, 1206, 1995, 1751, 272, 53.18%, 15, 9, 4, 4.17
1564417280, 0, 1209, 1995, 1750, 273, 53.18%, 15, 9, 4, 97.98
1564417300, 0, 1217, 1995, 1749, 272, 53.18%, 15, 9, 4, 86.74
