# unix_time, cycles_done, cur_path, paths_total, pending_total, pending_favs, map_size, unique_crashes, unique_hangs, max_depth, execs_per_sec
1564394618, 0, 0, 3, 3, 3, 38.54%, 0, 0, 1, 6.16
1564394633, 0, 0, 5, 5, 3, 38.66%, 1, 0, 2, 15.57
1564394638, 0, 0, 9, 9, 3, 38.71%, 1, 0, 2, 72.12
1564394643, 0, 0, 13, 13, 3, 39.48%, 1, 0, 2, 6.60
1564394648, 0, 0, 17, 17, 3, 39.72%, 1, 0, 2, 7.71
1564394654, 0, 0, 23, 23, 3, 39.76%, 3, 0, 2, 9.58
1564394659, 0, 0, 28, 28, 3, 39.96%, 5, 0, 2, 8.00
1564394664, 0, 0, 33, 33, 3, 39.97%, 5, 0, 2, 7.81
1564394669, 0, 0, 37, 37, 3, 39.97%, 5, 0, 2, 8.10
1564394674, 0, 0, 39, 39, 3, 39.97%, 6, 0, 2, 8.72
1564394679, 0, 0, 44, 44, 3, 40.01%, 7, 0, 2, 17.31
1564394685, 0, 0, 49, 49, 3, 40.04%, 7, 1, 2, 3.94
1564394690, 0, 0, 52, 52, 3, 40.36%, 7, 1, 2, 7.78
1564394696, 0, 0, 56, 56, 3, 40.38%, 7, 1, 2, 7.72
1564394701, 0, 0, 59, 59, 3, 40.39%, 7, 1, 2, 54.70
1564394706, 0, 0, 63, 63, 3, 40.40%, 7, 1, 2, 14.71
1564394711, 0, 0, 66, 66, 3, 40.40%, 7, 2, 2, 2.01
1564394716, 0, 0, 69, 69, 3, 40.95%, 7, 2, 2, 14.47
1564394721, 0, 0, 73, 73, 3, 40.95%, 7, 2, 2, 18.77
1564394726, 0, 0, 76, 76, 3, 40.96%, 7, 2, 2, 22.10
1564394731, 0, 0, 80, 80, 3, 41.01%, 7, 2, 2, 3.67
1564394736, 0, 0, 85, 85, 3, 41.02%, 8, 2, 2, 31.05
1564394741, 0, 0, 89, 89, 3, 41.09%, 8, 2, 2, 4.92
1564394747, 0, 0, 94, 94, 3, 41.09%, 8, 2, 2, 23.23
1564394752, 0, 0, 98, 98, 3, 41.09%, 9, 2, 2, 23.98
1564394757, 0, 0, 102, 102, 3, 41.11%, 9, 2, 2, 23.27
1564394762, 0, 0, 105, 105, 3, 41.22%, 9, 2, 2, 8.47
1564394767, 0, 0, 109, 109, 3, 41.25%, 9, 2, 2, 14.64
1564394772, 0, 0, 114, 114, 3, 41.26%, 9, 2, 2, 25.28
1564394778, 0, 0, 119, 119, 3, 41.29%, 9, 2, 2, 18.01
1564394783, 0, 0, 122, 122, 3, 41.30%, 9, 2, 2, 13.07
1564394788, 0, 0, 126, 126, 3, 41.69%, 9, 2, 2, 13.40
1564394793, 0, 0, 129, 129, 3, 41.69%, 9, 2, 2, 18.90
1564394798, 0, 0, 133, 133, 3, 42.52%, 10, 2, 2, 18.02
1564394803, 0, 0, 136, 136, 3, 42.53%, 10, 2, 2, 14.33
1564394808, 0, 0, 140, 140, 3, 42.70%, 10, 2, 2, 23.48
1564394813, 0, 0, 145, 145, 3, 42.70%, 10, 2, 2, 22.53
1564394818, 0, 0, 148, 148, 3, 42.77%, 10, 2, 2, 18.20
1564394824, 0, 0, 151, 151, 3, 42.78%, 10, 2, 2, 30.80
1564394829, 0, 0, 154, 154, 3, 42.78%, 10, 2, 2, 19.74
1564394834, 0, 0, 157, 157, 3, 42.78%, 10, 2, 2, 96.10
1564394839, 0, 0, 162, 162, 3, 42.98%, 10, 2, 2, 9.13
1564394844, 0, 0, 166, 166, 3, 43.01%, 10, 2, 2, 8.13
1564394849, 0, 0, 170, 170, 3, 43.01%, 10, 2, 2, 91.44
1564394854, 0, 0, 173, 173, 3, 43.03%, 11, 2, 2, 18.53
1564394859, 0, 0, 178, 178, 3, 43.28%, 11, 2, 2, 15.68
1564394864, 0, 0, 181, 181, 3, 43.30%, 11, 2, 2, 13.18
1564394870, 0, 0, 185, 185, 3, 43.30%, 11, 2, 2, 12.12
1564394875, 0, 0, 189, 189, 3, 43.39%, 12, 2, 2, 8.47
1564394880, 0, 0, 192, 192, 3, 43.39%, 12, 2, 2, 3.04
1564394885, 0, 0, 196, 196, 3, 43.39%, 12, 2, 2, 32.77
1564394891, 0, 0, 199, 199, 3, 43.40%, 12, 2, 2, 22.51
1564394896, 0, 0, 202, 202, 3, 43.47%, 12, 2, 2, 22.09
1564394901, 0, 0, 205, 205, 3, 43.47%, 12, 2, 2, 13.64
1564394906, 0, 0, 208, 208, 3, 43.48%, 12, 2, 2, 91.35
1564394911, 0, 0, 211, 211, 3, 43.48%, 14, 2, 2, 55.97
1564394916, 0, 0, 213, 213, 3, 43.48%, 14, 2, 2, 97.69
1564394922, 0, 0, 217, 217, 3, 43.48%, 14, 2, 2, 11.16
1564394927, 0, 0, 220, 220, 3, 43.48%, 15, 2, 2, 12.61
1564394932, 0, 0, 225, 225, 3, 43.53%, 15, 2, 2, 18.47
1564394937, 0, 0, 229, 229, 3, 43.59%, 15, 2, 2, 14.80
1564394942, 0, 0, 233, 233, 3, 43.72%, 15, 2, 2, 11.03
1564394947, 0, 0, 235, 235, 3, 43.75%, 15, 2, 2, 16.53
1564394952, 0, 0, 239, 239, 3, 43.96%, 15, 2, 2, 23.20
1564394957, 0, 0, 242, 242, 3, 43.96%, 16, 2, 2, 25.42
1564394963, 0, 0, 244, 244, 3, 43.96%, 16, 2, 2, 24.09
1564394968, 0, 1, 246, 245, 81, 43.97%, 18, 2, 2, 30.95
1564394993, 0, 1, 267, 266, 81, 44.10%, 18, 2, 2, 54.95
1564394998, 0, 1, 275, 274, 81, 44.32%, 18, 2, 2, 20.65
1564395004, 0, 1, 283, 282, 81, 44.32%, 18, 2, 2, 22.97
1564395009, 0, 1, 290, 289, 81, 44.34%, 18, 2, 2, 30.18
1564395014, 0, 1, 297, 296, 81, 44.47%, 18, 2, 2, 30.53
1564395019, 0, 1, 303, 302, 81, 44.47%, 18, 2, 2, 28.66
1564395024, 0, 1, 309, 308, 81, 44.64%, 18, 2, 2, 28.29
1564395029, 0, 1, 314, 313, 81, 44.65%, 18, 2, 2, 90.48
1564395034, 0, 1, 320, 319, 81, 44.66%, 18, 2, 2, 23.63
1564395039, 0, 1, 323, 322, 81, 44.66%, 18, 2, 2, 23.77
1564395045, 0, 1, 330, 329, 81, 44.66%, 18, 2, 2, 40.68
1564395050, 0, 2, 333, 331, 102, 44.67%, 18, 2, 2, 85.97
1564395065, 0, 2, 337, 335, 102, 44.67%, 18, 2, 2, 4.83
1564395070, 0, 2, 339, 337, 102, 45.03%, 19, 2, 2, 3.61
1564395075, 0, 2, 341, 339, 102, 45.14%, 19, 2, 2, 5.34
1564395080, 0, 2, 343, 341, 102, 45.14%, 19, 2, 2, 5.92
1564395085, 0, 2, 346, 344, 102, 45.22%, 19, 2, 2, 7.38
1564395091, 0, 2, 348, 346, 102, 45.22%, 19, 2, 2, 9.76
1564395096, 0, 2, 350, 348, 102, 45.41%, 19, 2, 2, 5.85
1564395101, 0, 2, 351, 349, 102, 45.95%, 19, 2, 2, 8.01
1564395106, 0, 2, 354, 352, 102, 45.95%, 19, 2, 2, 8.83
1564395111, 0, 2, 356, 354, 102, 45.95%, 19, 2, 2, 8.00
1564395116, 0, 2, 357, 355, 102, 45.96%, 19, 2, 2, 22.94
1564395121, 0, 2, 359, 357, 102, 45.97%, 21, 2, 2, 11.32
1564395126, 0, 2, 360, 358, 102, 45.97%, 21, 2, 2, 4.83
1564395131, 0, 3, 361, 358, 111, 46.03%, 21, 2, 2, 98.68
1564395147, 0, 3, 363, 360, 111, 46.03%, 21, 2, 3, 91.39
1564395152, 0, 3, 368, 365, 111, 46.03%, 21, 2, 3, 63.03
1564395157, 0, 3, 372, 369, 111, 46.03%, 22, 2, 3, 68.36
1564395162, 0, 12, 375, 371, 112, 46.03%, 22, 2, 3, 90.82
1564395178, 0, 12, 378, 374, 112, 46.03%, 22, 2, 3, 10.00
1564395183, 0, 12, 380, 376, 112, 46.03%, 22, 2, 3, 14.39
1564395188, 0, 12, 384, 380, 112, 46.04%, 22, 2, 3, 19.39
1564395193, 0, 12, 386, 382, 112, 46.04%, 22, 2, 3, 38.69
1564395198, 0, 12, 390, 386, 112, 46.05%, 22, 2, 3, 24.77
1564395203, 0, 12, 392, 388, 112, 46.05%, 22, 2, 3, 20.60
1564395208, 0, 12, 395, 391, 112, 46.05%, 22, 2, 3, 19.79
1564395214, 0, 12, 398, 394, 112, 46.05%, 22, 2, 3, 21.11
1564395219, 0, 12, 401, 397, 112, 46.09%, 22, 2, 3, 21.40
1564395224, 0, 12, 403, 399, 112, 46.09%, 23, 2, 3, 20.95
1564395229, 0, 13, 405, 400, 114, 46.09%, 23, 2, 3, 101.65
1564395244, 0, 13, 406, 401, 114, 46.09%, 23, 2, 3, 5.93
1564395249, 0, 13, 407, 402, 114, 46.09%, 23, 2, 3, 4.54
1564395255, 0, 13, 410, 405, 114, 46.09%, 23, 2, 3, 8.74
1564395260, 0, 13, 411, 406, 114, 46.09%, 23, 2, 3, 14.00
1564395265, 0, 13, 414, 409, 114, 46.10%, 23, 2, 3, 9.07
1564395270, 0, 13, 416, 411, 114, 46.10%, 23, 2, 3, 89.20
1564395275, 0, 13, 419, 414, 114, 46.10%, 23, 2, 3, 8.76
1564395280, 0, 13, 421, 416, 114, 46.11%, 23, 2, 3, 8.09
1564395285, 0, 13, 423, 418, 114, 46.11%, 23, 2, 3, 5.83
1564395291, 0, 13, 424, 419, 114, 46.13%, 23, 2, 3, 9.93
1564395296, 0, 13, 426, 421, 114, 46.19%, 23, 2, 3, 10.71
1564395301, 0, 13, 428, 423, 114, 46.19%, 23, 2, 3, 96.90
1564395306, 0, 13, 430, 425, 114, 46.19%, 23, 2, 3, 93.00
1564395311, 0, 15, 435, 429, 121, 46.20%, 23, 2, 3, 100.61
1564395316, 0, 15, 445, 439, 121, 46.20%, 24, 2, 3, 105.34
1564395321, 0, 15, 449, 443, 121, 46.20%, 25, 2, 3, 11.39
1564395326, 0, 15, 451, 445, 121, 46.20%, 25, 2, 3, 18.59
1564395332, 0, 15, 454, 448, 121, 46.20%, 25, 2, 3, 22.08
1564395337, 0, 15, 458, 452, 121, 46.20%, 25, 2, 3, 31.51
1564395342, 0, 15, 460, 454, 121, 46.20%, 25, 2, 3, 25.44
1564395347, 0, 15, 463, 457, 121, 46.30%, 25, 2, 3, 23.59
1564395352, 0, 15, 466, 460, 121, 46.62%, 25, 2, 3, 3.87
1564395357, 0, 15, 469, 463, 121, 46.62%, 25, 2, 3, 23.76
1564395362, 0, 15, 470, 464, 121, 46.62%, 25, 2, 3, 24.75
1564395367, 0, 15, 473, 467, 121, 46.66%, 25, 2, 3, 20.60
1564395372, 0, 15, 476, 470, 121, 46.82%, 25, 2, 3, 27.83
1564395377, 0, 15, 479, 473, 121, 46.84%, 25, 2, 3, 22.87
1564395383, 0, 15, 481, 475, 121, 46.84%, 25, 2, 3, 50.58
1564395388, 0, 15, 484, 478, 121, 46.91%, 25, 2, 3, 11.99
1564395393, 0, 15, 488, 482, 121, 46.95%, 25, 2, 3, 16.15
1564395398, 0, 15, 491, 485, 121, 46.95%, 25, 2, 3, 18.43
1564395403, 0, 15, 493, 487, 121, 47.00%, 25, 2, 3, 21.48
1564395408, 0, 15, 497, 491, 121, 47.18%, 25, 2, 3, 16.25
1564395413, 0, 15, 502, 496, 121, 47.30%, 25, 2, 3, 2.62
1564395419, 0, 15, 503, 497, 121, 47.30%, 25, 2, 3, 27.27
1564395424, 0, 15, 507, 501, 121, 47.30%, 25, 2, 3, 17.33
1564395429, 0, 15, 508, 502, 121, 47.30%, 25, 2, 3, 8.26
1564395434, 0, 15, 511, 505, 121, 47.44%, 25, 2, 3, 7.78
1564395439, 0, 15, 512, 506, 121, 47.44%, 25, 2, 3, 21.60
1564395445, 0, 15, 515, 509, 121, 47.50%, 25, 2, 3, 24.01
1564395450, 0, 15, 518, 512, 121, 47.50%, 25, 2, 3, 22.42
1564395455, 0, 15, 521, 515, 121, 47.51%, 25, 2, 3, 38.89
1564395460, 0, 15, 524, 518, 121, 47.52%, 26, 2, 3, 5.58
1564395465, 0, 15, 528, 522, 121, 47.54%, 26, 2, 3, 9.10
1564395470, 0, 15, 530, 524, 121, 47.55%, 26, 2, 3, 6.95
1564395475, 0, 15, 532, 526, 121, 47.60%, 26, 2, 3, 37.78
1564395480, 0, 16, 533, 526, 147, 47.60%, 26, 2, 3, 101.92
1564395496, 0, 16, 534, 527, 147, 47.60%, 26, 2, 3, 15.83
1564395501, 0, 16, 538, 531, 147, 47.60%, 26, 2, 3, 24.50
1564395506, 0, 16, 540, 533, 147, 47.60%, 26, 2, 3, 24.15
1564395511, 0, 16, 544, 537, 147, 47.60%, 26, 2, 3, 21.61
1564395516, 0, 16, 545, 538, 147, 47.62%, 26, 2, 3, 6.83
1564395521, 0, 23, 545, 537, 148, 47.62%, 26, 2, 3, 81.59
1564395536, 0, 23, 546, 538, 148, 47.68%, 26, 2, 3, 44.55
1564395541, 0, 23, 548, 540, 148, 47.68%, 26, 2, 3, 7.20
1564395547, 0, 23, 552, 544, 148, 47.68%, 26, 2, 3, 7.26
1564395552, 0, 23, 555, 547, 148, 47.70%, 26, 2, 3, 8.10
1564395557, 0, 23, 558, 550, 148, 47.70%, 26, 2, 3, 85.56
1564395562, 0, 23, 562, 554, 148, 47.71%, 26, 2, 3, 7.09
1564395567, 0, 23, 564, 556, 148, 47.72%, 26, 2, 3, 5.97
1564395573, 0, 23, 566, 558, 148, 47.77%, 26, 2, 3, 5.47
1564395578, 0, 23, 569, 561, 148, 47.79%, 26, 2, 3, 25.18
1564395583, 0, 23, 572, 564, 148, 47.80%, 26, 2, 3, 41.97
1564395588, 0, 27, 572, 563, 152, 47.80%, 26, 2, 3, 98.52
1564395608, 0, 27, 575, 566, 152, 47.81%, 26, 2, 3, 16.75
1564395613, 0, 27, 577, 568, 152, 47.81%, 26, 2, 3, 29.54
1564395618, 0, 35, 577, 567, 153, 47.81%, 26, 2, 3, 74.83
1564395634, 0, 35, 579, 569, 153, 47.81%, 26, 2, 3, 15.48
1564395639, 0, 35, 582, 572, 153, 47.87%, 26, 2, 3, 15.33
1564395644, 0, 35, 586, 576, 153, 48.07%, 26, 2, 3, 26.18
1564395649, 0, 35, 587, 577, 153, 48.10%, 26, 2, 3, 5.22
1564395654, 0, 35, 590, 580, 153, 48.10%, 26, 2, 3, 4.14
1564395659, 0, 35, 592, 582, 153, 48.10%, 26, 2, 3, 5.32
1564395664, 0, 35, 596, 586, 153, 48.10%, 27, 2, 3, 4.05
1564395675, 0, 51, 597, 586, 157, 48.10%, 27, 2, 3, 98.89
1564395690, 0, 51, 598, 587, 157, 48.10%, 27, 2, 3, 6.41
1564395695, 0, 51, 602, 591, 157, 48.10%, 27, 3, 3, 60.66
1564395700, 0, 51, 605, 594, 157, 48.10%, 28, 3, 3, 10.17
1564395705, 0, 51, 607, 596, 157, 48.10%, 28, 3, 3, 3.70
1564395710, 0, 51, 609, 598, 157, 48.11%, 28, 3, 3, 31.08
1564395715, 0, 51, 610, 599, 157, 48.12%, 28, 3, 3, 4.20
1564395721, 0, 51, 613, 602, 157, 48.12%, 28, 3, 3, 9.50
1564395726, 0, 51, 617, 606, 157, 48.13%, 28, 3, 3, 15.21
1564395731, 0, 51, 619, 608, 157, 48.13%, 28, 3, 3, 46.92
1564395736, 0, 51, 621, 610, 157, 48.13%, 28, 3, 3, 13.16
1564395741, 0, 51, 622, 611, 157, 48.13%, 28, 3, 3, 23.53
1564395746, 0, 51, 624, 613, 157, 48.13%, 28, 3, 3, 21.33
1564395752, 0, 56, 624, 612, 159, 48.13%, 28, 3, 3, 83.68
1564395767, 0, 56, 627, 615, 159, 48.13%, 28, 3, 3, 36.97
1564395772, 0, 56, 629, 617, 159, 48.13%, 28, 3, 3, 29.03
1564395777, 0, 56, 632, 620, 159, 48.13%, 28, 3, 3, 19.46
1564395782, 0, 56, 635, 623, 159, 48.13%, 28, 3, 3, 19.26
1564395787, 0, 56, 638, 626, 159, 48.13%, 28, 3, 3, 27.85
1564395792, 0, 56, 640, 628, 159, 48.14%, 28, 3, 3, 32.63
1564395798, 0, 56, 642, 630, 159, 48.14%, 28, 3, 3, 79.49
1564395803, 0, 67, 645, 632, 161, 48.14%, 28, 3, 3, 67.89
1564395823, 0, 67, 648, 635, 161, 48.16%, 28, 3, 3, 14.64
1564395828, 0, 67, 649, 636, 161, 48.16%, 29, 3, 3, 17.18
1564395833, 0, 67, 650, 637, 161, 48.22%, 29, 3, 3, 40.64
1564395838, 0, 67, 653, 640, 161, 48.22%, 29, 3, 3, 6.97
1564395843, 0, 67, 654, 641, 161, 48.22%, 29, 3, 3, 85.00
1564395849, 0, 67, 658, 645, 161, 48.30%, 29, 3, 3, 8.16
1564395854, 0, 67, 659, 646, 161, 48.30%, 29, 3, 3, 10.55
1564395859, 0, 75, 659, 645, 164, 48.30%, 29, 3, 3, 97.65
1564395874, 0, 75, 663, 649, 164, 48.30%, 29, 3, 3, 15.24
1564395879, 0, 75, 665, 651, 164, 48.30%, 29, 3, 3, 25.57
1564395884, 0, 75, 667, 653, 164, 48.31%, 29, 3, 3, 24.99
1564395889, 0, 75, 670, 656, 164, 48.31%, 29, 3, 3, 23.28
1564395894, 0, 75, 673, 659, 164, 48.31%, 29, 3, 3, 29.94
1564395900, 0, 75, 675, 661, 164, 48.33%, 29, 3, 3, 15.07
1564395905, 0, 75, 677, 663, 164, 48.33%, 29, 4, 3, 19.96
1564395910, 0, 75, 681, 667, 164, 48.34%, 29, 4, 3, 84.49
1564395915, 0, 75, 684, 670, 164, 48.35%, 29, 4, 3, 15.58
1564395920, 0, 75, 688, 674, 164, 48.35%, 30, 4, 3, 17.07
1564395925, 0, 75, 690, 676, 164, 48.35%, 30, 4, 3, 15.61
1564395930, 0, 75, 692, 678, 164, 48.35%, 30, 4, 3, 25.10
1564395936, 0, 80, 692, 677, 168, 48.35%, 30, 4, 3, 78.45
1564395951, 0, 80, 694, 679, 168, 48.35%, 30, 4, 3, 15.85
1564395956, 0, 80, 697, 682, 168, 48.35%, 30, 4, 3, 26.57
1564395961, 0, 83, 698, 682, 169, 48.35%, 30, 4, 3, 47.61
1564395966, 0, 86, 698, 681, 168, 48.35%, 30, 4, 3, 88.28
1564395982, 0, 86, 701, 684, 168, 48.35%, 30, 4, 3, 97.10
1564395987, 0, 86, 704, 687, 168, 48.36%, 30, 4, 3, 17.38
1564395992, 0, 86, 706, 689, 168, 48.36%, 30, 4, 3, 22.10
1564395997, 0, 86, 708, 691, 168, 48.36%, 30, 4, 3, 31.81
1564396002, 0, 86, 710, 693, 168, 48.39%, 30, 4, 3, 7.96
1564396007, 0, 86, 712, 695, 168, 48.40%, 30, 4, 3, 20.54
1564396012, 0, 88, 712, 694, 173, 48.40%, 30, 4, 3, 79.40
1564396028, 0, 88, 715, 697, 173, 48.40%, 30, 4, 3, 9.16
1564396033, 0, 88, 717, 699, 173, 48.40%, 30, 4, 3, 4.93
1564396038, 0, 88, 720, 702, 173, 48.53%, 30, 4, 3, 3.58
1564396043, 0, 88, 722, 704, 173, 48.53%, 30, 4, 3, 4.78
1564396048, 0, 88, 723, 705, 173, 48.53%, 30, 4, 3, 10.48
1564396053, 0, 88, 726, 708, 173, 48.55%, 30, 4, 3, 9.22
1564396059, 0, 88, 727, 709, 173, 48.55%, 30, 4, 3, 17.39
1564396064, 0, 88, 728, 710, 173, 48.55%, 30, 4, 3, 5.06
1564396069, 0, 88, 732, 714, 173, 48.56%, 30, 4, 3, 22.70
1564396074, 0, 88, 735, 717, 173, 48.56%, 30, 4, 3, 16.34
1564396079, 0, 88, 738, 720, 173, 48.56%, 30, 4, 3, 4.84
1564396085, 0, 88, 739, 721, 173, 48.56%, 30, 4, 3, 16.49
1564396090, 0, 88, 741, 723, 173, 48.57%, 30, 4, 3, 16.03
1564396095, 0, 88, 745, 727, 173, 48.57%, 30, 4, 3, 14.73
1564396100, 0, 88, 747, 729, 173, 48.65%, 30, 4, 3, 15.59
1564396105, 0, 88, 750, 732, 173, 48.68%, 30, 4, 3, 11.77
1564396110, 0, 88, 753, 735, 173, 48.68%, 30, 4, 3, 4.69
1564396115, 0, 88, 754, 736, 173, 48.68%, 30, 4, 3, 37.28
1564396120, 0, 103, 754, 735, 179, 48.68%, 30, 4, 3, 87.76
1564396136, 0, 103, 757, 738, 179, 48.70%, 30, 4, 3, 17.78
1564396141, 0, 103, 760, 741, 179, 48.70%, 30, 4, 3, 12.89
1564396146, 0, 103, 763, 744, 179, 48.71%, 30, 4, 3, 16.81
1564396151, 0, 103, 765, 746, 179, 48.73%, 30, 4, 3, 22.75
1564396157, 0, 103, 768, 749, 179, 48.74%, 30, 4, 3, 17.00
1564396162, 0, 103, 770, 751, 179, 48.74%, 30, 4, 3, 23.15
1564396167, 0, 103, 771, 752, 179, 48.74%, 30, 4, 3, 28.34
1564396172, 0, 103, 773, 754, 179, 48.79%, 30, 4, 3, 5.66
1564396177, 0, 115, 773, 752, 180, 48.79%, 30, 4, 3, 82.17
1564396192, 0, 115, 775, 754, 180, 48.79%, 30, 4, 3, 10.80
1564396197, 0, 115, 777, 756, 180, 48.86%, 30, 4, 3, 15.35
1564396202, 0, 115, 778, 757, 180, 48.86%, 30, 4, 3, 19.87
1564396207, 0, 115, 781, 760, 180, 48.87%, 30, 4, 3, 48.33
1564396213, 0, 115, 783, 762, 180, 48.90%, 30, 4, 3, 4.28
1564396218, 0, 115, 785, 764, 180, 48.90%, 30, 4, 3, 5.64
1564396223, 0, 115, 787, 766, 180, 48.90%, 30, 4, 3, 11.35
1564396229, 0, 115, 789, 768, 180, 48.90%, 30, 4, 3, 45.51
1564396234, 0, 115, 790, 769, 180, 48.90%, 30, 4, 3, 32.45
1564396239, 0, 115, 792, 771, 180, 48.90%, 30, 5, 3, 20.38
1564396244, 0, 119, 792, 770, 181, 48.90%, 30, 5, 3, 83.75
1564396260, 0, 119, 796, 774, 181, 48.90%, 30, 5, 3, 14.57
1564396265, 0, 119, 799, 777, 181, 48.90%, 30, 5, 3, 21.67
1564396270, 0, 119, 802, 780, 181, 48.93%, 30, 5, 3, 16.28
1564396280, 0, 119, 804, 782, 181, 48.93%, 30, 5, 3, 26.72
1564396285, 0, 119, 807, 785, 181, 48.93%, 30, 5, 3, 32.85
1564396290, 0, 119, 810, 788, 181, 48.93%, 30, 5, 3, 27.55
1564396296, 0, 119, 812, 790, 181, 48.93%, 30, 5, 3, 38.21
1564396301, 0, 119, 816, 794, 181, 48.95%, 30, 5, 3, 26.54
1564396306, 0, 119, 819, 797, 181, 48.95%, 30, 5, 3, 25.62
1564396311, 0, 119, 823, 801, 181, 48.96%, 30, 5, 3, 26.39
1564396316, 0, 119, 824, 802, 181, 49.00%, 30, 5, 3, 5.03
1564396321, 0, 119, 826, 804, 181, 49.00%, 30, 5, 3, 14.00
1564396326, 0, 123, 826, 803, 187, 49.00%, 30, 5, 3, 96.22
1564396342, 0, 123, 829, 806, 187, 49.00%, 30, 5, 3, 10.21
1564396347, 0, 123, 830, 807, 187, 49.00%, 30, 5, 3, 9.01
1564396352, 0, 123, 832, 809, 187, 49.00%, 30, 5, 3, 33.24
1564396357, 0, 123, 833, 810, 187, 49.04%, 30, 5, 3, 7.95
1564396362, 0, 123, 834, 811, 187, 49.04%, 30, 5, 3, 54.75
1564396367, 0, 129, 834, 810, 186, 49.04%, 30, 5, 3, 100.53
1564396383, 0, 129, 836, 812, 186, 49.04%, 30, 5, 3, 3.73
1564396388, 0, 129, 838, 814, 186, 49.04%, 30, 5, 3, 15.00
1564396393, 0, 129, 840, 816, 186, 49.04%, 30, 5, 3, 10.78
1564396398, 0, 129, 841, 817, 186, 49.04%, 30, 5, 3, 6.85
1564396403, 0, 129, 842, 818, 186, 49.04%, 30, 5, 3, 6.86
1564396409, 0, 129, 843, 819, 186, 49.04%, 30, 5, 3, 9.91
1564396414, 0, 129, 845, 821, 186, 49.04%, 30, 5, 3, 8.35
1564396419, 0, 129, 846, 822, 186, 49.04%, 30, 5, 3, 23.74
1564396424, 0, 129, 849, 825, 186, 49.04%, 30, 5, 3, 3.59
1564396429, 0, 129, 850, 826, 186, 49.04%, 30, 5, 3, 3.72
1564396435, 0, 129, 851, 827, 186, 49.04%, 30, 5, 3, 31.53
1564396440, 0, 129, 852, 828, 186, 49.04%, 30, 5, 3, 4.93
1564396445, 0, 129, 853, 829, 186, 49.04%, 30, 5, 3, 5.09
1564396455, 0, 129, 855, 831, 186, 49.05%, 31, 5, 3, 7.37
1564396460, 0, 129, 858, 834, 186, 49.05%, 31, 5, 3, 11.31
1564396465, 0, 129, 860, 836, 186, 49.06%, 31, 5, 3, 12.47
1564396471, 0, 129, 861, 837, 186, 49.06%, 31, 5, 3, 9.84
1564396476, 0, 129, 862, 838, 186, 49.06%, 31, 5, 3, 6.43
1564396481, 0, 129, 864, 840, 186, 49.06%, 31, 5, 3, 5.29
1564396487, 0, 129, 866, 842, 186, 49.06%, 31, 5, 3, 5.28
1564396492, 0, 129, 867, 843, 186, 49.06%, 31, 5, 3, 3.32
1564396497, 0, 129, 869, 845, 186, 49.06%, 31, 5, 3, 4.22
1564396502, 0, 129, 870, 846, 186, 49.06%, 31, 5, 3, 4.13
1564396507, 0, 130, 870, 845, 190, 49.06%, 31, 5, 3, 78.96
1564396522, 0, 130, 871, 846, 190, 49.06%, 31, 5, 3, 76.84
1564396527, 0, 132, 872, 846, 190, 49.06%, 31, 5, 3, 96.04
1564396543, 0, 132, 873, 847, 190, 49.06%, 31, 5, 3, 52.02
1564396548, 0, 132, 875, 849, 190, 49.06%, 31, 5, 3, 7.01
1564396553, 0, 132, 877, 851, 190, 49.06%, 31, 5, 3, 5.65
1564396558, 0, 132, 879, 853, 190, 49.07%, 31, 5, 3, 5.87
1564396563, 0, 132, 881, 855, 190, 49.07%, 31, 5, 3, 9.82
1564396568, 0, 132, 884, 858, 190, 49.08%, 31, 5, 3, 5.81
1564396574, 0, 132, 886, 860, 190, 49.08%, 31, 5, 3, 3.12
1564396579, 0, 132, 887, 861, 190, 49.09%, 31, 5, 3, 5.94
1564396584, 0, 132, 889, 863, 190, 49.09%, 31, 5, 3, 21.46
1564396589, 0, 132, 891, 865, 190, 49.09%, 31, 5, 3, 6.41
1564396594, 0, 132, 894, 868, 190, 49.09%, 31, 5, 3, 13.06
1564396599, 0, 132, 895, 869, 190, 49.09%, 31, 5, 3, 14.29
1564396604, 0, 132, 897, 871, 190, 49.09%, 31, 5, 3, 97.09
1564396609, 0, 132, 898, 872, 190, 49.09%, 31, 5, 3, 11.87
1564396615, 0, 132, 899, 873, 190, 49.09%, 31, 5, 3, 23.19
1564396620, 0, 132, 901, 875, 190, 49.09%, 31, 5, 3, 94.11
1564396625, 0, 132, 903, 877, 190, 49.09%, 31, 5, 3, 5.87
1564396631, 0, 132, 905, 879, 190, 49.09%, 31, 5, 3, 6.78
1564396636, 0, 132, 906, 880, 190, 49.09%, 31, 5, 3, 17.76
1564396641, 0, 132, 908, 882, 190, 49.10%, 31, 5, 3, 14.26
1564396646, 0, 132, 909, 883, 190, 49.10%, 31, 5, 3, 16.22
1564396651, 0, 134, 910, 883, 198, 49.10%, 31, 5, 3, 31.89
1564396671, 0, 134, 912, 885, 198, 49.10%, 31, 5, 3, 87.27
1564396677, 0, 138, 912, 884, 197, 49.10%, 32, 5, 3, 70.95
1564396692, 0, 138, 915, 887, 197, 49.10%, 33, 5, 3, 26.35
1564396697, 0, 138, 918, 890, 197, 49.10%, 33, 5, 3, 48.66
1564396702, 0, 144, 919, 890, 197, 49.12%, 34, 5, 3, 61.27
1564396717, 0, 144, 920, 891, 197, 49.12%, 34, 5, 3, 7.11
1564396723, 0, 144, 923, 894, 197, 49.12%, 34, 5, 3, 22.74
1564396728, 0, 144, 927, 898, 197, 49.20%, 34, 5, 3, 17.18
1564396733, 0, 144, 930, 901, 197, 49.20%, 34, 5, 3, 23.59
1564396738, 0, 144, 932, 903, 197, 49.24%, 34, 5, 3, 26.79
1564396743, 0, 144, 935, 906, 197, 49.27%, 34, 5, 3, 8.27
1564396748, 0, 144, 937, 908, 197, 49.27%, 34, 5, 3, 36.18
1564396753, 0, 144, 940, 911, 197, 49.27%, 34, 5, 3, 8.66
1564396758, 0, 144, 942, 913, 197, 49.27%, 34, 5, 3, 55.71
1564396764, 0, 144, 945, 916, 197, 49.28%, 34, 5, 3, 92.47
1564396769, 0, 145, 945, 915, 206, 49.28%, 34, 5, 3, 100.75
1564396784, 0, 145, 947, 917, 206, 49.28%, 34, 5, 3, 13.93
1564396789, 0, 145, 948, 918, 206, 49.28%, 34, 5, 3, 84.79
1564396795, 0, 145, 950, 920, 206, 49.28%, 34, 5, 3, 9.37
1564396800, 0, 149, 951, 920, 207, 49.28%, 34, 5, 3, 69.65
1564396815, 0, 149, 952, 921, 207, 49.28%, 34, 5, 3, 13.90
1564396820, 0, 149, 954, 923, 207, 49.28%, 34, 5, 3, 11.77
1564396825, 0, 149, 956, 925, 207, 49.28%, 34, 5, 3, 17.42
1564396830, 0, 155, 956, 924, 205, 49.28%, 34, 5, 3, 98.72
1564396845, 0, 155, 959, 927, 205, 49.29%, 34, 5, 3, 21.68
1564396850, 0, 155, 961, 929, 205, 49.29%, 34, 5, 3, 25.37
1564396856, 0, 155, 964, 932, 205, 49.29%, 34, 5, 3, 9.10
1564396861, 0, 155, 966, 934, 205, 49.29%, 34, 5, 3, 21.23
1564396866, 0, 155, 969, 937, 205, 49.29%, 34, 5, 3, 15.96
1564396871, 0, 155, 973, 941, 205, 49.30%, 34, 5, 3, 19.81
1564396876, 0, 155, 976, 944, 205, 49.30%, 34, 5, 3, 20.38
1564396881, 0, 155, 977, 945, 205, 49.31%, 35, 5, 3, 83.29
1564396886, 0, 157, 978, 945, 208, 49.31%, 35, 5, 3, 81.08
1564396902, 0, 157, 980, 947, 208, 49.31%, 35, 5, 3, 8.06
1564396907, 0, 157, 982, 949, 208, 49.33%, 35, 5, 3, 92.87
1564396912, 0, 157, 983, 950, 208, 49.33%, 35, 5, 3, 8.01
1564396917, 0, 157, 986, 953, 208, 49.33%, 35, 5, 3, 8.05
1564396922, 0, 160, 986, 952, 211, 49.33%, 35, 5, 3, 87.54
1564396938, 0, 160, 988, 954, 211, 49.34%, 35, 5, 3, 21.04
1564396943, 0, 160, 990, 956, 211, 49.34%, 35, 5, 3, 5.22
1564396948, 0, 160, 992, 958, 211, 49.37%, 35, 5, 3, 5.37
1564396953, 0, 160, 993, 959, 211, 49.37%, 36, 5, 3, 9.85
1564396958, 0, 160, 995, 961, 211, 49.37%, 37, 5, 3, 17.52
1564396963, 0, 160, 997, 963, 211, 49.37%, 37, 5, 3, 14.79
1564396968, 0, 160, 998, 964, 211, 49.37%, 37, 5, 3, 19.27
1564396974, 0, 160, 999, 965, 211, 49.37%, 37, 5, 3, 16.61
1564396979, 0, 160, 1000, 966, 211, 49.40%, 37, 5, 3, 14.63
1564396984, 0, 163, 1001, 966, 213, 49.41%, 37, 5, 3, 99.16
1564396999, 0, 163, 1002, 967, 213, 49.42%, 37, 5, 3, 18.82
1564397004, 0, 163, 1003, 968, 213, 49.42%, 38, 5, 3, 22.56
1564397009, 0, 163, 1006, 971, 213, 49.42%, 38, 5, 3, 27.47
1564397014, 0, 180, 1007, 971, 212, 49.42%, 38, 5, 3, 69.82
1564397035, 0, 180, 1010, 974, 212, 49.42%, 38, 5, 3, 9.74
1564397040, 0, 180, 1012, 976, 212, 49.42%, 38, 5, 3, 24.47
1564397045, 0, 182, 1012, 975, 212, 49.42%, 38, 5, 3, 82.84
1564397055, 0, 182, 1013, 976, 212, 49.42%, 38, 5, 3, 92.47
1564397061, 0, 182, 1016, 979, 212, 49.42%, 39, 5, 3, 6.10
1564397066, 0, 182, 1018, 981, 212, 49.42%, 39, 5, 3, 23.96
1564397071, 0, 182, 1019, 982, 212, 49.42%, 39, 6, 3, 25.25
1564397076, 0, 182, 1021, 984, 212, 49.42%, 39, 6, 3, 10.35
1564397081, 0, 182, 1022, 985, 212, 49.42%, 39, 6, 3, 15.36
1564397086, 0, 182, 1024, 987, 212, 49.43%, 39, 6, 3, 47.97
1564397091, 0, 185, 1025, 987, 214, 49.43%, 39, 6, 3, 67.30
1564397107, 0, 185, 1027, 989, 214, 49.43%, 39, 6, 3, 11.00
1564397112, 0, 185, 1029, 991, 214, 49.43%, 39, 6, 3, 16.70
1564397117, 0, 185, 1029, 991, 214, 49.43%, 39, 7, 3, 32.03
1564397122, 0, 185, 1031, 993, 214, 49.43%, 39, 7, 3, 27.47
1564397128, 0, 185, 1032, 994, 214, 49.43%, 39, 7, 3, 23.22
1564397133, 0, 185, 1034, 996, 214, 49.43%, 39, 7, 3, 22.41
1564397138, 0, 185, 1036, 998, 214, 49.43%, 39, 7, 3, 18.75
1564397143, 0, 185, 1037, 999, 214, 49.43%, 39, 7, 3, 8.37
1564397148, 0, 186, 1039, 1000, 216, 49.43%, 39, 7, 3, 49.55
1564397169, 0, 186, 1042, 1003, 216, 49.45%, 39, 7, 3, 21.24
1564397174, 0, 186, 1044, 1005, 216, 49.45%, 39, 7, 3, 27.94
1564397179, 0, 186, 1047, 1008, 216, 49.45%, 39, 7, 3, 27.98
1564397184, 0, 186, 1050, 1011, 216, 49.45%, 39, 7, 3, 23.29
1564397190, 0, 187, 1050, 1010, 219, 49.45%, 39, 7, 3, 76.05
1564397205, 0, 187, 1052, 1012, 219, 49.46%, 40, 7, 3, 9.20
1564397210, 0, 187, 1054, 1014, 219, 49.50%, 40, 7, 3, 13.54
1564397215, 0, 187, 1056, 1016, 219, 49.50%, 40, 7, 3, 16.46
1564397221, 0, 187, 1058, 1018, 219, 49.51%, 40, 7, 3, 13.21
1564397226, 0, 187, 1059, 1019, 219, 49.51%, 40, 7, 3, 12.69
1564397231, 0, 187, 1061, 1021, 219, 49.52%, 40, 7, 3, 61.68
1564397236, 0, 187, 1063, 1023, 219, 49.52%, 40, 7, 3, 11.22
1564397241, 0, 187, 1064, 1024, 219, 49.52%, 40, 7, 3, 17.80
1564397246, 0, 187, 1065, 1025, 219, 49.52%, 40, 7, 3, 20.35
1564397251, 0, 187, 1067, 1027, 219, 49.52%, 40, 7, 3, 13.93
1564397256, 0, 199, 1067, 1026, 220, 49.52%, 40, 7, 3, 100.56
1564397277, 0, 199, 1069, 1028, 220, 49.52%, 40, 7, 3, 20.26
1564397282, 0, 199, 1071, 1030, 220, 49.52%, 40, 7, 3, 7.69
1564397287, 0, 201, 1072, 1030, 222, 49.52%, 40, 7, 3, 99.12
1564397302, 0, 201, 1073, 1031, 222, 49.52%, 40, 7, 3, 13.40
1564397307, 0, 201, 1075, 1033, 222, 49.53%, 40, 7, 3, 28.01
1564397313, 0, 215, 1076, 1033, 222, 49.53%, 40, 7, 3, 57.26
1564397328, 0, 215, 1077, 1034, 222, 49.53%, 40, 7, 3, 10.03
1564397333, 0, 215, 1078, 1035, 222, 49.54%, 40, 7, 3, 19.34
1564397338, 0, 220, 1079, 1035, 223, 49.55%, 40, 7, 3, 51.49
1564397359, 0, 220, 1081, 1037, 223, 49.56%, 40, 7, 3, 39.60
1564397364, 0, 223, 1081, 1036, 224, 49.56%, 41, 7, 3, 75.68
1564397379, 0, 223, 1083, 1038, 224, 49.56%, 41, 7, 3, 20.22
1564397384, 0, 223, 1087, 1042, 224, 49.56%, 41, 7, 3, 18.26
1564397389, 0, 223, 1088, 1043, 224, 49.56%, 41, 7, 3, 21.28
1564397394, 0, 223, 1089, 1044, 224, 49.56%, 41, 7, 3, 33.93
1564397399, 0, 223, 1091, 1046, 224, 49.57%, 41, 7, 3, 27.72
1564397405, 0, 225, 1091, 1045, 227, 49.57%, 41, 7, 3, 77.33
1564397420, 0, 225, 1093, 1047, 227, 49.57%, 41, 7, 3, 12.26
1564397425, 0, 225, 1095, 1049, 227, 49.57%, 41, 7, 3, 6.33
1564397430, 0, 225, 1097, 1051, 227, 49.57%, 41, 7, 3, 16.81
1564397435, 0, 230, 1098, 1051, 225, 49.57%, 41, 7, 3, 88.53
1564397455, 0, 230, 1099, 1052, 225, 49.57%, 41, 7, 3, 27.83
1564397461, 0, 230, 1100, 1053, 225, 49.57%, 41, 8, 3, 21.20
1564397466, 0, 231, 1100, 1052, 227, 49.57%, 41, 8, 3, 55.50
1564397481, 0, 231, 1101, 1053, 227, 49.57%, 41, 8, 3, 4.99
1564397487, 0, 231, 1102, 1054, 227, 49.57%, 41, 8, 3, 8.52
1564397492, 0, 231, 1105, 1057, 227, 49.58%, 41, 8, 3, 14.72
1564397497, 0, 231, 1107, 1059, 227, 49.58%, 41, 8, 3, 37.79
1564397502, 0, 232, 1108, 1059, 228, 49.58%, 41, 8, 3, 92.74
1564397517, 0, 232, 1109, 1060, 228, 49.58%, 41, 8, 3, 10.84
1564397522, 0, 232, 1111, 1062, 228, 49.61%, 41, 8, 3, 15.79
1564397532, 0, 234, 1111, 1061, 228, 49.61%, 42, 8, 3, 79.32
1564397548, 0, 234, 1114, 1064, 228, 49.61%, 42, 8, 3, 14.77
1564397553, 0, 234, 1116, 1066, 228, 49.61%, 42, 8, 3, 29.50
1564397558, 0, 234, 1119, 1069, 228, 49.61%, 42, 8, 3, 4.98
1564397563, 0, 234, 1121, 1071, 228, 49.64%, 42, 8, 3, 18.20
1564397568, 0, 234, 1124, 1074, 228, 49.64%, 42, 8, 3, 10.45
1564397573, 0, 234, 1126, 1076, 228, 49.65%, 42, 8, 3, 15.17
1564397579, 0, 234, 1128, 1078, 228, 49.65%, 42, 8, 3, 11.41
1564397584, 0, 234, 1129, 1079, 228, 49.66%, 42, 8, 3, 19.23
1564397589, 0, 235, 1129, 1078, 231, 49.66%, 42, 8, 3, 99.96
1564397604, 0, 235, 1131, 1080, 231, 49.66%, 42, 8, 3, 32.96
1564397609, 0, 235, 1132, 1081, 231, 49.68%, 42, 8, 3, 23.27
1564397614, 0, 236, 1132, 1080, 233, 49.68%, 42, 8, 3, 70.13
1564397630, 0, 236, 1133, 1081, 233, 49.68%, 42, 8, 3, 13.89
1564397635, 0, 236, 1136, 1084, 233, 49.76%, 42, 8, 3, 21.65
1564397640, 0, 236, 1138, 1086, 233, 49.78%, 42, 8, 3, 3.55
1564397645, 0, 236, 1140, 1088, 233, 49.78%, 42, 8, 3, 7.64
1564397650, 0, 236, 1141, 1089, 233, 49.78%, 42, 8, 3, 44.95
1564397655, 0, 238, 1142, 1089, 232, 49.78%, 42, 8, 3, 50.28
1564397671, 0, 238, 1143, 1090, 232, 49.78%, 42, 8, 3, 85.28
1564397676, 0, 238, 1145, 1092, 232, 49.78%, 42, 8, 3, 18.37
1564397681, 0, 238, 1147, 1094, 232, 49.78%, 42, 8, 3, 16.59
1564397686, 0, 238, 1149, 1096, 232, 49.78%, 42, 8, 3, 24.76
1564397691, 0, 238, 1153, 1100, 232, 49.78%, 42, 8, 3, 29.54
1564397696, 0, 238, 1159, 1106, 232, 49.78%, 42, 8, 3, 44.04
1564397701, 0, 238, 1161, 1108, 232, 49.78%, 42, 8, 3, 42.74
1564397706, 0, 244, 1161, 1107, 232, 49.78%, 42, 8, 3, 79.84
1564397722, 0, 244, 1163, 1109, 232, 49.78%, 42, 8, 3, 57.22
1564397727, 0, 255, 1163, 1108, 231, 49.78%, 42, 8, 3, 60.87
1564397748, 0, 255, 1165, 1110, 231, 49.78%, 42, 8, 3, 90.50
1564397753, 0, 259, 1165, 1109, 230, 49.78%, 42, 8, 3, 92.26
1564397768, 0, 259, 1166, 1110, 230, 49.78%, 42, 8, 3, 91.59
1564397773, 0, 262, 1167, 1110, 229, 49.78%, 42, 8, 3, 92.79
1564397794, 0, 263, 1168, 1110, 228, 49.78%, 42, 8, 3, 91.40
1564397814, 0, 263, 1169, 1111, 228, 49.78%, 42, 8, 3, 90.06
1564397820, 0, 272, 1170, 1111, 229, 49.78%, 42, 8, 3, 91.91
1564397840, 0, 272, 1176, 1117, 229, 49.79%, 42, 8, 3, 99.74
1564397845, 0, 274, 1180, 1120, 230, 49.79%, 42, 8, 3, 97.90
1564397871, 0, 283, 1180, 1119, 229, 49.79%, 42, 8, 3, 101.62
1564397876, 0, 283, 1189, 1128, 229, 49.79%, 42, 8, 3, 103.58
1564397881, 0, 290, 1190, 1128, 229, 49.79%, 42, 8, 3, 98.53
1564397907, 0, 291, 1190, 1127, 228, 49.79%, 42, 8, 3, 93.24
1564397927, 0, 292, 1190, 1126, 227, 49.79%, 42, 8, 3, 94.72
1564397947, 0, 298, 1190, 1125, 226, 49.79%, 42, 8, 3, 93.87
1564397973, 0, 299, 1190, 1124, 225, 49.79%, 42, 8, 3, 92.13
1564397994, 0, 306, 1190, 1123, 224, 49.79%, 42, 8, 3, 91.52
1564398014, 0, 306, 1193, 1126, 224, 49.79%, 43, 8, 3, 21.49
1564398019, 0, 306, 1194, 1127, 224, 49.79%, 43, 8, 3, 33.38
1564398024, 0, 306, 1197, 1130, 224, 49.81%, 43, 8, 3, 35.55
1564398029, 0, 306, 1200, 1133, 224, 49.81%, 43, 8, 3, 23.20
1564398034, 0, 306, 1202, 1135, 224, 49.84%, 43, 8, 3, 26.46
1564398040, 0, 311, 1202, 1134, 228, 49.84%, 43, 8, 3, 71.95
1564398065, 0, 312, 1202, 1133, 227, 49.84%, 43, 8, 3, 90.55
1564398086, 0, 312, 1206, 1137, 227, 49.84%, 43, 8, 3, 60.71
1564398091, 0, 312, 1210, 1141, 227, 49.84%, 43, 8, 3, 47.34
1564398096, 0, 312, 1211, 1142, 227, 49.84%, 43, 8, 3, 18.43
1564398101, 0, 312, 1215, 1146, 227, 49.84%, 44, 8, 3, 19.92
1564398106, 0, 312, 1216, 1147, 227, 49.84%, 44, 8, 3, 23.55
1564398111, 0, 312, 1218, 1149, 227, 49.84%, 44, 8, 3, 21.26
1564398116, 0, 312, 1221, 1152, 227, 49.87%, 44, 8, 3, 20.05
1564398122, 0, 325, 1221, 1151, 227, 49.87%, 44, 8, 3, 70.54
1564398147, 0, 332, 1221, 1150, 226, 49.87%, 44, 8, 3, 99.01
1564398152, 0, 336, 1221, 1149, 225, 49.87%, 44, 8, 3, 96.31
1564398168, 0, 336, 1222, 1150, 225, 49.87%, 44, 8, 3, 48.55
1564398173, 0, 338, 1222, 1149, 224, 49.87%, 44, 8, 3, 87.86
1564398188, 0, 340, 1222, 1148, 223, 49.87%, 44, 8, 3, 96.84
1564398199, 0, 340, 1223, 1149, 223, 49.88%, 44, 8, 3, 6.17
1564398204, 0, 340, 1224, 1150, 223, 49.92%, 44, 8, 3, 56.03
1564398209, 0, 343, 1224, 1149, 225, 49.92%, 44, 8, 3, 89.20
1564398219, 0, 344, 1224, 1148, 224, 49.92%, 44, 8, 3, 96.70
1564398239, 0, 348, 1224, 1147, 223, 49.92%, 44, 8, 3, 95.59
1564398249, 0, 348, 1225, 1148, 223, 49.99%, 44, 8, 3, 10.66
1564398255, 0, 348, 1227, 1150, 223, 49.99%, 44, 8, 3, 9.48
1564398260, 0, 348, 1228, 1151, 223, 49.99%, 44, 8, 3, 18.36
1564398265, 0, 348, 1229, 1152, 223, 49.99%, 44, 8, 3, 14.51
1564398270, 0, 348, 1231, 1154, 223, 50.01%, 44, 8, 3, 9.13
1564398275, 0, 348, 1233, 1156, 223, 50.04%, 44, 8, 3, 7.07
1564398280, 0, 348, 1235, 1158, 223, 50.11%, 44, 8, 3, 10.65
1564398285, 0, 348, 1236, 1159, 223, 50.11%, 44, 8, 3, 95.00
1564398290, 0, 348, 1238, 1161, 223, 50.30%, 44, 8, 3, 96.02
1564398295, 0, 349, 1238, 1160, 229, 50.30%, 44, 8, 3, 97.88
1564398306, 0, 349, 1239, 1161, 229, 50.30%, 44, 8, 3, 7.78
1564398311, 0, 349, 1241, 1163, 229, 50.30%, 44, 8, 3, 9.46
1564398316, 0, 349, 1243, 1165, 229, 50.30%, 45, 8, 3, 8.22
1564398321, 0, 349, 1246, 1168, 229, 50.30%, 45, 8, 3, 38.33
1564398326, 0, 349, 1247, 1169, 229, 50.30%, 45, 8, 3, 5.14
1564398331, 0, 349, 1248, 1170, 229, 50.31%, 45, 8, 3, 8.62
1564398336, 0, 350, 1248, 1169, 231, 50.31%, 45, 8, 3, 94.85
1564398352, 0, 350, 1249, 1170, 231, 50.31%, 45, 9, 3, 3.88
1564398357, 0, 352, 1249, 1169, 230, 50.31%, 46, 9, 3, 96.56
1564398373, 0, 352, 1250, 1170, 230, 50.31%, 46, 9, 3, 5.58
1564398378, 0, 356, 1250, 1169, 229, 50.31%, 46, 9, 3, 84.52
1564398388, 0, 356, 1252, 1171, 229, 50.31%, 46, 9, 3, 93.69
1564398398, 0, 356, 1253, 1172, 229, 50.31%, 46, 9, 3, 12.82
1564398403, 0, 356, 1255, 1174, 229, 50.31%, 46, 9, 3, 12.58
1564398409, 0, 356, 1256, 1175, 229, 50.33%, 47, 9, 3, 20.16
1564398414, 0, 356, 1258, 1177, 229, 50.42%, 47, 9, 3, 4.99
1564398419, 0, 356, 1260, 1179, 229, 50.44%, 47, 9, 3, 6.56
1564398424, 0, 356, 1262, 1181, 229, 50.44%, 47, 9, 3, 5.55
1564398429, 0, 356, 1265, 1184, 229, 50.46%, 47, 9, 3, 3.82
1564398434, 0, 356, 1267, 1186, 229, 50.48%, 47, 9, 3, 9.24
1564398440, 0, 356, 1268, 1187, 229, 50.48%, 48, 9, 3, 90.39
1564398445, 0, 356, 1269, 1188, 229, 50.48%, 48, 9, 3, 10.84
1564398450, 0, 358, 1269, 1187, 231, 50.48%, 48, 9, 3, 98.28
1564398465, 0, 359, 1269, 1186, 230, 50.48%, 48, 9, 3, 97.11
1564398480, 0, 359, 1271, 1188, 230, 50.65%, 48, 9, 3, 3.69
1564398485, 0, 359, 1273, 1190, 230, 50.65%, 48, 9, 3, 5.20
1564398490, 0, 359, 1274, 1191, 230, 50.65%, 48, 9, 3, 4.81
1564398496, 0, 359, 1275, 1192, 230, 50.65%, 48, 9, 3, 27.29
1564398501, 0, 359, 1276, 1193, 230, 50.65%, 48, 9, 3, 13.45
1564398506, 0, 359, 1278, 1195, 230, 50.65%, 48, 9, 3, 96.28
1564398511, 0, 360, 1278, 1194, 229, 50.65%, 48, 9, 3, 98.06
1564398521, 0, 364, 1278, 1193, 228, 50.65%, 48, 9, 3, 91.79
1564398542, 0, 364, 1280, 1195, 228, 50.65%, 48, 9, 4, 20.51
1564398547, 0, 365, 1280, 1194, 228, 50.65%, 48, 9, 4, 81.66
1564398563, 0, 365, 1282, 1196, 228, 50.65%, 48, 9, 4, 3.84
1564398568, 0, 365, 1284, 1198, 228, 50.66%, 48, 9, 4, 94.06
1564398573, 0, 373, 1285, 1198, 228, 50.66%, 48, 9, 4, 74.75
1564398588, 0, 373, 1287, 1200, 228, 50.66%, 48, 9, 4, 80.27
1564398594, 0, 373, 1290, 1203, 228, 50.66%, 48, 9, 4, 6.59
1564398599, 0, 373, 1292, 1205, 228, 50.66%, 48, 9, 4, 14.14
1564398604, 0, 373, 1293, 1206, 228, 50.67%, 48, 9, 4, 17.13
1564398609, 0, 373, 1295, 1208, 228, 50.67%, 48, 9, 4, 24.53
1564398619, 0, 373, 1296, 1209, 228, 50.67%, 48, 9, 4, 25.18
1564398625, 0, 375, 1296, 1208, 231, 50.67%, 48, 9, 4, 81.97
1564398640, 0, 382, 1297, 1208, 230, 50.67%, 48, 9, 4, 87.27
1564398655, 0, 382, 1298, 1209, 230, 50.67%, 48, 9, 4, 44.57
1564398660, 0, 382, 1301, 1212, 230, 50.70%, 48, 9, 4, 7.62
1564398665, 0, 382, 1302, 1213, 230, 50.70%, 48, 9, 4, 31.77
1564398670, 0, 382, 1305, 1216, 230, 50.70%, 48, 9, 4, 22.31
1564398675, 0, 382, 1307, 1218, 230, 50.70%, 48, 9, 4, 23.76
1564398681, 0, 382, 1308, 1219, 230, 50.71%, 48, 9, 4, 31.25
1564398686, 0, 382, 1310, 1221, 230, 50.71%, 48, 9, 4, 7.94
1564398691, 0, 382, 1312, 1223, 230, 50.71%, 48, 9, 4, 5.78
1564398696, 0, 382, 1314, 1225, 230, 50.72%, 48, 9, 4, 59.30
1564398701, 0, 400, 1315, 1225, 230, 50.72%, 48, 9, 4, 69.44
1564398722, 0, 400, 1316, 1226, 230, 50.73%, 48, 9, 4, 17.21
1564398727, 0, 420, 1317, 1226, 230, 50.73%, 48, 9, 4, 64.15
1564398742, 0, 420, 1318, 1227, 230, 50.74%, 48, 9, 4, 35.09
1564398747, 0, 420, 1320, 1229, 230, 50.74%, 48, 9, 4, 4.86
1564398752, 0, 420, 1321, 1230, 230, 50.74%, 48, 9, 4, 4.56
1564398757, 0, 424, 1322, 1230, 230, 50.74%, 48, 9, 4, 53.09
1564398773, 0, 424, 1323, 1231, 230, 50.74%, 48, 9, 4, 36.67
1564398778, 0, 424, 1325, 1233, 230, 50.74%, 48, 9, 4, 4.74
1564398783, 0, 424, 1327, 1235, 230, 50.74%, 48, 9, 4, 5.35
1564398788, 0, 424, 1328, 1236, 230, 50.74%, 48, 9, 4, 43.38
1564398794, 0, 426, 1328, 1235, 229, 50.74%, 48, 9, 4, 88.65
1564398809, 0, 427, 1330, 1236, 229, 50.74%, 48, 9, 4, 95.26
1564398824, 0, 427, 1331, 1237, 229, 50.74%, 48, 9, 4, 14.91
1564398829, 0, 427, 1333, 1239, 229, 50.74%, 48, 9, 4, 12.67
1564398835, 0, 427, 1334, 1240, 229, 50.74%, 48, 9, 4, 7.99
1564398840, 0, 427, 1335, 1241, 229, 50.75%, 48, 9, 4, 38.11
1564398845, 0, 427, 1336, 1242, 229, 50.75%, 48, 9, 4, 12.59
1564398850, 0, 427, 1338, 1244, 229, 50.76%, 48, 9, 4, 11.34
1564398855, 0, 427, 1339, 1245, 229, 50.76%, 48, 9, 4, 11.12
1564398860, 0, 427, 1340, 1246, 229, 50.76%, 48, 9, 4, 81.34
1564398865, 0, 427, 1343, 1249, 229, 50.76%, 48, 9, 4, 9.10
1564398871, 0, 427, 1344, 1250, 229, 50.76%, 48, 9, 4, 16.40
1564398876, 0, 427, 1345, 1251, 229, 50.76%, 48, 9, 4, 23.34
1564398881, 0, 427, 1346, 1252, 229, 50.76%, 48, 9, 4, 28.52
1564398886, 0, 427, 1349, 1255, 229, 50.76%, 48, 9, 4, 5.63
1564398891, 0, 427, 1352, 1258, 229, 50.76%, 48, 9, 4, 15.85
1564398896, 0, 437, 1352, 1257, 235, 50.76%, 48, 9, 4, 79.10
1564398901, 0, 437, 1354, 1259, 235, 50.76%, 48, 9, 4, 6.16
1564398906, 0, 437, 1357, 1262, 235, 50.77%, 48, 9, 4, 22.00
1564398916, 0, 437, 1358, 1263, 235, 50.77%, 48, 9, 4, 6.68
1564398922, 0, 457, 1359, 1263, 234, 50.77%, 48, 9, 4, 80.65
1564398942, 0, 457, 1361, 1265, 234, 50.77%, 48, 9, 4, 42.86
1564398947, 0, 457, 1362, 1266, 234, 50.77%, 48, 9, 4, 5.71
1564398952, 0, 460, 1362, 1265, 234, 50.77%, 48, 9, 4, 101.03
1564398962, 0, 460, 1363, 1266, 234, 50.77%, 48, 9, 4, 5.48
1564398967, 0, 460, 1364, 1267, 234, 50.77%, 48, 9, 4, 89.85
1564398973, 0, 460, 1367, 1270, 234, 50.77%, 48, 9, 4, 7.66
1564398978, 0, 464, 1367, 1269, 234, 50.77%, 49, 9, 4, 101.67
1564398998, 0, 464, 1368, 1270, 234, 50.77%, 49, 9, 4, 5.00
1564399003, 0, 472, 1368, 1269, 232, 50.77%, 49, 9, 4, 90.37
1564399018, 0, 472, 1369, 1270, 232, 50.77%, 49, 9, 4, 21.03
1564399023, 0, 472, 1371, 1272, 232, 50.77%, 49, 9, 4, 28.91
1564399028, 0, 472, 1373, 1274, 232, 50.77%, 49, 9, 4, 8.64
1564399034, 0, 473, 1373, 1273, 232, 50.77%, 49, 9, 4, 71.55
1564399049, 0, 473, 1376, 1276, 232, 50.77%, 49, 9, 4, 15.13
1564399054, 0, 473, 1377, 1277, 232, 50.77%, 49, 9, 4, 27.78
1564399059, 0, 473, 1378, 1278, 232, 50.77%, 49, 9, 4, 42.47
1564399064, 0, 473, 1379, 1279, 232, 50.78%, 49, 9, 4, 42.75
1564399070, 0, 473, 1381, 1281, 232, 50.78%, 49, 9, 4, 32.87
1564399075, 0, 473, 1382, 1282, 232, 50.78%, 49, 9, 4, 4.09
1564399080, 0, 473, 1384, 1284, 232, 50.78%, 49, 9, 4, 37.84
1564399085, 0, 473, 1385, 1285, 232, 50.78%, 49, 9, 4, 4.41
1564399090, 0, 473, 1386, 1286, 232, 50.78%, 49, 9, 4, 44.85
1564399095, 0, 473, 1388, 1288, 232, 50.78%, 49, 9, 4, 55.86
1564399101, 0, 474, 1389, 1288, 236, 50.78%, 49, 9, 4, 61.67
1564399116, 0, 474, 1390, 1289, 236, 50.78%, 49, 9, 4, 4.60
1564399121, 0, 474, 1392, 1291, 236, 50.78%, 49, 9, 4, 9.17
1564399127, 0, 474, 1394, 1293, 236, 50.82%, 49, 9, 4, 10.44
1564399132, 0, 474, 1395, 1294, 236, 50.82%, 49, 9, 4, 9.18
1564399142, 0, 474, 1396, 1295, 236, 50.82%, 49, 9, 4, 44.30
1564399147, 0, 475, 1397, 1295, 237, 50.82%, 49, 9, 4, 48.44
1564399168, 0, 476, 1397, 1294, 236, 50.82%, 49, 9, 4, 91.98
1564399183, 0, 476, 1399, 1296, 236, 50.82%, 49, 9, 4, 15.83
1564399188, 0, 476, 1400, 1297, 236, 50.82%, 49, 9, 4, 42.41
1564399193, 0, 476, 1402, 1299, 236, 50.83%, 49, 9, 4, 14.57
1564399198, 0, 478, 1403, 1299, 236, 50.83%, 49, 9, 4, 62.81
1564399214, 0, 478, 1404, 1300, 236, 50.85%, 49, 9, 4, 5.29
1564399219, 0, 478, 1406, 1302, 236, 50.85%, 49, 9, 4, 27.43
1564399224, 0, 478, 1408, 1304, 236, 50.85%, 49, 9, 4, 19.37
1564399229, 0, 478, 1410, 1306, 236, 50.85%, 49, 9, 4, 18.30
1564399234, 0, 484, 1411, 1306, 236, 50.85%, 49, 9, 4, 55.27
1564399249, 0, 484, 1412, 1307, 236, 50.85%, 49, 9, 4, 13.27
1564399255, 0, 484, 1414, 1309, 236, 50.86%, 49, 9, 4, 7.60
1564399260, 0, 484, 1416, 1311, 236, 50.86%, 49, 9, 4, 23.77
1564399265, 0, 484, 1417, 1312, 236, 50.86%, 49, 9, 4, 41.80
1564399270, 0, 484, 1418, 1313, 236, 50.86%, 49, 9, 4, 7.69
1564399275, 0, 484, 1419, 1314, 236, 50.86%, 49, 9, 4, 44.57
1564399280, 0, 484, 1421, 1316, 236, 50.86%, 49, 9, 4, 6.57
1564399285, 0, 484, 1422, 1317, 236, 50.86%, 49, 9, 4, 93.14
1564399290, 0, 492, 1422, 1316, 238, 50.86%, 49, 9, 4, 93.48
1564399306, 0, 492, 1424, 1318, 238, 50.86%, 49, 9, 4, 8.35
1564399311, 0, 492, 1427, 1321, 238, 50.87%, 49, 9, 4, 6.69
1564399321, 0, 496, 1427, 1320, 238, 50.87%, 50, 9, 4, 62.39
1564399337, 0, 496, 1428, 1321, 238, 50.95%, 50, 9, 4, 44.78
1564399342, 0, 496, 1430, 1323, 238, 50.95%, 50, 9, 4, 26.76
1564399347, 0, 496, 1432, 1325, 238, 50.95%, 50, 9, 4, 32.19
1564399352, 0, 498, 1433, 1325, 239, 50.95%, 50, 9, 4, 66.30
1564399368, 0, 498, 1434, 1326, 239, 50.95%, 50, 9, 4, 16.76
1564399373, 0, 498, 1435, 1327, 239, 50.95%, 50, 9, 4, 4.11
1564399378, 0, 500, 1435, 1326, 238, 50.95%, 53, 9, 4, 64.44
1564399398, 0, 500, 1438, 1329, 238, 50.96%, 53, 9, 4, 45.66
1564399404, 0, 503, 1438, 1328, 239, 50.96%, 53, 9, 4, 82.10
1564399419, 0, 503, 1441, 1331, 239, 50.96%, 53, 9, 4, 15.57
1564399424, 0, 503, 1442, 1332, 239, 50.96%, 53, 9, 4, 24.83
1564399429, 0, 503, 1443, 1333, 239, 50.96%, 53, 9, 4, 27.98
1564399434, 0, 503, 1444, 1334, 239, 50.96%, 53, 9, 4, 27.68
1564399439, 0, 503, 1446, 1336, 239, 50.97%, 53, 9, 4, 9.23
1564399444, 0, 503, 1447, 1337, 239, 50.97%, 53, 9, 4, 81.17
1564399449, 0, 503, 1449, 1339, 239, 50.98%, 53, 9, 4, 57.49
1564399455, 0, 503, 1452, 1342, 239, 50.99%, 53, 9, 4, 9.37
1564399460, 0, 503, 1453, 1343, 239, 50.99%, 53, 9, 4, 21.23
1564399465, 0, 508, 1454, 1343, 240, 50.99%, 53, 9, 4, 49.28
1564399485, 0, 508, 1456, 1345, 240, 50.99%, 53, 9, 4, 3.18
1564399491, 0, 508, 1458, 1347, 240, 50.99%, 53, 9, 4, 20.06
1564399496, 0, 508, 1459, 1348, 240, 50.99%, 53, 9, 4, 26.71
1564399501, 0, 508, 1460, 1349, 240, 50.99%, 53, 9, 4, 21.27
1564399506, 0, 508, 1462, 1351, 240, 50.99%, 53, 9, 4, 5.73
1564399511, 0, 508, 1463, 1352, 240, 50.99%, 53, 9, 4, 11.15
1564399516, 0, 508, 1464, 1353, 240, 51.05%, 53, 9, 4, 16.24
1564399522, 0, 508, 1466, 1355, 240, 51.05%, 53, 9, 4, 12.38
1564399527, 0, 513, 1466, 1354, 241, 51.05%, 53, 9, 4, 98.12
1564399542, 0, 513, 1469, 1357, 241, 51.05%, 53, 9, 4, 7.43
1564399547, 0, 513, 1471, 1359, 241, 51.06%, 53, 9, 4, 6.12
1564399552, 0, 513, 1472, 1360, 241, 51.07%, 53, 9, 4, 36.28
1564399557, 0, 513, 1473, 1361, 241, 51.07%, 53, 9, 4, 7.17
1564399563, 0, 513, 1475, 1363, 241, 51.08%, 53, 9, 4, 14.27
1564399568, 0, 513, 1476, 1364, 241, 51.08%, 53, 9, 4, 30.05
1564399578, 0, 513, 1480, 1368, 241, 51.13%, 53, 9, 4, 28.41
1564399589, 0, 523, 1480, 1367, 244, 51.13%, 53, 9, 4, 74.73
1564399604, 0, 523, 1481, 1368, 244, 51.13%, 53, 9, 4, 38.37
1564399609, 0, 523, 1483, 1370, 244, 51.13%, 53, 9, 4, 40.31
1564399615, 0, 524, 1483, 1369, 241, 51.13%, 53, 9, 4, 83.68
1564399630, 0, 524, 1484, 1370, 241, 51.13%, 53, 9, 4, 11.49
1564399635, 0, 524, 1487, 1373, 241, 51.14%, 53, 9, 4, 6.35
1564399640, 0, 524, 1488, 1374, 241, 51.14%, 53, 9, 4, 16.99
1564399645, 0, 524, 1491, 1377, 241, 51.17%, 53, 9, 4, 5.22
1564399650, 0, 524, 1492, 1378, 241, 51.17%, 53, 9, 4, 86.65
1564399655, 0, 524, 1494, 1380, 241, 51.17%, 53, 9, 4, 5.87
1564399660, 0, 525, 1495, 1380, 245, 51.17%, 53, 9, 4, 66.93
1564399676, 0, 525, 1497, 1382, 245, 51.17%, 53, 9, 4, 7.49
1564399687, 0, 525, 1499, 1384, 245, 51.17%, 53, 9, 4, 39.93
1564399692, 0, 528, 1499, 1383, 244, 51.17%, 53, 9, 4, 86.69
1564399702, 0, 528, 1500, 1384, 244, 51.17%, 53, 9, 4, 10.20
1564399707, 0, 528, 1501, 1385, 244, 51.18%, 53, 9, 4, 24.76
1564399713, 0, 528, 1503, 1387, 244, 51.18%, 53, 9, 4, 6.70
1564399718, 0, 530, 1503, 1386, 243, 51.18%, 53, 9, 4, 93.74
1564399733, 0, 530, 1504, 1387, 243, 51.18%, 53, 9, 4, 16.85
1564399738, 0, 530, 1506, 1389, 243, 51.19%, 53, 9, 4, 12.29
1564399744, 0, 530, 1507, 1390, 243, 51.19%, 53, 9, 4, 16.81
1564399749, 0, 543, 1507, 1389, 243, 51.19%, 53, 9, 4, 102.27
1564399764, 0, 543, 1508, 1390, 243, 51.19%, 53, 9, 4, 6.08
1564399769, 0, 544, 1508, 1389, 241, 51.19%, 53, 9, 4, 77.10
1564399784, 0, 544, 1510, 1391, 241, 51.19%, 53, 9, 4, 4.37
1564399790, 0, 544, 1512, 1393, 241, 51.19%, 53, 9, 4, 19.13
1564399795, 0, 544, 1513, 1394, 241, 51.19%, 53, 9, 4, 20.14
1564399800, 0, 544, 1515, 1396, 241, 51.19%, 53, 9, 4, 22.37
1564399805, 0, 545, 1515, 1395, 242, 51.19%, 53, 9, 4, 75.35
1564399820, 0, 545, 1517, 1397, 242, 51.19%, 53, 9, 4, 43.25
1564399825, 0, 545, 1520, 1400, 242, 51.19%, 53, 9, 4, 4.97
1564399830, 0, 545, 1521, 1401, 242, 51.19%, 53, 9, 4, 72.27
1564399835, 0, 564, 1521, 1400, 242, 51.19%, 53, 9, 4, 93.13
1564399856, 0, 565, 1521, 1399, 241, 51.19%, 53, 9, 4, 83.24
1564399871, 0, 565, 1522, 1400, 241, 51.19%, 53, 9, 4, 6.56
1564399876, 0, 565, 1523, 1401, 241, 51.19%, 53, 9, 4, 7.02
1564399881, 0, 567, 1523, 1400, 241, 51.19%, 53, 9, 4, 81.53
1564399896, 0, 567, 1525, 1402, 241, 51.19%, 53, 9, 4, 5.33
1564399902, 0, 567, 1526, 1403, 241, 51.19%, 53, 9, 4, 52.46
1564399907, 0, 567, 1528, 1405, 241, 51.20%, 53, 9, 4, 7.29
1564399912, 0, 567, 1529, 1406, 241, 51.20%, 53, 9, 4, 52.63
1564399917, 0, 574, 1529, 1405, 241, 51.20%, 53, 9, 4, 77.53
1564399933, 0, 574, 1531, 1407, 241, 51.20%, 53, 9, 4, 10.56
1564399938, 0, 574, 1532, 1408, 241, 51.20%, 53, 9, 4, 19.58
1564399943, 0, 574, 1533, 1409, 241, 51.20%, 53, 9, 4, 30.43
1564399948, 0, 579, 1533, 1408, 242, 51.20%, 53, 9, 4, 86.40
1564399964, 0, 579, 1535, 1410, 242, 51.20%, 53, 9, 4, 4.33
1564399969, 0, 581, 1535, 1409, 241, 51.20%, 53, 9, 4, 67.49
1564399984, 0, 581, 1536, 1410, 241, 51.20%, 53, 9, 4, 52.06
1564399989, 0, 581, 1537, 1411, 241, 51.20%, 53, 9, 4, 20.10
1564399994, 0, 581, 1539, 1413, 241, 51.20%, 53, 9, 4, 33.09
1564399999, 0, 586, 1539, 1412, 241, 51.20%, 53, 9, 4, 74.41
1564400015, 0, 586, 1540, 1413, 241, 51.20%, 53, 9, 4, 17.15
1564400020, 0, 586, 1542, 1415, 241, 51.20%, 53, 9, 4, 5.31
1564400025, 0, 586, 1544, 1417, 241, 51.20%, 53, 9, 4, 5.25
1564400030, 0, 586, 1545, 1418, 241, 51.21%, 53, 9, 4, 37.92
1564400036, 0, 591, 1545, 1417, 241, 51.21%, 53, 9, 4, 97.13
1564400051, 0, 591, 1546, 1418, 241, 51.21%, 53, 9, 4, 12.07
1564400056, 0, 591, 1548, 1420, 241, 51.21%, 53, 9, 4, 45.91
1564400067, 0, 602, 1548, 1419, 241, 51.21%, 53, 9, 4, 37.89
1564400072, 0, 618, 1548, 1418, 240, 51.21%, 53, 9, 4, 66.77
1564400087, 0, 618, 1549, 1419, 240, 51.21%, 53, 9, 4, 14.84
1564400092, 0, 618, 1551, 1421, 240, 51.21%, 53, 9, 4, 4.74
1564400098, 0, 618, 1554, 1424, 240, 51.21%, 53, 9, 4, 44.71
1564400103, 0, 638, 1554, 1423, 241, 51.21%, 53, 9, 4, 88.01
1564400118, 0, 638, 1555, 1424, 241, 51.23%, 53, 9, 4, 88.45
1564400123, 0, 639, 1555, 1423, 241, 51.23%, 53, 9, 4, 95.44
1564400138, 0, 639, 1556, 1424, 241, 51.23%, 53, 9, 4, 7.00
1564400143, 0, 639, 1557, 1425, 241, 51.23%, 53, 10, 4, 7.66
1564400148, 0, 639, 1559, 1427, 241, 51.23%, 53, 10, 4, 12.81
1564400153, 0, 653, 1560, 1427, 241, 51.23%, 53, 10, 4, 35.37
1564400174, 0, 653, 1563, 1430, 241, 51.26%, 53, 10, 4, 3.94
1564400179, 0, 653, 1564, 1431, 241, 51.26%, 53, 10, 4, 21.11
1564400184, 0, 653, 1565, 1432, 241, 51.26%, 53, 10, 4, 35.59
1564400189, 0, 655, 1566, 1432, 243, 51.26%, 53, 10, 4, 58.77
1564400205, 0, 655, 1567, 1433, 243, 51.26%, 53, 10, 4, 8.86
1564400210, 0, 655, 1568, 1434, 243, 51.26%, 53, 10, 4, 5.56
1564400215, 0, 655, 1570, 1436, 243, 51.26%, 53, 10, 4, 4.61
1564400220, 0, 655, 1571, 1437, 243, 51.26%, 53, 10, 4, 12.98
1564400225, 0, 666, 1572, 1437, 242, 51.26%, 53, 10, 4, 96.49
1564400241, 0, 666, 1573, 1438, 242, 51.28%, 53, 10, 4, 6.62
1564400246, 0, 666, 1575, 1440, 242, 51.29%, 53, 10, 4, 30.20
1564400251, 0, 666, 1576, 1441, 242, 51.29%, 53, 10, 4, 33.62
1564400256, 0, 673, 1576, 1440, 243, 51.29%, 53, 10, 4, 100.01
1564400271, 0, 673, 1576, 1440, 243, 51.29%, 54, 10, 4, 18.21
1564400277, 0, 673, 1577, 1441, 243, 51.33%, 54, 10, 4, 34.33
1564400282, 0, 678, 1578, 1441, 242, 51.33%, 54, 10, 4, 62.31
1564400297, 0, 678, 1579, 1442, 242, 51.34%, 54, 10, 4, 4.04
1564400302, 0, 678, 1581, 1444, 242, 51.35%, 54, 10, 4, 23.37
1564400307, 0, 678, 1582, 1445, 242, 51.35%, 54, 10, 4, 31.82
1564400312, 0, 678, 1584, 1447, 242, 51.36%, 54, 10, 4, 25.07
1564400318, 0, 678, 1585, 1448, 242, 51.38%, 54, 10, 4, 32.64
1564400323, 0, 678, 1587, 1450, 242, 51.38%, 54, 10, 4, 25.45
1564400328, 0, 678, 1589, 1452, 242, 51.39%, 54, 10, 4, 22.56
1564400333, 0, 678, 1591, 1454, 242, 51.39%, 54, 10, 4, 16.77
1564400338, 0, 678, 1592, 1455, 242, 51.39%, 54, 10, 4, 20.28
1564400343, 0, 678, 1594, 1457, 242, 51.39%, 54, 10, 4, 3.88
1564400348, 0, 678, 1595, 1458, 242, 51.39%, 54, 10, 4, 5.92
1564400353, 0, 678, 1596, 1459, 242, 51.39%, 54, 10, 4, 35.69
1564400359, 0, 693, 1597, 1459, 250, 51.39%, 54, 10, 4, 40.30
1564400384, 0, 693, 1600, 1462, 250, 51.39%, 54, 10, 4, 18.95
1564400389, 0, 693, 1602, 1464, 250, 51.40%, 54, 10, 4, 26.26
1564400395, 0, 693, 1603, 1465, 250, 51.40%, 54, 10, 4, 24.73
1564400400, 0, 693, 1604, 1466, 250, 51.40%, 54, 10, 4, 29.56
1564400405, 0, 694, 1605, 1466, 251, 51.40%, 54, 10, 4, 42.89
1564400420, 0, 694, 1606, 1467, 251, 51.40%, 54, 10, 4, 7.37
1564400425, 0, 694, 1607, 1468, 251, 51.40%, 54, 10, 4, 18.94
1564400430, 0, 705, 1607, 1467, 251, 51.40%, 54, 10, 4, 39.48
1564400445, 0, 705, 1607, 1467, 251, 51.40%, 55, 10, 4, 80.72
1564400450, 0, 705, 1608, 1468, 251, 51.40%, 55, 10, 4, 4.57
1564400456, 0, 706, 1608, 1467, 250, 51.40%, 55, 10, 4, 48.36
1564400476, 0, 708, 1608, 1466, 249, 51.40%, 56, 10, 4, 77.95
1564400491, 0, 708, 1609, 1467, 249, 51.40%, 56, 10, 4, 12.56
1564400496, 0, 708, 1610, 1468, 249, 51.40%, 56, 10, 4, 13.05
1564400501, 0, 708, 1613, 1471, 249, 51.40%, 56, 10, 4, 47.35
1564400506, 0, 708, 1614, 1472, 249, 51.40%, 56, 10, 4, 36.67
1564400511, 0, 708, 1616, 1474, 249, 51.40%, 56, 10, 4, 5.47
1564400517, 0, 708, 1618, 1476, 249, 51.40%, 56, 10, 4, 15.13
1564400527, 0, 727, 1618, 1475, 249, 51.40%, 56, 10, 4, 76.08
1564400547, 0, 727, 1621, 1478, 249, 51.40%, 57, 10, 4, 91.91
1564400553, 0, 740, 1621, 1477, 249, 51.40%, 57, 10, 4, 101.68
1564400568, 0, 740, 1622, 1478, 249, 51.40%, 57, 10, 4, 21.06
1564400573, 0, 740, 1625, 1481, 249, 51.42%, 57, 10, 4, 18.97
1564400578, 0, 740, 1626, 1482, 249, 51.42%, 57, 10, 4, 23.67
1564400583, 0, 740, 1627, 1483, 249, 51.42%, 57, 10, 4, 34.50
1564400588, 0, 746, 1628, 1483, 249, 51.42%, 57, 10, 4, 99.74
1564400604, 0, 746, 1629, 1484, 249, 51.42%, 57, 10, 4, 8.00
1564400614, 0, 746, 1631, 1486, 249, 51.44%, 57, 10, 4, 35.54
1564400619, 0, 746, 1632, 1487, 249, 51.44%, 57, 10, 4, 8.09
1564400625, 0, 752, 1632, 1486, 249, 51.44%, 57, 10, 4, 98.10
1564400640, 0, 752, 1634, 1488, 249, 51.44%, 57, 10, 4, 51.05
1564400645, 0, 754, 1634, 1487, 248, 51.44%, 57, 10, 4, 47.00
1564400665, 0, 754, 1635, 1488, 248, 51.44%, 57, 10, 4, 5.12
1564400671, 0, 763, 1635, 1487, 247, 51.44%, 57, 10, 4, 79.71
1564400691, 0, 770, 1635, 1486, 246, 51.44%, 57, 10, 4, 88.85
1564400706, 0, 770, 1636, 1487, 246, 51.44%, 57, 10, 4, 45.70
1564400712, 0, 770, 1637, 1488, 246, 51.44%, 57, 10, 4, 50.48
1564400717, 0, 770, 1639, 1490, 246, 51.52%, 57, 10, 4, 3.09
1564400722, 0, 772, 1639, 1489, 246, 51.52%, 57, 10, 4, 73.97
1564400737, 0, 772, 1641, 1491, 246, 51.53%, 57, 10, 4, 8.40
1564400747, 0, 779, 1641, 1490, 245, 51.53%, 57, 10, 4, 99.89
1564400768, 0, 779, 1643, 1492, 245, 51.53%, 57, 10, 4, 6.04
1564400773, 0, 782, 1643, 1491, 244, 51.53%, 57, 10, 4, 98.80
1564400788, 0, 782, 1644, 1492, 244, 51.53%, 57, 10, 4, 20.65
1564400793, 0, 782, 1645, 1493, 244, 51.53%, 57, 10, 4, 3.68
1564400799, 0, 782, 1646, 1494, 244, 51.53%, 58, 10, 4, 4.65
1564400804, 0, 795, 1646, 1493, 244, 51.53%, 58, 10, 4, 92.81
1564400824, 0, 795, 1647, 1494, 244, 51.53%, 58, 10, 4, 22.95
1564400829, 0, 795, 1649, 1496, 244, 51.53%, 58, 10, 4, 3.87
1564400834, 0, 795, 1650, 1497, 244, 51.53%, 59, 10, 4, 28.68
1564400839, 0, 801, 1650, 1496, 243, 51.53%, 59, 10, 4, 65.23
1564400855, 0, 801, 1650, 1496, 243, 51.53%, 60, 10, 4, 9.01
1564400860, 0, 801, 1653, 1499, 243, 51.53%, 60, 10, 4, 8.04
1564400865, 0, 801, 1655, 1501, 243, 51.54%, 60, 10, 4, 6.31
1564400870, 0, 801, 1656, 1502, 243, 51.54%, 60, 10, 4, 4.94
1564400875, 0, 810, 1657, 1502, 243, 51.55%, 60, 10, 4, 100.00
1564400896, 0, 810, 1659, 1504, 243, 51.55%, 60, 10, 4, 29.97
1564400901, 0, 810, 1662, 1507, 243, 51.55%, 60, 10, 4, 28.32
1564400906, 0, 815, 1662, 1506, 244, 51.55%, 60, 10, 4, 71.39
1564400927, 0, 815, 1663, 1507, 244, 51.55%, 60, 10, 4, 17.94
1564400932, 0, 823, 1663, 1506, 243, 51.55%, 60, 10, 4, 81.76
1564400947, 0, 823, 1666, 1509, 243, 51.55%, 60, 10, 4, 99.14
1564400953, 0, 823, 1668, 1511, 243, 51.55%, 60, 10, 4, 5.75
1564400958, 0, 823, 1669, 1512, 243, 51.55%, 60, 10, 4, 6.60
1564400963, 0, 825, 1669, 1511, 241, 51.55%, 60, 10, 4, 34.39
1564400989, 0, 830, 1669, 1510, 240, 51.55%, 60, 10, 4, 87.40
1564401004, 0, 830, 1670, 1511, 240, 51.55%, 60, 10, 4, 36.18
1564401014, 0, 852, 1671, 1511, 240, 51.55%, 60, 10, 4, 54.01
1564401041, 0, 852, 1673, 1513, 240, 51.55%, 60, 10, 4, 11.26
1564401046, 0, 857, 1673, 1512, 239, 51.55%, 60, 10, 4, 26.44
1564401081, 0, 859, 1673, 1511, 238, 51.55%, 60, 10, 4, 99.21
1564401097, 0, 859, 1674, 1512, 238, 51.55%, 60, 10, 4, 80.41
1564401102, 0, 859, 1676, 1514, 238, 51.55%, 60, 10, 4, 4.12
1564401107, 0, 866, 1676, 1513, 238, 51.55%, 60, 10, 4, 72.41
1564401127, 0, 866, 1677, 1514, 238, 51.55%, 60, 11, 4, 5.79
1564401132, 0, 866, 1678, 1515, 238, 51.55%, 60, 11, 4, 7.75
1564401138, 0, 866, 1679, 1516, 238, 51.55%, 60, 11, 4, 10.05
1564401143, 0, 866, 1680, 1517, 238, 51.55%, 60, 11, 4, 4.63
1564401148, 0, 866, 1681, 1518, 238, 51.55%, 60, 11, 4, 25.15
1564401153, 0, 871, 1681, 1517, 239, 51.55%, 60, 11, 4, 99.93
1564401168, 0, 871, 1682, 1518, 239, 51.55%, 60, 11, 4, 11.72
1564401173, 0, 871, 1683, 1519, 239, 51.55%, 60, 11, 4, 11.78
1564401179, 0, 882, 1683, 1518, 237, 51.55%, 60, 11, 4, 87.38
1564401199, 0, 882, 1685, 1520, 237, 51.56%, 60, 11, 4, 40.13
1564401204, 0, 883, 1685, 1519, 237, 51.56%, 60, 11, 4, 56.79
1564401219, 0, 883, 1686, 1520, 237, 51.56%, 60, 11, 4, 4.80
1564401224, 0, 883, 1688, 1522, 237, 51.56%, 60, 11, 4, 50.47
1564401229, 0, 883, 1689, 1523, 237, 51.57%, 60, 11, 4, 14.35
1564401235, 0, 883, 1690, 1524, 237, 51.57%, 60, 11, 4, 18.74
1564401240, 0, 883, 1691, 1525, 237, 51.57%, 60, 11, 4, 81.47
1564401250, 0, 883, 1692, 1526, 237, 51.57%, 60, 11, 4, 39.50
1564401255, 0, 883, 1694, 1528, 237, 51.57%, 60, 11, 4, 8.60
1564401260, 0, 883, 1696, 1530, 237, 51.57%, 60, 11, 4, 17.65
1564401265, 0, 883, 1698, 1532, 237, 51.57%, 60, 11, 4, 20.89
1564401270, 0, 883, 1700, 1534, 237, 51.57%, 60, 11, 4, 23.78
1564401276, 0, 883, 1701, 1535, 237, 51.57%, 60, 11, 4, 35.36
1564401281, 0, 883, 1704, 1538, 237, 51.57%, 60, 11, 4, 28.10
1564401291, 0, 884, 1704, 1537, 242, 51.57%, 60, 11, 4, 77.34
1564401306, 0, 884, 1705, 1538, 242, 51.57%, 60, 11, 4, 19.26
1564401311, 0, 884, 1707, 1540, 242, 51.57%, 60, 11, 4, 30.88
1564401317, 0, 884, 1708, 1541, 242, 51.57%, 60, 11, 4, 15.73
1564401322, 0, 907, 1708, 1540, 242, 51.57%, 60, 11, 4, 99.71
1564401337, 0, 907, 1709, 1541, 242, 51.57%, 60, 11, 4, 20.95
1564401342, 0, 907, 1711, 1543, 242, 51.57%, 60, 11, 4, 4.83
1564401347, 0, 918, 1711, 1542, 242, 51.57%, 60, 11, 4, 76.47
1564401368, 0, 918, 1713, 1544, 242, 51.57%, 60, 11, 4, 3.91
1564401378, 0, 926, 1713, 1543, 243, 51.57%, 60, 11, 4, 84.12
1564401393, 0, 926, 1715, 1545, 243, 51.57%, 60, 11, 4, 9.45
1564401398, 0, 926, 1716, 1546, 243, 51.59%, 60, 11, 4, 18.77
1564401404, 0, 926, 1717, 1547, 243, 51.59%, 60, 11, 4, 32.78
1564401409, 0, 930, 1717, 1546, 244, 51.59%, 60, 11, 4, 86.15
1564401424, 0, 930, 1718, 1547, 244, 51.59%, 60, 11, 4, 15.21
1564401429, 0, 931, 1718, 1546, 243, 51.59%, 60, 11, 4, 65.36
1564401445, 0, 931, 1719, 1547, 243, 51.59%, 60, 11, 4, 27.64
1564401455, 0, 932, 1719, 1546, 242, 51.59%, 60, 11, 4, 87.13
1564401465, 0, 932, 1720, 1547, 242, 51.59%, 60, 11, 4, 8.84
1564401475, 0, 933, 1720, 1546, 241, 51.59%, 60, 11, 4, 70.77
1564401496, 0, 933, 1721, 1547, 241, 51.59%, 60, 11, 4, 42.07
1564401501, 0, 938, 1721, 1546, 240, 51.59%, 60, 11, 4, 82.42
1564401516, 0, 938, 1724, 1549, 240, 51.59%, 60, 11, 4, 10.33
1564401521, 0, 938, 1726, 1551, 240, 51.69%, 60, 11, 4, 15.35
1564401527, 0, 938, 1728, 1553, 240, 51.69%, 60, 11, 4, 13.37
1564401537, 0, 938, 1730, 1555, 240, 51.70%, 60, 11, 4, 39.83
1564401542, 0, 938, 1732, 1557, 240, 51.70%, 60, 11, 4, 4.95
1564401548, 0, 938, 1733, 1558, 240, 51.70%, 60, 11, 4, 5.03
1564401553, 0, 938, 1734, 1559, 240, 51.70%, 60, 11, 4, 14.78
1564401558, 0, 938, 1736, 1561, 240, 51.70%, 60, 11, 4, 5.17
1564401563, 0, 940, 1737, 1561, 240, 51.70%, 60, 11, 4, 47.26
1564401584, 0, 940, 1739, 1563, 240, 51.70%, 60, 11, 4, 21.80
1564401589, 0, 940, 1740, 1564, 240, 51.70%, 60, 11, 4, 3.88
1564401594, 0, 950, 1740, 1563, 240, 51.70%, 60, 11, 4, 99.21
1564401609, 0, 950, 1741, 1564, 240, 51.70%, 60, 11, 4, 3.90
1564401614, 0, 950, 1742, 1565, 240, 51.70%, 60, 11, 4, 82.62
1564401619, 0, 950, 1743, 1566, 240, 51.71%, 60, 11, 4, 12.35
1564401624, 0, 952, 1743, 1565, 241, 51.71%, 60, 11, 4, 100.24
1564401640, 0, 954, 1743, 1564, 240, 51.71%, 60, 11, 4, 84.80
1564401655, 0, 954, 1744, 1565, 240, 51.72%, 60, 11, 4, 12.32
1564401660, 0, 954, 1745, 1566, 240, 51.72%, 60, 11, 4, 19.68
1564401665, 0, 954, 1748, 1569, 240, 51.72%, 60, 11, 4, 20.50
1564401671, 0, 954, 1749, 1570, 240, 51.72%, 60, 11, 4, 32.27
1564401676, 0, 962, 1749, 1569, 242, 51.72%, 60, 11, 4, 86.78
1564401691, 0, 962, 1750, 1570, 242, 51.72%, 60, 11, 4, 32.87
1564401696, 0, 975, 1750, 1569, 241, 51.72%, 60, 11, 4, 101.81
1564401712, 0, 975, 1751, 1570, 241, 51.72%, 60, 11, 4, 16.51
1564401717, 0, 975, 1752, 1571, 241, 51.72%, 60, 11, 4, 22.39
1564401722, 0, 976, 1753, 1571, 240, 51.72%, 60, 11, 4, 47.39
1564401737, 0, 976, 1754, 1572, 240, 51.72%, 60, 11, 4, 4.92
1564401742, 0, 976, 1756, 1574, 240, 51.74%, 60, 11, 4, 3.68
1564401748, 0, 979, 1756, 1573, 242, 51.74%, 60, 11, 4, 93.88
1564401768, 0, 979, 1757, 1574, 242, 51.74%, 61, 11, 4, 71.10
1564401773, 0, 981, 1757, 1573, 241, 51.74%, 61, 11, 4, 99.40
1564401788, 0, 981, 1758, 1574, 241, 51.74%, 61, 11, 4, 15.58
1564401794, 0, 984, 1758, 1573, 240, 51.74%, 62, 11, 4, 35.84
1564401814, 0, 984, 1761, 1576, 240, 51.74%, 62, 11, 4, 10.32
1564401819, 0, 984, 1762, 1577, 240, 51.74%, 62, 11, 4, 18.07
1564401829, 0, 986, 1762, 1576, 240, 51.74%, 62, 11, 4, 84.36
1564401845, 0, 986, 1763, 1577, 240, 51.74%, 62, 11, 4, 4.93
1564401850, 0, 986, 1764, 1578, 240, 51.74%, 62, 11, 4, 3.20
1564401855, 0, 990, 1764, 1577, 239, 51.74%, 62, 11, 4, 68.49
1564401870, 0, 990, 1765, 1578, 239, 51.74%, 62, 11, 4, 9.83
1564401876, 0, 990, 1768, 1581, 239, 51.74%, 62, 11, 4, 9.40
1564401881, 0, 990, 1769, 1582, 239, 51.74%, 62, 11, 4, 8.45
1564401886, 0, 990, 1770, 1583, 239, 51.74%, 62, 11, 4, 58.66
1564401891, 0, 990, 1771, 1584, 239, 51.74%, 62, 11, 4, 38.29
1564401896, 0, 990, 1773, 1586, 239, 51.74%, 62, 11, 4, 100.48
1564401901, 0, 990, 1774, 1587, 239, 51.74%, 62, 11, 4, 10.36
1564401906, 0, 990, 1775, 1588, 239, 51.74%, 62, 11, 4, 3.69
1564401911, 0, 990, 1776, 1589, 239, 51.74%, 62, 11, 4, 3.48
1564401917, 0, 990, 1777, 1590, 239, 51.74%, 62, 11, 4, 30.27
1564401922, 0, 990, 1779, 1592, 239, 51.74%, 62, 11, 4, 5.15
1564401927, 0, 990, 1780, 1593, 239, 51.74%, 62, 11, 4, 27.70
1564401932, 0, 1008, 1781, 1593, 240, 51.74%, 62, 11, 4, 96.15
1564401947, 0, 1008, 1782, 1594, 240, 51.74%, 62, 11, 4, 89.81
1564401953, 0, 1008, 1784, 1596, 240, 51.74%, 62, 11, 4, 6.29
1564401958, 0, 1008, 1786, 1598, 240, 51.75%, 62, 11, 4, 10.03
1564401968, 0, 1008, 1787, 1599, 240, 51.75%, 62, 11, 4, 16.59
1564401973, 0, 1016, 1787, 1598, 240, 51.75%, 63, 11, 4, 71.13
1564401988, 0, 1016, 1788, 1599, 240, 51.75%, 63, 11, 4, 5.64
1564401993, 0, 1016, 1791, 1602, 240, 51.75%, 63, 11, 4, 28.88
1564401998, 0, 1016, 1791, 1602, 240, 51.75%, 64, 11, 4, 13.89
1564402004, 0, 1016, 1793, 1604, 240, 51.75%, 64, 11, 4, 11.93
1564402009, 0, 1016, 1794, 1605, 240, 51.75%, 64, 11, 4, 30.47
1564402014, 0, 1016, 1796, 1607, 240, 51.75%, 64, 11, 4, 38.83
1564402019, 0, 1016, 1797, 1608, 240, 51.75%, 64, 11, 4, 34.16
1564402024, 0, 1016, 1799, 1610, 240, 51.75%, 64, 11, 4, 24.72
1564402034, 0, 1022, 1799, 1609, 241, 51.75%, 64, 11, 4, 79.29
1564402050, 0, 1022, 1800, 1610, 241, 51.75%, 64, 11, 4, 39.58
1564402055, 0, 1022, 1802, 1612, 241, 51.75%, 64, 11, 4, 71.32
1564402060, 0, 1034, 1803, 1612, 242, 51.75%, 64, 11, 4, 69.25
1564402076, 0, 1034, 1804, 1613, 242, 51.75%, 64, 11, 4, 7.79
1564402086, 0, 1039, 1804, 1612, 241, 51.75%, 64, 11, 4, 98.22
1564402106, 0, 1039, 1806, 1614, 241, 51.76%, 64, 11, 4, 42.38
1564402111, 0, 1039, 1808, 1616, 241, 51.76%, 64, 11, 4, 11.42
1564402116, 0, 1041, 1808, 1615, 242, 51.76%, 64, 11, 4, 99.20
1564402137, 0, 1042, 1809, 1615, 241, 51.76%, 64, 11, 4, 62.92
1564402152, 0, 1042, 1810, 1616, 241, 51.76%, 64, 11, 4, 47.94
1564402157, 0, 1042, 1812, 1618, 241, 51.76%, 65, 11, 4, 38.83
1564402168, 0, 1044, 1812, 1617, 241, 51.76%, 65, 11, 4, 98.97
1564402178, 0, 1044, 1813, 1618, 241, 51.76%, 65, 11, 4, 94.21
1564402183, 0, 1044, 1814, 1619, 241, 51.76%, 65, 11, 4, 44.44
1564402188, 0, 1046, 1815, 1619, 240, 51.76%, 65, 11, 4, 46.69
1564402208, 0, 1046, 1816, 1620, 240, 51.76%, 65, 11, 4, 18.62
1564402214, 0, 1046, 1819, 1623, 240, 51.76%, 65, 11, 4, 22.01
1564402219, 0, 1048, 1819, 1622, 241, 51.76%, 65, 11, 4, 77.54
1564402234, 0, 1048, 1820, 1623, 241, 51.76%, 65, 11, 4, 46.14
1564402239, 0, 1050, 1820, 1622, 240, 51.76%, 65, 11, 4, 94.18
1564402254, 0, 1050, 1821, 1623, 240, 51.76%, 65, 11, 4, 10.58
1564402260, 0, 1050, 1822, 1624, 240, 51.76%, 66, 11, 4, 15.91
1564402265, 0, 1050, 1823, 1625, 240, 51.76%, 66, 11, 4, 12.46
1564402270, 0, 1053, 1823, 1624, 239, 51.76%, 66, 11, 4, 99.30
1564402285, 0, 1053, 1825, 1626, 239, 51.77%, 66, 11, 4, 17.41
1564402291, 0, 1053, 1826, 1627, 239, 51.77%, 66, 11, 4, 19.20
1564402296, 0, 1053, 1828, 1629, 239, 51.77%, 67, 11, 4, 9.03
1564402301, 0, 1053, 1829, 1630, 239, 51.77%, 67, 12, 4, 11.75
1564402306, 0, 1057, 1829, 1629, 240, 51.77%, 67, 12, 4, 99.08
1564402327, 0, 1057, 1830, 1630, 240, 51.77%, 68, 12, 4, 2.93
1564402332, 0, 1057, 1832, 1632, 240, 51.77%, 68, 12, 4, 33.32
1564402337, 0, 1059, 1832, 1631, 239, 51.77%, 68, 12, 4, 85.90
1564402352, 0, 1059, 1833, 1632, 239, 51.77%, 68, 12, 4, 5.30
1564402357, 0, 1059, 1834, 1633, 239, 51.77%, 68, 12, 4, 16.74
1564402363, 0, 1059, 1835, 1634, 239, 51.77%, 68, 12, 4, 15.56
1564402368, 0, 1068, 1835, 1633, 239, 51.77%, 68, 12, 4, 99.42
1564402383, 0, 1068, 1836, 1634, 239, 51.77%, 68, 12, 4, 55.54
1564402388, 0, 1068, 1838, 1636, 239, 51.81%, 68, 12, 4, 6.78
1564402393, 0, 1068, 1840, 1638, 239, 51.81%, 68, 12, 4, 34.05
1564402398, 0, 1077, 1840, 1637, 240, 51.81%, 68, 12, 4, 79.39
1564402414, 0, 1077, 1841, 1638, 240, 51.81%, 68, 12, 4, 9.13
1564402419, 0, 1077, 1842, 1639, 240, 51.81%, 68, 12, 4, 25.82
1564402424, 0, 1078, 1842, 1638, 239, 51.81%, 68, 12, 4, 70.14
1564402439, 0, 1078, 1844, 1640, 239, 51.81%, 68, 12, 4, 13.82
1564402444, 0, 1078, 1845, 1641, 239, 51.81%, 68, 12, 4, 12.47
1564402449, 0, 1078, 1846, 1642, 239, 51.81%, 68, 12, 4, 20.02
1564402455, 0, 1078, 1847, 1643, 239, 51.87%, 68, 12, 4, 6.57
1564402460, 0, 1078, 1849, 1645, 239, 51.87%, 68, 12, 4, 63.75
1564402465, 0, 1083, 1849, 1644, 240, 51.87%, 68, 12, 4, 80.41
1564402480, 0, 1083, 1850, 1645, 240, 51.87%, 68, 12, 4, 51.23
1564402485, 0, 1083, 1851, 1646, 240, 51.87%, 69, 12, 4, 10.99
1564402490, 0, 1101, 1851, 1645, 238, 51.87%, 69, 12, 4, 97.77
1564402506, 0, 1101, 1853, 1647, 238, 51.87%, 69, 12, 4, 10.66
1564402511, 0, 1103, 1853, 1646, 237, 51.87%, 69, 12, 4, 62.47
1564402531, 0, 1103, 1855, 1648, 237, 51.88%, 69, 12, 4, 3.28
1564402542, 0, 1110, 1855, 1647, 237, 51.88%, 69, 12, 4, 69.32
1564402557, 0, 1110, 1856, 1648, 237, 51.88%, 69, 12, 4, 47.47
1564402562, 0, 1110, 1857, 1649, 237, 51.88%, 69, 12, 4, 95.91
1564402567, 0, 1110, 1859, 1651, 237, 51.88%, 69, 12, 4, 19.48
1564402572, 0, 1111, 1859, 1650, 238, 51.88%, 69, 12, 4, 67.36
1564402588, 0, 1111, 1860, 1651, 238, 51.88%, 69, 12, 4, 18.12
1564402593, 0, 1111, 1861, 1652, 238, 51.88%, 69, 12, 4, 34.68
1564402598, 0, 1117, 1861, 1651, 238, 51.88%, 69, 12, 4, 82.76
1564402613, 0, 1124, 1861, 1650, 237, 51.88%, 69, 12, 4, 90.38
1564402634, 0, 1124, 1862, 1651, 237, 51.88%, 69, 12, 4, 74.64
1564402639, 0, 1125, 1862, 1650, 236, 51.88%, 69, 12, 4, 90.20
1564402654, 0, 1125, 1863, 1651, 236, 51.88%, 69, 12, 4, 18.69
1564402659, 0, 1127, 1863, 1650, 236, 51.88%, 69, 12, 4, 60.51
1564402674, 0, 1127, 1864, 1651, 236, 51.88%, 69, 12, 4, 5.01
1564402680, 0, 1129, 1864, 1650, 235, 51.88%, 69, 12, 4, 64.55
1564402700, 0, 1129, 1866, 1652, 235, 51.90%, 69, 12, 4, 5.73
1564402706, 0, 1129, 1868, 1654, 235, 51.90%, 69, 12, 4, 42.33
1564402711, 0, 1132, 1868, 1653, 233, 51.90%, 69, 12, 4, 85.08
1564402726, 0, 1132, 1870, 1655, 233, 51.91%, 69, 12, 4, 42.80
1564402731, 0, 1132, 1872, 1657, 233, 51.91%, 69, 12, 4, 6.04
1564402736, 0, 1132, 1873, 1658, 233, 51.91%, 69, 12, 4, 13.84
1564402742, 0, 1132, 1875, 1660, 233, 51.91%, 69, 12, 4, 45.08
1564402747, 0, 1132, 1876, 1661, 233, 51.91%, 69, 12, 4, 13.12
1564402757, 0, 1132, 1877, 1662, 233, 51.91%, 69, 12, 4, 16.17
1564402762, 0, 1132, 1878, 1663, 233, 51.91%, 69, 12, 4, 3.83
1564402767, 0, 1132, 1879, 1664, 233, 51.91%, 69, 12, 4, 89.11
1564402772, 0, 1132, 1881, 1666, 233, 51.91%, 69, 12, 4, 7.41
1564402777, 0, 1133, 1882, 1666, 235, 51.91%, 69, 12, 4, 98.87
1564402793, 0, 1133, 1883, 1667, 235, 51.91%, 69, 12, 4, 3.91
1564402808, 0, 1135, 1883, 1666, 234, 51.91%, 69, 12, 4, 84.17
1564402823, 0, 1135, 1884, 1667, 234, 51.91%, 69, 12, 4, 32.67
1564402829, 0, 1135, 1886, 1669, 234, 51.92%, 69, 12, 4, 5.84
1564402834, 0, 1137, 1887, 1669, 234, 51.92%, 69, 12, 4, 51.03
1564402854, 0, 1137, 1890, 1672, 234, 51.92%, 69, 12, 4, 4.10
1564402864, 0, 1171, 1891, 1671, 232, 51.92%, 69, 12, 4, 87.80
1564402870, 0, 1172, 1891, 1670, 232, 51.92%, 69, 12, 4, 94.84
1564402875, 0, 1173, 1891, 1669, 231, 51.92%, 69, 12, 4, 95.09
1564402880, 0, 1177, 1891, 1667, 229, 51.92%, 69, 12, 4, 97.46
1564402885, 0, 1179, 1892, 1667, 229, 51.93%, 69, 12, 4, 99.85
1564402895, 0, 1185, 1892, 1666, 228, 51.93%, 69, 12, 4, 102.58
1564402900, 0, 1190, 1892, 1665, 227, 51.93%, 69, 12, 4, 97.18
1564402926, 0, 1194, 1892, 1664, 226, 51.93%, 69, 12, 4, 91.96
1564402941, 0, 1194, 1893, 1665, 226, 51.93%, 69, 12, 4, 84.23
1564402946, 0, 1195, 1893, 1664, 225, 51.93%, 69, 12, 4, 90.00
1564402967, 0, 1199, 1893, 1663, 224, 51.93%, 69, 12, 4, 95.43
1564402992, 0, 1200, 1893, 1662, 223, 51.93%, 69, 12, 4, 93.54
1564403013, 0, 1211, 1894, 1662, 223, 51.94%, 69, 12, 4, 62.54
1564403033, 0, 1211, 1895, 1663, 223, 51.94%, 69, 12, 4, 11.20
1564403038, 0, 1211, 1897, 1665, 223, 51.94%, 69, 12, 4, 18.07
1564403043, 0, 1211, 1898, 1666, 223, 51.94%, 69, 12, 4, 23.44
1564403049, 0, 1211, 1902, 1670, 223, 51.94%, 69, 12, 4, 26.02
1564403054, 0, 1211, 1903, 1671, 223, 51.94%, 69, 12, 4, 28.31
1564403059, 0, 1211, 1904, 1672, 223, 51.94%, 69, 12, 4, 26.94
1564403064, 0, 1211, 1907, 1675, 223, 51.95%, 69, 12, 4, 14.80
1564403069, 0, 1211, 1911, 1679, 223, 51.97%, 69, 12, 4, 19.81
1564403074, 0, 1211, 1913, 1681, 223, 51.97%, 69, 12, 4, 16.13
1564403079, 0, 1211, 1914, 1682, 223, 51.97%, 70, 12, 4, 31.01
1564403085, 0, 1218, 1914, 1681, 229, 51.97%, 70, 12, 4, 80.18
1564403105, 0, 1218, 1915, 1682, 229, 51.99%, 70, 12, 4, 81.76
1564403110, 0, 1220, 1915, 1681, 229, 51.99%, 70, 12, 4, 91.31
1564403130, 0, 1220, 1917, 1683, 229, 51.99%, 70, 12, 4, 8.82
1564403136, 0, 1220, 1919, 1685, 229, 52.01%, 70, 12, 4, 16.26
1564403141, 0, 1220, 1921, 1687, 229, 52.02%, 70, 12, 4, 24.34
1564403151, 0, 1220, 1924, 1690, 229, 52.07%, 70, 12, 4, 4.17
1564403156, 0, 1220, 1926, 1692, 229, 52.07%, 70, 12, 4, 33.87
1564403166, 0, 1221, 1926, 1691, 235, 52.07%, 70, 12, 4, 99.71
1564403181, 0, 1222, 1926, 1690, 235, 52.07%, 70, 12, 4, 101.59
1564403192, 0, 1222, 1927, 1691, 235, 52.07%, 70, 12, 4, 36.44
1564403197, 0, 1223, 1927, 1690, 235, 52.07%, 70, 12, 4, 86.61
1564403212, 0, 1224, 1927, 1689, 234, 52.07%, 70, 12, 4, 98.24
1564403222, 0, 1224, 1928, 1690, 234, 52.07%, 70, 12, 4, 10.88
1564403227, 0, 1224, 1929, 1691, 234, 52.07%, 70, 12, 4, 32.26
1564403233, 0, 1224, 1931, 1693, 234, 52.07%, 70, 12, 4, 35.39
1564403238, 0, 1226, 1932, 1693, 237, 52.07%, 70, 12, 4, 99.21
1564403253, 0, 1226, 1935, 1696, 237, 52.10%, 70, 12, 4, 6.27
1564403258, 0, 1226, 1936, 1697, 237, 52.10%, 71, 12, 4, 42.78
1564403263, 0, 1230, 1936, 1696, 236, 52.10%, 71, 12, 4, 87.77
1564403273, 0, 1230, 1937, 1697, 236, 52.13%, 71, 12, 4, 94.49
1564403278, 0, 1232, 1937, 1696, 233, 52.13%, 71, 12, 4, 100.00
1564403294, 0, 1233, 1937, 1695, 232, 52.13%, 71, 12, 4, 77.00
1564403304, 0, 1233, 1938, 1696, 232, 52.13%, 71, 12, 4, 5.95
1564403309, 0, 1234, 1938, 1695, 232, 52.13%, 71, 12, 4, 100.12
1564403324, 0, 1236, 1938, 1694, 231, 52.13%, 71, 12, 4, 100.89
1564403340, 0, 1236, 1939, 1695, 231, 52.13%, 71, 12, 4, 92.97
1564403345, 0, 1242, 1939, 1694, 230, 52.13%, 71, 12, 4, 99.71
1564403360, 0, 1243, 1939, 1693, 229, 52.13%, 71, 12, 4, 101.26
1564403370, 0, 1243, 1941, 1695, 229, 52.13%, 71, 12, 4, 91.75
1564403375, 0, 1245, 1941, 1694, 229, 52.13%, 71, 12, 4, 100.14
1564403386, 0, 1245, 1943, 1696, 229, 52.13%, 71, 12, 4, 43.28
1564403391, 0, 1247, 1943, 1695, 230, 52.13%, 71, 12, 4, 90.03
1564403406, 0, 1250, 1943, 1694, 229, 52.13%, 71, 12, 4, 102.98
1564403416, 0, 1250, 1944, 1695, 229, 52.14%, 71, 12, 4, 4.40
1564403421, 0, 1250, 1946, 1697, 229, 52.17%, 71, 12, 4, 4.37
1564403426, 0, 1250, 1949, 1700, 229, 52.17%, 71, 12, 4, 5.32
1564403437, 0, 1250, 1951, 1702, 229, 52.18%, 71, 12, 4, 3.36
1564403442, 0, 1250, 1952, 1703, 229, 52.18%, 71, 12, 4, 13.10
1564403447, 0, 1250, 1953, 1704, 229, 52.18%, 71, 12, 4, 39.11
1564403452, 0, 1250, 1954, 1705, 229, 52.18%, 71, 12, 4, 4.52
1564403457, 0, 1250, 1955, 1706, 229, 52.18%, 71, 12, 4, 5.87
1564403462, 0, 1255, 1955, 1705, 233, 52.18%, 71, 12, 4, 100.77
1564403478, 0, 1256, 1955, 1704, 232, 52.18%, 71, 12, 4, 99.94
1564403488, 0, 1256, 1956, 1705, 232, 52.19%, 71, 12, 4, 5.12
1564403493, 0, 1256, 1957, 1706, 232, 52.19%, 71, 12, 4, 39.11
1564403498, 0, 1256, 1958, 1707, 232, 52.19%, 71, 12, 4, 39.76
1564403504, 0, 1257, 1958, 1706, 233, 52.19%, 71, 12, 4, 88.90
1564403519, 0, 1258, 1958, 1705, 232, 52.19%, 71, 12, 4, 101.06
1564403534, 0, 1259, 1958, 1704, 231, 52.19%, 71, 12, 4, 93.45
1564403545, 0, 1259, 1959, 1705, 231, 52.19%, 71, 12, 4, 4.33
1564403550, 0, 1264, 1959, 1704, 230, 52.19%, 71, 12, 4, 78.74
1564403565, 0, 1264, 1960, 1705, 230, 52.19%, 71, 12, 4, 24.32
1564403570, 0, 1264, 1961, 1706, 230, 52.19%, 71, 12, 4, 98.52
1564403575, 0, 1266, 1961, 1705, 230, 52.19%, 71, 12, 4, 102.11
1564403585, 0, 1266, 1962, 1706, 230, 52.19%, 71, 12, 4, 29.14
1564403591, 0, 1266, 1964, 1708, 230, 52.20%, 71, 12, 4, 9.31
1564403596, 0, 1266, 1965, 1709, 230, 52.20%, 71, 12, 4, 13.25
1564403601, 0, 1266, 1968, 1712, 230, 52.21%, 71, 12, 4, 28.26
1564403606, 0, 1269, 1969, 1712, 233, 52.22%, 71, 12, 4, 63.61
1564403616, 0, 1269, 1970, 1713, 233, 52.22%, 71, 12, 4, 90.26
1564403621, 0, 1270, 1970, 1712, 233, 52.22%, 71, 12, 4, 89.99
1564403636, 0, 1275, 1970, 1711, 232, 52.22%, 71, 12, 4, 93.16
1564403652, 0, 1283, 1970, 1710, 231, 52.22%, 71, 12, 4, 94.30
1564403667, 0, 1283, 1971, 1711, 231, 52.22%, 71, 12, 5, 16.39
1564403672, 0, 1283, 1972, 1712, 231, 52.22%, 71, 12, 5, 33.54
1564403677, 0, 1283, 1974, 1714, 231, 52.28%, 71, 12, 5, 24.74
1564403682, 0, 1283, 1975, 1715, 231, 52.28%, 71, 12, 5, 43.41
1564403687, 0, 1283, 1976, 1716, 231, 52.28%, 71, 12, 5, 4.67
1564403692, 0, 1283, 1977, 1717, 231, 52.28%, 71, 12, 5, 8.40
1564403698, 0, 1284, 1977, 1716, 232, 52.28%, 71, 12, 5, 99.00
1564403713, 0, 1284, 1979, 1718, 232, 52.29%, 71, 12, 5, 33.77
1564403718, 0, 1295, 1980, 1718, 233, 52.29%, 71, 12, 5, 55.66
1564403733, 0, 1295, 1981, 1719, 233, 52.29%, 71, 12, 5, 20.85
1564403744, 0, 1296, 1982, 1719, 232, 52.29%, 71, 12, 5, 99.24
1564403759, 0, 1296, 1983, 1720, 232, 52.31%, 71, 12, 5, 92.63
1564403764, 0, 1298, 1983, 1719, 232, 52.31%, 71, 12, 5, 95.12
1564403779, 0, 1298, 1984, 1720, 232, 52.31%, 71, 12, 5, 85.62
1564403785, 0, 1298, 1986, 1722, 232, 52.31%, 71, 12, 5, 6.51
1564403795, 0, 1299, 1986, 1721, 231, 52.31%, 71, 12, 5, 69.00
1564403815, 0, 1299, 1987, 1722, 231, 52.31%, 71, 12, 5, 7.14
1564403821, 0, 1300, 1987, 1721, 231, 52.31%, 71, 12, 5, 90.80
1564403836, 0, 1300, 1989, 1723, 231, 52.31%, 72, 12, 5, 23.96
1564403841, 0, 1300, 1990, 1724, 231, 52.31%, 72, 12, 5, 34.08
1564403846, 0, 1300, 1991, 1725, 231, 52.31%, 72, 12, 5, 65.07
1564403851, 0, 1301, 1992, 1725, 231, 52.31%, 72, 12, 5, 97.51
1564403866, 0, 1301, 1993, 1726, 231, 52.31%, 72, 12, 5, 41.58
1564403871, 0, 1301, 1994, 1727, 231, 52.31%, 72, 12, 5, 48.13
1564403876, 0, 1301, 1995, 1728, 231, 52.31%, 72, 12, 5, 3.40
1564403881, 0, 1302, 1995, 1727, 231, 52.31%, 72, 12, 5, 85.29
1564403897, 0, 1302, 1997, 1729, 231, 52.31%, 72, 12, 5, 3.88
1564403907, 0, 1302, 1999, 1731, 231, 52.31%, 72, 12, 5, 18.44
1564403912, 0, 1303, 1999, 1730, 230, 52.31%, 72, 12, 5, 60.62
1564403928, 0, 1303, 2000, 1731, 230, 52.32%, 72, 12, 5, 25.80
1564403938, 0, 1307, 2001, 1731, 230, 52.32%, 72, 12, 5, 51.86
1564403953, 0, 1307, 2002, 1732, 230, 52.32%, 72, 12, 5, 4.00
1564403958, 0, 1307, 2003, 1733, 230, 52.32%, 72, 12, 5, 34.64
1564403963, 0, 1307, 2005, 1735, 230, 52.37%, 72, 12, 5, 3.15
1564403968, 0, 1307, 2006, 1736, 230, 52.37%, 72, 12, 5, 33.98
1564403973, 0, 1307, 2007, 1737, 230, 52.37%, 72, 12, 5, 9.96
1564403984, 0, 1307, 2008, 1738, 230, 52.37%, 72, 12, 5, 3.81
1564403989, 0, 1307, 2009, 1739, 230, 52.37%, 72, 12, 5, 3.76
1564403994, 0, 1307, 2010, 1740, 230, 52.37%, 72, 12, 5, 4.09
1564403999, 0, 1307, 2012, 1742, 230, 52.37%, 72, 12, 5, 21.57
1564404004, 0, 1307, 2013, 1743, 230, 52.37%, 72, 12, 5, 4.16
1564404009, 0, 1312, 2014, 1743, 229, 52.37%, 72, 12, 5, 54.79
1564404025, 0, 1312, 2015, 1744, 229, 52.37%, 72, 12, 5, 15.97
1564404035, 0, 1315, 2015, 1743, 229, 52.37%, 72, 12, 5, 75.29
1564404050, 0, 1315, 2017, 1745, 229, 52.37%, 72, 12, 5, 15.57
1564404061, 0, 1316, 2017, 1744, 229, 52.37%, 72, 12, 5, 72.45
1564404081, 0, 1316, 2019, 1746, 229, 52.37%, 72, 12, 5, 4.54
1564404086, 0, 1316, 2021, 1748, 229, 52.37%, 72, 12, 5, 24.70
1564404091, 0, 1316, 2023, 1750, 229, 52.38%, 72, 12, 5, 20.11
1564404096, 0, 1317, 2023, 1749, 229, 52.38%, 72, 12, 5, 77.02
1564404112, 0, 1317, 2024, 1750, 229, 52.38%, 72, 12, 5, 16.02
1564404117, 0, 1317, 2025, 1751, 229, 52.38%, 72, 12, 5, 46.49
1564404122, 0, 1318, 2026, 1751, 230, 52.38%, 72, 12, 5, 97.15
1564404137, 0, 1318, 2027, 1752, 230, 52.39%, 72, 12, 5, 14.33
1564404142, 0, 1321, 2027, 1751, 229, 52.39%, 72, 12, 5, 43.55
1564404163, 0, 1321, 2029, 1753, 229, 52.41%, 72, 12, 5, 77.29
1564404168, 0, 1321, 2030, 1754, 229, 52.41%, 72, 12, 5, 23.04
1564404173, 0, 1321, 2031, 1755, 229, 52.41%, 72, 12, 5, 31.49
1564404178, 0, 1334, 2033, 1756, 230, 52.42%, 72, 12, 5, 60.39
1564404194, 0, 1334, 2034, 1757, 230, 52.42%, 72, 12, 5, 9.43
1564404204, 0, 1335, 2034, 1756, 230, 52.42%, 72, 12, 5, 53.35
1564404219, 0, 1335, 2035, 1757, 230, 52.42%, 72, 12, 5, 13.07
1564404230, 0, 1335, 2037, 1759, 230, 52.42%, 72, 12, 5, 38.19
1564404235, 0, 1335, 2039, 1761, 230, 52.42%, 72, 12, 5, 9.90
1564404240, 0, 1339, 2039, 1760, 230, 52.42%, 72, 12, 5, 101.55
1564404260, 0, 1351, 2040, 1760, 227, 52.42%, 72, 12, 5, 92.81
1564404281, 0, 1351, 2041, 1761, 227, 52.42%, 72, 12, 5, 8.58
1564404286, 0, 1351, 2042, 1762, 227, 52.42%, 72, 12, 5, 19.64
1564404291, 0, 1351, 2044, 1764, 227, 52.42%, 72, 12, 5, 46.98
1564404296, 0, 1351, 2045, 1765, 227, 52.42%, 72, 12, 5, 8.66
1564404301, 0, 1356, 2045, 1764, 227, 52.42%, 72, 12, 5, 97.40
1564404322, 0, 1356, 2046, 1765, 227, 52.42%, 72, 12, 5, 3.62
1564404327, 0, 1356, 2047, 1766, 227, 52.42%, 72, 12, 5, 20.03
1564404332, 0, 1364, 2047, 1765, 226, 52.42%, 72, 12, 5, 80.11
1564404347, 0, 1364, 2048, 1766, 226, 52.42%, 73, 12, 5, 8.68
1564404352, 0, 1365, 2048, 1765, 225, 52.42%, 73, 12, 5, 98.54
1564404363, 0, 1365, 2049, 1766, 225, 52.43%, 73, 12, 5, 7.46
1564404368, 0, 1365, 2050, 1767, 225, 52.43%, 73, 12, 5, 44.44
1564404373, 0, 1365, 2052, 1769, 225, 52.44%, 73, 12, 5, 15.92
1564404378, 0, 1365, 2053, 1770, 225, 52.44%, 73, 12, 5, 32.42
1564404383, 0, 1365, 2054, 1771, 225, 52.44%, 73, 12, 5, 49.76
1564404388, 0, 1365, 2056, 1773, 225, 52.44%, 73, 12, 5, 3.39
1564404394, 0, 1365, 2058, 1775, 225, 52.44%, 73, 12, 5, 25.37
1564404399, 0, 1365, 2059, 1776, 225, 52.44%, 73, 12, 5, 58.00
1564404409, 0, 1367, 2059, 1775, 228, 52.44%, 73, 12, 5, 75.96
1564404425, 0, 1367, 2060, 1776, 228, 52.44%, 73, 12, 5, 4.63
1564404430, 0, 1367, 2061, 1777, 228, 52.44%, 73, 12, 5, 8.41
1564404435, 0, 1367, 2062, 1778, 228, 52.44%, 73, 12, 5, 10.78
1564404440, 0, 1367, 2063, 1779, 228, 52.44%, 73, 12, 5, 7.90
1564404445, 0, 1376, 2063, 1778, 228, 52.44%, 73, 12, 5, 99.97
1564404471, 0, 1378, 2063, 1777, 227, 52.44%, 73, 12, 5, 85.11
1564404486, 0, 1378, 2064, 1778, 227, 52.44%, 73, 12, 5, 3.54
1564404497, 0, 1392, 2064, 1777, 226, 52.44%, 73, 12, 5, 83.29
1564404512, 0, 1392, 2066, 1779, 226, 52.44%, 73, 12, 5, 86.96
1564404517, 0, 1392, 2068, 1781, 226, 52.44%, 74, 12, 5, 11.43
1564404527, 0, 1397, 2068, 1780, 229, 52.44%, 74, 12, 5, 96.73
1564404548, 0, 1397, 2070, 1782, 229, 52.44%, 74, 13, 5, 31.59
1564404553, 0, 1398, 2070, 1781, 228, 52.44%, 74, 13, 5, 73.14
1564404573, 0, 1398, 2071, 1782, 228, 52.44%, 74, 13, 5, 4.90
1564404578, 0, 1400, 2071, 1781, 227, 52.44%, 74, 13, 5, 100.90
1564404594, 0, 1400, 2072, 1782, 227, 52.44%, 74, 13, 5, 41.36
1564404599, 0, 1400, 2073, 1783, 227, 52.45%, 74, 13, 5, 40.68
1564404604, 0, 1400, 2074, 1784, 227, 52.45%, 74, 13, 5, 48.52
1564404609, 0, 1403, 2074, 1783, 228, 52.45%, 74, 13, 5, 80.78
1564404630, 0, 1403, 2075, 1784, 228, 52.45%, 74, 13, 5, 8.55
1564404635, 0, 1403, 2076, 1785, 228, 52.45%, 74, 13, 5, 4.24
1564404640, 0, 1403, 2078, 1787, 228, 52.45%, 74, 13, 5, 9.45
1564404645, 0, 1403, 2079, 1788, 228, 52.45%, 74, 13, 5, 12.53
1564404650, 0, 1405, 2079, 1787, 227, 52.45%, 74, 13, 5, 99.70
1564404670, 0, 1408, 2079, 1786, 226, 52.45%, 74, 13, 5, 99.68
1564404686, 0, 1408, 2080, 1787, 226, 52.45%, 74, 13, 5, 16.57
1564404691, 0, 1408, 2081, 1788, 226, 52.45%, 74, 13, 5, 20.67
1564404696, 0, 1412, 2081, 1787, 226, 52.45%, 74, 13, 5, 68.22
1564404711, 0, 1412, 2082, 1788, 226, 52.45%, 74, 13, 5, 38.67
1564404716, 0, 1412, 2083, 1789, 226, 52.45%, 74, 13, 5, 40.48
1564404721, 0, 1412, 2083, 1789, 226, 52.45%, 74, 14, 5, 38.28
1564404726, 0, 1413, 2083, 1788, 226, 52.45%, 74, 14, 5, 84.12
1564404742, 0, 1413, 2084, 1789, 226, 52.45%, 74, 14, 5, 14.38
1564404747, 0, 1413, 2086, 1791, 226, 52.45%, 74, 14, 5, 7.40
1564404752, 0, 1413, 2087, 1792, 226, 52.45%, 74, 14, 5, 42.44
1564404757, 0, 1415, 2087, 1791, 226, 52.45%, 74, 14, 5, 89.09
1564404772, 0, 1415, 2088, 1792, 226, 52.45%, 74, 14, 5, 41.03
1564404777, 0, 1417, 2088, 1791, 226, 52.45%, 74, 14, 5, 88.34
1564404798, 0, 1418, 2088, 1790, 225, 52.45%, 74, 14, 5, 87.52
1564404813, 0, 1418, 2090, 1792, 225, 52.46%, 74, 14, 5, 17.67
1564404819, 0, 1418, 2092, 1794, 225, 52.46%, 74, 14, 5, 27.44
1564404834, 0, 1418, 2093, 1795, 225, 52.46%, 74, 14, 5, 6.00
1564404839, 0, 1418, 2094, 1796, 225, 52.46%, 74, 14, 5, 18.68
1564404844, 0, 1418, 2095, 1797, 225, 52.46%, 74, 14, 5, 33.66
1564404849, 0, 1423, 2095, 1796, 225, 52.46%, 74, 14, 5, 66.44
1564404870, 0, 1423, 2096, 1797, 225, 52.46%, 74, 14, 5, 27.39
1564404875, 0, 1424, 2096, 1796, 225, 52.46%, 74, 14, 5, 44.11
1564404895, 0, 1424, 2097, 1797, 225, 52.47%, 74, 14, 5, 15.36
1564404900, 0, 1424, 2098, 1798, 225, 52.47%, 74, 14, 5, 3.96
1564404906, 0, 1424, 2100, 1800, 225, 52.47%, 74, 14, 5, 23.77
1564404911, 0, 1425, 2100, 1799, 227, 52.47%, 74, 14, 5, 98.51
1564404926, 0, 1425, 2101, 1800, 227, 52.48%, 74, 14, 5, 14.15
1564404936, 0, 1425, 2102, 1801, 227, 52.49%, 76, 14, 5, 35.40
1564404941, 0, 1427, 2102, 1800, 228, 52.49%, 76, 14, 5, 77.20
1564404962, 0, 1432, 2102, 1799, 227, 52.49%, 76, 14, 5, 83.60
1564404982, 0, 1432, 2103, 1800, 227, 52.49%, 76, 14, 5, 11.32
1564404987, 0, 1432, 2104, 1801, 227, 52.49%, 76, 14, 5, 3.39
1564404998, 0, 1435, 2104, 1800, 226, 52.49%, 76, 14, 5, 102.76
1564405013, 0, 1435, 2105, 1801, 226, 52.50%, 76, 14, 5, 4.66
1564405018, 0, 1435, 2106, 1802, 226, 52.50%, 76, 14, 5, 84.02
1564405023, 0, 1437, 2107, 1802, 225, 52.50%, 76, 14, 5, 86.13
1564405044, 0, 1437, 2108, 1803, 225, 52.50%, 76, 14, 5, 29.71
1564405049, 0, 1438, 2108, 1802, 224, 52.50%, 76, 14, 5, 76.33
1564405069, 0, 1445, 2108, 1801, 223, 52.50%, 76, 14, 5, 56.60
1564405095, 0, 1445, 2111, 1804, 223, 52.50%, 76, 14, 5, 24.21
1564405100, 0, 1445, 2113, 1806, 223, 52.51%, 76, 14, 5, 14.32
1564405105, 0, 1447, 2113, 1805, 224, 52.51%, 76, 14, 5, 73.45
1564405120, 0, 1447, 2115, 1807, 224, 52.51%, 76, 14, 5, 3.73
1564405126, 0, 1447, 2116, 1808, 224, 52.51%, 76, 14, 5, 11.41
1564405131, 0, 1450, 2116, 1807, 223, 52.51%, 76, 14, 5, 70.62
1564405146, 0, 1450, 2117, 1808, 223, 52.51%, 76, 14, 5, 46.98
1564405151, 0, 1450, 2118, 1809, 223, 52.51%, 76, 14, 5, 72.70
1564405156, 0, 1450, 2120, 1811, 223, 52.51%, 76, 14, 5, 16.90
1564405161, 0, 1450, 2121, 1812, 223, 52.51%, 76, 14, 5, 23.30
1564405166, 0, 1450, 2122, 1813, 223, 52.51%, 76, 14, 5, 11.32
1564405171, 0, 1450, 2124, 1815, 223, 52.58%, 76, 14, 5, 24.60
1564405177, 0, 1450, 2125, 1816, 223, 52.58%, 76, 14, 5, 24.87
1564405182, 0, 1463, 2125, 1815, 225, 52.58%, 76, 14, 5, 69.44
1564405197, 0, 1463, 2126, 1816, 225, 52.58%, 76, 14, 5, 17.48
1564405202, 0, 1463, 2127, 1817, 225, 52.58%, 76, 14, 5, 10.56
1564405207, 0, 1463, 2128, 1818, 225, 52.59%, 76, 14, 5, 12.03
1564405212, 0, 1466, 2128, 1817, 225, 52.59%, 76, 14, 5, 98.52
1564405227, 0, 1466, 2129, 1818, 225, 52.59%, 76, 14, 5, 41.82
1564405232, 0, 1466, 2131, 1820, 225, 52.83%, 76, 14, 5, 39.59
1564405238, 0, 1466, 2135, 1824, 225, 52.86%, 76, 14, 5, 66.04
1564405243, 0, 1466, 2136, 1825, 225, 52.86%, 76, 14, 5, 22.37
1564405248, 0, 1471, 2137, 1825, 227, 52.86%, 76, 14, 5, 49.78
1564405268, 0, 1471, 2139, 1827, 227, 52.86%, 76, 14, 5, 35.23
1564405273, 0, 1471, 2140, 1828, 227, 52.86%, 76, 14, 5, 10.00
1564405278, 0, 1473, 2140, 1827, 226, 52.86%, 76, 14, 5, 85.18
1564405299, 0, 1474, 2141, 1827, 225, 52.86%, 76, 14, 5, 65.02
1564405319, 0, 1474, 2143, 1829, 225, 52.86%, 76, 14, 5, 6.76
1564405324, 0, 1474, 2145, 1831, 225, 52.87%, 76, 14, 5, 93.45
1564405330, 0, 1478, 2145, 1830, 226, 52.87%, 76, 14, 5, 97.84
1564405345, 0, 1478, 2147, 1832, 226, 52.87%, 76, 14, 5, 14.06
1564405350, 0, 1478, 2148, 1833, 226, 52.87%, 76, 14, 5, 88.06
1564405355, 0, 1481, 2149, 1833, 225, 52.87%, 76, 14, 5, 98.24
1564405370, 0, 1481, 2150, 1834, 225, 52.87%, 76, 14, 5, 21.54
1564405376, 0, 1481, 2152, 1836, 225, 52.88%, 76, 14, 5, 6.08
1564405381, 0, 1481, 2153, 1837, 225, 52.90%, 76, 15, 5, 93.74
1564405386, 0, 1482, 2153, 1836, 227, 52.90%, 76, 15, 5, 98.67
1564405406, 0, 1485, 2153, 1835, 226, 52.90%, 76, 15, 5, 95.02
1564405422, 0, 1485, 2154, 1836, 226, 52.90%, 76, 15, 5, 4.52
1564405432, 0, 1486, 2155, 1836, 225, 52.90%, 76, 15, 5, 64.32
1564405453, 0, 1486, 2156, 1837, 225, 52.90%, 76, 15, 5, 25.22
1564405458, 0, 1486, 2157, 1838, 225, 52.90%, 76, 15, 5, 25.39
1564405463, 0, 1488, 2157, 1837, 225, 52.90%, 76, 15, 5, 80.32
1564405478, 0, 1488, 2158, 1838, 225, 52.90%, 76, 15, 5, 7.74
1564405483, 0, 1488, 2159, 1839, 225, 52.90%, 76, 15, 5, 25.78
1564405488, 0, 1489, 2160, 1839, 225, 52.90%, 77, 15, 5, 43.59
1564405509, 0, 1489, 2161, 1840, 225, 52.90%, 77, 15, 5, 12.05
1564405514, 0, 1489, 2163, 1842, 225, 52.91%, 77, 15, 5, 14.38
1564405520, 0, 1489, 2164, 1843, 225, 52.91%, 77, 15, 5, 16.05
1564405525, 0, 1489, 2166, 1845, 225, 52.91%, 77, 15, 5, 97.56
1564405530, 0, 1494, 2166, 1844, 225, 52.91%, 77, 15, 5, 99.34
1564405550, 0, 1494, 2167, 1845, 225, 52.91%, 77, 15, 5, 85.64
1564405555, 0, 1499, 2167, 1844, 224, 52.91%, 77, 15, 5, 92.86
1564405571, 0, 1499, 2168, 1845, 224, 52.91%, 77, 15, 5, 6.97
1564405576, 0, 1499, 2169, 1846, 224, 52.91%, 77, 15, 5, 11.23
1564405581, 0, 1499, 2171, 1848, 224, 52.91%, 77, 15, 5, 83.57
1564405586, 0, 1500, 2172, 1848, 224, 52.91%, 77, 15, 5, 103.55
1564405607, 0, 1500, 2174, 1850, 224, 52.92%, 77, 15, 5, 4.10
1564405612, 0, 1500, 2175, 1851, 224, 52.92%, 77, 15, 5, 50.53
1564405617, 0, 1504, 2175, 1850, 224, 52.92%, 77, 15, 5, 81.10
1564405632, 0, 1504, 2176, 1851, 224, 52.92%, 78, 15, 5, 43.76
1564405637, 0, 1510, 2176, 1850, 223, 52.92%, 78, 15, 5, 82.71
1564405653, 0, 1510, 2178, 1852, 223, 52.92%, 78, 15, 5, 96.21
1564405663, 0, 1510, 2179, 1853, 223, 52.92%, 78, 15, 5, 50.08
1564405668, 0, 1526, 2179, 1852, 222, 52.92%, 78, 15, 5, 86.54
1564405678, 0, 1526, 2180, 1853, 222, 52.92%, 78, 15, 5, 5.93
1564405683, 0, 1526, 2181, 1854, 222, 52.92%, 78, 15, 5, 31.54
1564405693, 0, 1527, 2181, 1853, 221, 52.92%, 78, 15, 5, 74.75
1564405719, 0, 1529, 2181, 1852, 220, 52.92%, 78, 15, 5, 85.95
1564405734, 0, 1529, 2182, 1853, 220, 52.92%, 78, 15, 5, 34.30
1564405745, 0, 1535, 2182, 1852, 220, 52.92%, 78, 15, 5, 95.50
1564405760, 0, 1535, 2183, 1853, 220, 52.94%, 78, 15, 5, 13.03
1564405765, 0, 1535, 2184, 1854, 220, 52.94%, 78, 15, 5, 4.85
1564405770, 0, 1538, 2184, 1853, 220, 52.94%, 78, 15, 5, 54.42
1564405791, 0, 1538, 2185, 1854, 220, 52.94%, 78, 15, 5, 49.57
1564405796, 0, 1540, 2185, 1853, 219, 52.94%, 78, 15, 5, 83.76
1564405811, 0, 1540, 2186, 1854, 219, 52.94%, 78, 15, 5, 20.51
1564405816, 0, 1540, 2187, 1855, 219, 52.94%, 78, 15, 5, 13.55
1564405826, 0, 1554, 2187, 1854, 218, 52.94%, 78, 15, 5, 100.72
1564405842, 0, 1554, 2190, 1857, 218, 52.94%, 78, 15, 5, 14.57
1564405847, 0, 1554, 2191, 1858, 218, 52.94%, 78, 15, 5, 23.93
1564405857, 0, 1554, 2192, 1859, 218, 52.94%, 78, 15, 5, 25.81
1564405862, 0, 1559, 2192, 1858, 220, 52.94%, 78, 15, 5, 85.63
1564405878, 0, 1559, 2194, 1860, 220, 52.94%, 78, 15, 5, 5.35
1564405883, 0, 1559, 2195, 1861, 220, 52.94%, 78, 15, 5, 11.14
1564405888, 0, 1560, 2195, 1860, 220, 52.94%, 78, 15, 5, 37.96
1564405913, 0, 1561, 2195, 1859, 219, 52.94%, 78, 15, 5, 78.74
1564405934, 0, 1561, 2196, 1860, 219, 52.94%, 78, 15, 5, 5.38
1564405939, 0, 1562, 2196, 1859, 219, 52.94%, 78, 15, 5, 99.89
1564405954, 0, 1562, 2197, 1860, 219, 52.94%, 78, 15, 5, 84.16
1564405964, 0, 1564, 2197, 1859, 218, 52.94%, 78, 15, 5, 73.46
1564405980, 0, 1564, 2198, 1860, 218, 52.94%, 78, 15, 5, 11.30
1564405985, 0, 1564, 2199, 1861, 218, 52.94%, 78, 15, 5, 57.48
1564405990, 0, 1572, 2199, 1860, 217, 52.94%, 78, 15, 5, 92.01
1564406005, 0, 1572, 2200, 1861, 217, 52.94%, 78, 15, 5, 8.59
1564406016, 0, 1573, 2200, 1860, 217, 52.94%, 78, 15, 5, 87.11
1564406031, 0, 1573, 2202, 1862, 217, 52.94%, 78, 15, 5, 5.69
1564406036, 0, 1574, 2202, 1861, 216, 52.94%, 78, 15, 5, 18.94
1564406056, 0, 1574, 2203, 1862, 216, 52.94%, 78, 15, 5, 35.16
1564406062, 0, 1576, 2203, 1861, 216, 52.94%, 78, 15, 5, 83.17
1564406077, 0, 1576, 2204, 1862, 216, 52.94%, 78, 15, 5, 16.03
1564406082, 0, 1576, 2205, 1863, 216, 52.94%, 78, 15, 5, 9.88
1564406087, 0, 1579, 2205, 1862, 215, 52.94%, 78, 15, 5, 96.33
1564406103, 0, 1579, 2206, 1863, 215, 52.94%, 78, 15, 5, 26.72
1564406108, 0, 1579, 2207, 1864, 215, 52.94%, 78, 15, 5, 34.91
1564406113, 0, 1582, 2207, 1863, 214, 52.94%, 79, 15, 5, 85.37
1564406128, 0, 1582, 2208, 1864, 214, 52.94%, 79, 15, 5, 89.87
1564406133, 0, 1582, 2210, 1866, 214, 52.94%, 79, 15, 5, 20.91
1564406138, 0, 1582, 2211, 1867, 214, 52.94%, 79, 15, 5, 28.64
1564406154, 0, 1583, 2211, 1866, 214, 52.94%, 79, 15, 5, 71.96
1564406174, 0, 1584, 2211, 1865, 213, 52.94%, 79, 15, 5, 52.11
1564406195, 0, 1584, 2212, 1866, 213, 52.94%, 79, 15, 5, 8.06
1564406200, 0, 1584, 2214, 1868, 213, 52.94%, 79, 15, 5, 2.76
1564406205, 0, 1586, 2214, 1867, 213, 52.94%, 79, 15, 5, 66.50
1564406220, 0, 1586, 2216, 1869, 213, 52.94%, 79, 15, 5, 14.34
1564406225, 0, 1586, 2218, 1871, 213, 52.94%, 79, 15, 5, 16.03
1564406230, 0, 1586, 2220, 1873, 213, 52.95%, 80, 15, 5, 10.23
1564406246, 0, 1586, 2221, 1874, 213, 52.95%, 81, 15, 5, 3.53
1564406251, 0, 1586, 2222, 1875, 213, 52.95%, 81, 15, 5, 36.34
1564406256, 0, 1587, 2222, 1874, 215, 52.95%, 81, 15, 5, 38.69
1564406277, 0, 1587, 2223, 1875, 215, 52.95%, 81, 15, 5, 13.89
1564406282, 0, 1587, 2224, 1876, 215, 52.95%, 81, 15, 5, 7.69
1564406287, 0, 1588, 2224, 1875, 214, 52.95%, 81, 15, 5, 102.34
1564406302, 0, 1588, 2225, 1876, 214, 52.95%, 81, 15, 5, 10.64
1564406313, 0, 1592, 2226, 1876, 213, 52.95%, 81, 15, 5, 69.66
1564406338, 0, 1600, 2226, 1875, 212, 52.95%, 81, 15, 5, 85.04
1564406353, 0, 1600, 2227, 1876, 212, 52.95%, 81, 15, 5, 56.63
1564406359, 0, 1600, 2230, 1879, 212, 52.95%, 81, 15, 5, 5.06
1564406364, 0, 1600, 2231, 1880, 212, 52.95%, 81, 15, 5, 37.82
1564406369, 0, 1600, 2232, 1881, 212, 52.95%, 81, 15, 5, 3.31
1564406374, 0, 1601, 2232, 1880, 211, 52.95%, 81, 15, 5, 97.85
1564406389, 0, 1601, 2233, 1881, 211, 52.95%, 81, 15, 5, 3.89
1564406400, 0, 1601, 2234, 1882, 211, 52.95%, 81, 15, 5, 47.66
1564406405, 0, 1607, 2234, 1881, 210, 52.95%, 81, 15, 5, 89.96
1564406420, 0, 1607, 2235, 1882, 210, 52.95%, 81, 15, 5, 5.42
1564406425, 0, 1610, 2235, 1881, 209, 52.95%, 81, 15, 5, 92.79
1564406446, 0, 1610, 2236, 1882, 209, 52.95%, 81, 15, 5, 17.58
1564406456, 0, 1616, 2237, 1882, 208, 52.95%, 81, 15, 5, 69.31
1564406471, 0, 1616, 2238, 1883, 208, 52.95%, 81, 15, 5, 47.17
1564406476, 0, 1616, 2239, 1884, 208, 52.95%, 81, 15, 5, 24.28
1564406482, 0, 1616, 2242, 1887, 208, 52.96%, 81, 15, 5, 17.50
1564406487, 0, 1616, 2243, 1888, 208, 52.96%, 81, 15, 5, 3.44
1564406497, 0, 1616, 2245, 1890, 208, 52.96%, 81, 15, 5, 5.99
1564406502, 0, 1616, 2246, 1891, 208, 52.96%, 81, 15, 5, 30.08
1564406507, 0, 1616, 2247, 1892, 208, 52.96%, 81, 15, 5, 45.96
1564406512, 0, 1616, 2248, 1893, 208, 52.96%, 81, 15, 5, 18.61
1564406517, 0, 1616, 2249, 1894, 208, 52.96%, 81, 15, 5, 4.35
1564406527, 0, 1621, 2249, 1893, 210, 52.96%, 81, 15, 5, 50.63
1564406548, 0, 1621, 2250, 1894, 210, 52.96%, 81, 15, 5, 9.92
1564406553, 0, 1621, 2251, 1895, 210, 52.96%, 81, 15, 5, 17.69
1564406558, 0, 1621, 2252, 1896, 210, 52.96%, 82, 15, 5, 3.39
1564406568, 0, 1621, 2254, 1898, 210, 52.96%, 82, 15, 5, 12.95
1564406573, 0, 1622, 2254, 1897, 211, 52.96%, 82, 15, 5, 97.14
