# unix_time, cycles_done, cur_path, paths_total, pending_total, pending_favs, map_size, unique_crashes, unique_hangs, max_depth, execs_per_sec
1577799550, 0, 0, 3, 3, 3, 16.34%, 0, 0, 1, 12.94
1577799682, 0, 0, 4, 4, 3, 16.34%, 0, 0, 2, 13.12
1577799687, 0, 0, 8, 8, 3, 16.74%, 0, 0, 2, 13.15
1577799692, 0, 0, 9, 9, 3, 16.74%, 0, 0, 2, 13.26
1577799697, 0, 0, 12, 12, 3, 16.75%, 0, 0, 2, 13.26
1577799707, 0, 0, 15, 15, 3, 16.77%, 0, 0, 2, 13.18
1577799712, 0, 0, 16, 16, 3, 16.77%, 0, 0, 2, 13.06
1577799717, 0, 0, 18, 18, 3, 16.78%, 0, 0, 2, 13.14
1577799722, 0, 0, 19, 19, 3, 16.78%, 0, 0, 2, 13.17
1577799727, 0, 0, 21, 21, 3, 16.78%, 0, 0, 2, 13.13
1577799733, 0, 0, 22, 22, 3, 16.78%, 0, 0, 2, 13.08
1577799743, 0, 0, 26, 26, 3, 16.80%, 0, 0, 2, 13.12
1577799748, 0, 0, 28, 28, 3, 16.80%, 0, 0, 2, 12.89
1577799753, 0, 0, 29, 29, 3, 16.80%, 0, 0, 2, 12.40
1577799773, 0, 0, 30, 30, 3, 16.81%, 0, 0, 2, 12.03
1577799778, 0, 0, 33, 33, 3, 16.81%, 0, 0, 2, 12.20
1577799783, 0, 0, 34, 34, 3, 16.81%, 0, 0, 2, 12.01
1577799789, 0, 0, 35, 35, 3, 16.81%, 0, 0, 2, 11.89
1577799794, 0, 0, 37, 37, 3, 16.81%, 0, 0, 2, 12.22
1577799799, 0, 0, 38, 38, 3, 16.82%, 0, 0, 2, 11.02
1577799804, 0, 0, 40, 40, 3, 16.82%, 0, 0, 2, 12.13
1577799809, 0, 0, 43, 43, 3, 16.82%, 0, 0, 2, 12.38
1577799819, 0, 0, 45, 45, 3, 16.82%, 0, 0, 2, 12.48
1577799824, 0, 0, 47, 47, 3, 16.82%, 0, 0, 2, 12.37
1577799840, 0, 0, 48, 48, 3, 16.83%, 0, 0, 2, 12.08
1577799850, 0, 0, 49, 49, 3, 16.83%, 0, 0, 2, 12.28
1577799860, 0, 0, 50, 50, 3, 16.83%, 0, 0, 2, 11.92
1577799886, 0, 0, 51, 51, 3, 16.83%, 0, 0, 2, 11.69
1577799911, 0, 0, 52, 52, 3, 16.84%, 0, 0, 2, 11.69
1577799922, 0, 0, 53, 53, 3, 16.84%, 0, 0, 2, 11.53
1577799942, 0, 0, 54, 54, 3, 16.84%, 0, 0, 2, 11.79
1577799947, 0, 0, 55, 55, 3, 16.84%, 0, 0, 2, 12.30
1577799952, 0, 0, 56, 56, 3, 16.84%, 0, 0, 2, 12.78
1577799968, 0, 0, 57, 57, 3, 16.84%, 0, 0, 2, 12.99
1577799983, 0, 0, 58, 58, 3, 16.84%, 0, 0, 2, 12.88
1577800019, 0, 0, 61, 61, 3, 16.84%, 0, 0, 2, 13.03
1577800024, 0, 0, 62, 62, 3, 16.84%, 0, 0, 2, 12.85
1577800095, 0, 0, 63, 63, 3, 16.84%, 0, 0, 2, 13.08
1577800166, 0, 0, 64, 64, 3, 16.84%, 0, 0, 2, 13.18
1577800177, 0, 0, 65, 65, 3, 16.85%, 0, 0, 2, 13.21
1577800182, 0, 0, 71, 71, 3, 16.86%, 0, 0, 2, 13.20
1577800192, 0, 0, 76, 76, 3, 16.86%, 0, 0, 2, 13.21
1577800203, 0, 0, 77, 77, 3, 16.87%, 0, 0, 2, 13.18
1577800213, 0, 0, 79, 79, 3, 16.87%, 0, 0, 2, 13.17
1577800223, 0, 0, 81, 81, 3, 16.87%, 0, 0, 2, 13.19
1577800233, 0, 0, 82, 82, 3, 16.87%, 0, 0, 2, 13.20
1577800243, 0, 0, 84, 84, 3, 16.87%, 0, 0, 2, 13.21
1577800264, 0, 0, 85, 85, 3, 16.87%, 0, 0, 2, 13.19
1577800583, 0, 0, 87, 87, 3, 16.88%, 0, 0, 2, 13.17
1577800650, 0, 0, 89, 89, 3, 16.88%, 0, 0, 2, 13.01
1577800666, 0, 0, 90, 90, 3, 16.88%, 0, 0, 2, 13.23
1577800723, 0, 0, 91, 91, 3, 16.88%, 0, 0, 2, 13.23
1577800811, 0, 0, 92, 92, 3, 16.89%, 0, 0, 2, 13.23
1577800832, 0, 0, 94, 94, 3, 16.89%, 0, 0, 2, 13.23
1577800837, 0, 0, 95, 95, 3, 16.89%, 0, 0, 2, 13.22
1577800848, 0, 0, 96, 96, 3, 16.89%, 0, 0, 2, 13.22
1577800853, 0, 0, 98, 98, 3, 16.89%, 0, 0, 2, 13.23
1577800863, 0, 0, 99, 99, 3, 16.89%, 0, 0, 2, 13.24
1577800868, 0, 0, 100, 100, 3, 16.89%, 0, 0, 2, 13.24
1577800873, 0, 0, 101, 101, 3, 16.89%, 0, 0, 2, 13.17
1577800879, 0, 0, 102, 102, 3, 16.89%, 0, 0, 2, 13.23
1577800972, 0, 0, 103, 103, 3, 16.89%, 0, 0, 2, 13.23
1577801149, 0, 0, 104, 104, 3, 16.89%, 0, 0, 2, 13.23
1577801170, 0, 0, 105, 105, 3, 16.90%, 0, 0, 2, 13.22
1577801290, 0, 0, 106, 106, 3, 16.90%, 0, 0, 2, 13.25
1577801628, 0, 0, 107, 107, 3, 16.95%, 0, 0, 2, 13.26
1577801648, 0, 0, 109, 109, 3, 16.96%, 0, 0, 2, 13.27
1577801685, 0, 0, 110, 110, 3, 16.96%, 0, 0, 2, 13.25
1577801711, 0, 0, 111, 111, 3, 16.96%, 0, 0, 2, 13.24
1577801737, 0, 0, 112, 112, 3, 16.96%, 0, 0, 2, 13.24
1577801747, 0, 0, 113, 113, 3, 16.96%, 0, 0, 2, 13.23
1577801924, 0, 0, 114, 114, 3, 16.96%, 0, 0, 2, 13.26
1577801939, 0, 0, 115, 115, 3, 16.99%, 0, 0, 2, 13.32
1577801944, 0, 0, 118, 118, 3, 17.01%, 0, 0, 2, 13.24
1577801950, 0, 0, 119, 119, 3, 17.01%, 0, 0, 2, 13.24
1577802028, 0, 0, 120, 120, 3, 17.01%, 0, 0, 2, 13.23
1577802044, 0, 0, 122, 122, 3, 17.02%, 0, 0, 2, 13.23
1577802049, 0, 0, 124, 124, 3, 17.02%, 0, 0, 2, 13.22
1577802059, 0, 0, 126, 126, 3, 17.02%, 0, 0, 2, 13.23
1577802064, 0, 0, 127, 127, 3, 17.02%, 0, 0, 2, 13.22
1577802148, 0, 0, 129, 129, 3, 17.03%, 0, 0, 2, 13.22
1577802163, 0, 0, 130, 130, 3, 17.03%, 0, 0, 2, 13.23
1577802179, 0, 0, 131, 131, 3, 17.03%, 0, 0, 2, 13.22
1577802361, 0, 0, 132, 132, 3, 17.04%, 0, 0, 2, 13.22
1577802372, 0, 0, 133, 133, 3, 17.04%, 0, 0, 2, 13.17
1577802377, 0, 0, 135, 135, 3, 17.04%, 0, 0, 2, 12.98
1577802387, 0, 0, 136, 136, 3, 17.04%, 0, 0, 2, 13.22
1577802475, 0, 0, 137, 137, 3, 17.05%, 0, 0, 2, 13.23
1577802491, 0, 0, 138, 138, 3, 17.05%, 0, 0, 2, 13.22
1577803121, 0, 0, 139, 139, 3, 17.05%, 0, 0, 2, 13.24
1577803261, 0, 0, 140, 140, 3, 17.05%, 0, 0, 2, 13.24
1577803282, 0, 0, 141, 141, 3, 17.05%, 0, 0, 2, 13.21
1577803287, 0, 0, 142, 142, 3, 17.05%, 0, 0, 2, 13.23
1577803292, 0, 0, 144, 144, 3, 17.05%, 0, 0, 2, 13.23
1577803360, 0, 0, 145, 145, 3, 17.05%, 0, 0, 2, 13.23
1577803375, 0, 0, 146, 146, 3, 17.05%, 0, 0, 2, 13.24
1577803386, 0, 0, 148, 148, 3, 17.06%, 0, 0, 2, 13.23
1577803396, 0, 0, 149, 149, 3, 17.06%, 0, 0, 2, 13.19
1577803401, 0, 0, 150, 150, 3, 17.06%, 0, 0, 2, 13.17
1577803422, 0, 0, 151, 151, 3, 17.06%, 0, 0, 2, 13.24
1577803432, 0, 0, 152, 152, 3, 17.07%, 0, 0, 2, 13.13
1577803437, 0, 0, 154, 154, 3, 17.07%, 0, 0, 2, 13.18
1577803489, 0, 0, 155, 155, 3, 17.07%, 0, 0, 2, 13.25
1577803520, 0, 0, 157, 157, 3, 17.08%, 0, 0, 2, 13.19
1577803541, 0, 0, 158, 158, 3, 17.08%, 0, 0, 2, 13.24
1577803588, 0, 0, 159, 159, 3, 17.08%, 0, 0, 2, 13.23
1577803629, 0, 0, 160, 160, 3, 17.08%, 0, 0, 2, 13.20
1577803676, 0, 0, 161, 161, 3, 17.09%, 0, 0, 2, 13.22
1577803692, 0, 0, 162, 162, 3, 17.09%, 0, 0, 2, 13.05
1577803748, 0, 0, 166, 166, 3, 17.10%, 0, 0, 2, 13.20
1577803753, 0, 0, 167, 167, 3, 17.10%, 0, 0, 2, 13.21
1577803867, 0, 0, 168, 168, 3, 17.10%, 0, 0, 2, 13.20
1577803887, 0, 0, 169, 169, 3, 17.10%, 0, 0, 2, 13.20
1577803893, 0, 0, 170, 170, 3, 17.12%, 0, 0, 2, 13.40
1577803903, 0, 0, 171, 171, 3, 17.12%, 0, 0, 2, 13.85
1577803908, 0, 0, 172, 172, 3, 17.12%, 0, 0, 2, 13.98
1577803913, 0, 0, 174, 174, 3, 17.12%, 0, 0, 2, 14.02
1577803919, 0, 0, 174, 174, 3, 17.12%, 0, 2, 2, 2.21
1577803924, 0, 0, 176, 176, 3, 17.12%, 0, 3, 2, 6.78
1577803929, 0, 0, 177, 177, 3, 17.12%, 0, 5, 2, 6.81
1577803934, 0, 0, 177, 177, 3, 17.12%, 0, 6, 2, 6.27
1577803945, 0, 0, 178, 178, 3, 17.13%, 0, 7, 2, 7.15
1577803950, 0, 0, 179, 179, 3, 17.13%, 0, 7, 2, 10.85
1577803966, 0, 0, 180, 180, 3, 17.13%, 0, 7, 2, 9.35
1577803991, 0, 0, 181, 181, 3, 17.13%, 0, 8, 2, 12.93
1577804007, 0, 0, 182, 182, 3, 17.14%, 0, 8, 2, 10.23
1577804012, 0, 0, 183, 183, 3, 17.14%, 0, 10, 2, 11.36
1577804027, 0, 0, 183, 183, 3, 17.14%, 0, 11, 2, 6.83
1577804053, 0, 0, 183, 183, 3, 17.14%, 0, 13, 2, 6.79
1577804069, 0, 0, 183, 183, 3, 17.14%, 0, 14, 2, 6.60
1577804090, 0, 0, 186, 186, 3, 17.14%, 0, 14, 2, 8.16
1577804105, 0, 0, 187, 187, 3, 17.14%, 0, 14, 2, 8.62
1577804141, 0, 0, 188, 188, 3, 17.14%, 0, 14, 2, 11.22
1577804183, 0, 0, 188, 188, 3, 17.14%, 0, 15, 2, 6.25
1577804230, 0, 0, 189, 189, 3, 17.14%, 0, 16, 2, 7.25
1577804245, 0, 0, 190, 190, 3, 17.14%, 0, 16, 2, 7.20
1577804261, 0, 0, 190, 190, 3, 17.14%, 0, 17, 2, 8.08
1577804276, 0, 0, 190, 190, 3, 17.14%, 0, 18, 2, 8.10
1577804291, 0, 0, 191, 191, 3, 17.14%, 0, 18, 2, 13.13
1577804306, 0, 0, 192, 192, 3, 17.14%, 0, 18, 2, 13.18
1577804347, 0, 0, 193, 193, 3, 17.15%, 0, 18, 2, 11.00
1577804421, 0, 0, 194, 194, 3, 17.15%, 0, 18, 2, 7.16
1577804452, 0, 0, 195, 195, 3, 17.15%, 0, 18, 2, 8.75
1577804606, 0, 0, 195, 195, 3, 17.15%, 0, 19, 2, 6.76
1577804622, 0, 0, 196, 196, 3, 17.15%, 0, 19, 2, 6.75
1577804653, 0, 0, 197, 197, 3, 17.15%, 0, 19, 2, 8.80
1577804746, 0, 0, 197, 197, 3, 17.15%, 1, 19, 2, 6.92
1577804756, 0, 0, 198, 198, 3, 17.15%, 1, 19, 2, 6.99
1577804788, 0, 0, 199, 199, 3, 17.15%, 1, 19, 2, 8.04
1577804839, 0, 0, 199, 199, 3, 17.15%, 1, 20, 2, 7.14
1577804896, 0, 0, 200, 200, 3, 17.15%, 1, 20, 2, 6.76
1577804917, 0, 0, 201, 201, 3, 17.15%, 1, 21, 2, 9.33
1577804927, 0, 0, 201, 201, 3, 17.15%, 1, 22, 2, 9.16
1577804933, 0, 0, 202, 202, 3, 17.15%, 1, 22, 2, 10.17
1577805035, 0, 0, 203, 203, 3, 17.15%, 1, 22, 2, 7.10
1577805159, 0, 0, 204, 204, 3, 17.15%, 1, 22, 2, 7.39
1577805174, 0, 0, 205, 205, 3, 17.15%, 1, 22, 2, 7.90
1577805371, 0, 0, 205, 205, 3, 17.15%, 1, 23, 2, 8.95
1577805587, 0, 0, 206, 206, 3, 17.15%, 1, 23, 2, 6.98
1577805732, 0, 0, 207, 207, 3, 17.15%, 1, 23, 2, 7.39
1577805737, 0, 0, 208, 208, 3, 17.15%, 1, 23, 2, 7.72
1577805752, 0, 0, 209, 209, 3, 17.15%, 1, 23, 2, 6.84
1577805886, 0, 0, 210, 210, 3, 17.15%, 1, 23, 2, 7.10
1577806117, 0, 0, 210, 210, 3, 17.15%, 1, 24, 2, 6.42
1577806302, 0, 0, 211, 211, 3, 17.15%, 1, 24, 2, 7.13
1577806338, 0, 0, 212, 212, 3, 17.15%, 1, 24, 2, 10.86
1577806436, 0, 0, 212, 212, 3, 17.15%, 2, 24, 2, 6.84
1577806441, 0, 0, 213, 213, 3, 17.15%, 2, 24, 2, 7.76
1577806564, 0, 0, 213, 213, 3, 17.15%, 2, 25, 2, 6.75
1577806574, 0, 0, 213, 213, 3, 17.15%, 3, 25, 2, 6.88
1577806585, 0, 0, 213, 213, 3, 17.15%, 3, 26, 2, 6.23
1577806734, 0, 0, 213, 213, 3, 17.15%, 4, 26, 2, 6.55
1577806898, 0, 0, 213, 213, 3, 17.15%, 5, 26, 2, 6.75
1577807123, 0, 0, 213, 213, 3, 17.15%, 5, 27, 2, 11.18
1577807340, 0, 0, 214, 214, 3, 17.15%, 5, 27, 2, 7.85
1577807474, 0, 0, 215, 215, 3, 17.15%, 5, 27, 2, 6.82
1577807495, 0, 0, 217, 217, 3, 17.15%, 5, 27, 2, 10.08
1577807505, 0, 0, 218, 218, 3, 17.15%, 5, 27, 2, 9.01
1577807812, 0, 0, 218, 218, 3, 17.15%, 6, 27, 2, 6.69
1577807957, 0, 0, 219, 219, 3, 17.15%, 6, 27, 2, 9.72
1577808070, 0, 0, 220, 220, 3, 17.15%, 6, 27, 2, 7.29
1577808226, 0, 0, 221, 221, 3, 17.16%, 6, 27, 2, 7.19
1577808344, 0, 0, 222, 222, 3, 17.16%, 6, 27, 2, 7.35
1577808489, 0, 0, 223, 223, 3, 17.16%, 6, 27, 2, 6.32
1577808731, 0, 0, 224, 224, 3, 17.29%, 6, 27, 2, 11.75
1577808736, 0, 0, 225, 225, 3, 17.34%, 6, 27, 2, 12.91
1577808741, 0, 0, 226, 226, 3, 17.34%, 6, 27, 2, 13.13
1577808746, 0, 0, 228, 228, 3, 17.35%, 6, 27, 2, 13.02
1577808751, 0, 0, 229, 229, 3, 17.35%, 6, 27, 2, 12.94
1577808756, 0, 0, 232, 232, 3, 17.36%, 6, 27, 2, 12.94
1577808761, 0, 0, 233, 233, 3, 17.36%, 6, 27, 2, 12.89
1577808766, 0, 0, 236, 236, 3, 17.39%, 6, 27, 2, 12.71
1577808772, 0, 0, 239, 239, 3, 17.39%, 6, 27, 2, 12.88
1577808777, 0, 0, 244, 244, 3, 17.40%, 6, 27, 2, 12.90
1577808782, 0, 0, 247, 247, 3, 17.40%, 6, 27, 2, 12.59
1577808787, 0, 0, 250, 250, 3, 17.40%, 6, 27, 2, 12.52
1577808802, 0, 0, 254, 254, 3, 17.40%, 6, 27, 2, 12.96
1577808807, 0, 0, 255, 255, 3, 17.40%, 6, 27, 2, 12.95
1577808812, 0, 0, 259, 259, 3, 17.42%, 7, 27, 2, 13.23
1577808818, 0, 0, 265, 265, 3, 17.44%, 7, 27, 2, 13.08
1577808828, 0, 0, 272, 272, 3, 17.50%, 7, 27, 2, 12.95
1577808833, 0, 0, 273, 273, 3, 17.50%, 7, 27, 2, 13.06
1577808843, 0, 0, 275, 275, 3, 17.50%, 8, 27, 2, 12.98
1577808853, 0, 0, 276, 276, 3, 17.51%, 8, 27, 2, 12.99
1577808858, 0, 0, 277, 277, 3, 17.51%, 8, 27, 2, 13.00
1577808864, 0, 0, 282, 282, 3, 17.51%, 8, 27, 2, 13.06
1577808869, 0, 0, 285, 285, 3, 17.52%, 8, 27, 2, 13.03
1577808874, 0, 0, 290, 290, 3, 17.53%, 8, 27, 2, 12.99
1577808879, 0, 0, 291, 291, 3, 17.54%, 8, 27, 2, 13.09
1577808924, 0, 0, 293, 293, 3, 17.54%, 8, 27, 2, 13.02
1577808935, 0, 0, 296, 296, 3, 17.54%, 8, 27, 2, 12.82
1577808950, 0, 0, 299, 299, 3, 17.54%, 8, 27, 2, 12.88
1577808955, 0, 0, 300, 300, 3, 17.54%, 8, 27, 2, 12.82
1577808960, 0, 0, 301, 301, 3, 17.55%, 8, 27, 2, 13.19
1577808965, 0, 0, 305, 305, 3, 17.55%, 8, 27, 2, 13.14
1577808976, 0, 0, 306, 306, 3, 17.55%, 8, 27, 2, 13.06
1577808981, 0, 0, 308, 308, 3, 17.55%, 8, 27, 2, 13.15
1577808986, 0, 0, 309, 309, 3, 17.55%, 8, 27, 2, 13.15
1577808991, 0, 0, 310, 310, 3, 17.55%, 8, 27, 2, 12.96
1577809006, 0, 0, 312, 312, 3, 17.55%, 8, 27, 2, 13.15
1577809011, 0, 0, 313, 313, 3, 17.55%, 8, 27, 2, 13.12
1577809016, 0, 0, 314, 314, 3, 17.55%, 8, 27, 2, 13.08
1577809031, 0, 0, 315, 315, 3, 17.55%, 8, 27, 2, 13.09
1577809046, 0, 0, 317, 317, 3, 17.55%, 8, 27, 2, 13.16
1577809056, 0, 0, 319, 319, 3, 17.55%, 8, 27, 2, 13.10
1577809061, 0, 0, 321, 321, 3, 17.55%, 8, 27, 2, 12.86
1577809067, 0, 0, 322, 322, 3, 17.55%, 8, 27, 2, 12.92
1577809072, 0, 0, 323, 323, 3, 17.55%, 8, 27, 2, 13.08
1577809082, 0, 0, 325, 325, 3, 17.55%, 8, 27, 2, 13.04
1577809087, 0, 0, 326, 326, 3, 17.55%, 8, 27, 2, 12.97
1577809092, 0, 0, 327, 327, 3, 17.55%, 8, 27, 2, 12.62
1577809102, 0, 0, 328, 328, 3, 17.55%, 8, 27, 2, 12.91
1577809117, 0, 0, 329, 329, 3, 17.55%, 8, 27, 2, 12.84
1577809123, 0, 0, 330, 330, 3, 17.55%, 8, 27, 2, 13.01
1577809128, 0, 0, 331, 331, 3, 17.55%, 8, 27, 2, 12.79
1577809133, 0, 0, 332, 332, 3, 17.55%, 8, 27, 2, 12.86
1577809138, 0, 0, 335, 335, 3, 17.55%, 8, 27, 2, 12.91
1577809148, 0, 0, 336, 336, 3, 17.55%, 8, 27, 2, 13.01
1577809153, 0, 0, 338, 338, 3, 17.55%, 8, 27, 2, 13.08
1577809158, 0, 0, 339, 339, 3, 17.55%, 8, 27, 2, 13.15
1577809163, 0, 0, 342, 342, 3, 17.55%, 8, 27, 2, 13.14
1577809173, 0, 0, 344, 344, 3, 17.55%, 8, 27, 2, 13.09
1577809183, 0, 0, 346, 346, 3, 17.55%, 8, 27, 2, 13.05
1577809188, 0, 0, 347, 347, 3, 17.55%, 8, 27, 2, 13.02
1577809194, 0, 0, 348, 348, 3, 17.55%, 8, 27, 2, 13.01
1577809199, 0, 0, 350, 350, 3, 17.55%, 8, 27, 2, 13.05
1577809204, 0, 0, 351, 351, 3, 17.55%, 8, 27, 2, 12.97
1577809209, 0, 0, 353, 353, 3, 17.55%, 8, 27, 2, 12.98
1577809219, 0, 0, 355, 355, 3, 17.55%, 8, 27, 2, 13.05
1577809229, 0, 0, 358, 358, 3, 17.55%, 8, 27, 2, 12.89
1577809239, 0, 0, 360, 360, 3, 17.55%, 8, 27, 2, 12.98
1577809245, 0, 0, 361, 361, 3, 17.55%, 8, 27, 2, 12.88
1577809250, 0, 0, 363, 363, 3, 17.55%, 8, 27, 2, 12.97
1577809255, 0, 0, 365, 365, 3, 17.55%, 8, 27, 2, 13.05
1577809270, 0, 0, 367, 367, 3, 17.55%, 8, 27, 2, 12.97
1577809275, 0, 0, 369, 369, 3, 17.55%, 8, 27, 2, 12.99
1577809280, 0, 0, 371, 371, 3, 17.55%, 8, 27, 2, 12.98
1577809295, 0, 0, 373, 373, 3, 17.55%, 8, 27, 2, 12.99
1577809301, 0, 0, 374, 374, 3, 17.55%, 8, 27, 2, 12.66
1577809306, 0, 0, 377, 377, 3, 17.55%, 8, 27, 2, 12.85
1577809311, 0, 0, 378, 378, 3, 17.55%, 8, 27, 2, 12.89
1577809316, 0, 0, 379, 379, 3, 17.55%, 8, 27, 2, 12.79
1577809321, 0, 0, 380, 380, 3, 17.56%, 8, 27, 2, 12.72
1577809326, 0, 0, 381, 381, 3, 17.56%, 8, 27, 2, 12.93
1577809331, 0, 0, 382, 382, 3, 17.56%, 9, 27, 2, 13.08
1577809367, 0, 0, 383, 383, 3, 17.57%, 9, 27, 2, 13.02
1577809372, 0, 0, 384, 384, 3, 17.57%, 9, 27, 2, 13.06
1577809377, 0, 0, 385, 385, 3, 17.59%, 9, 27, 2, 13.12
1577809382, 0, 0, 389, 389, 3, 17.60%, 9, 27, 2, 13.13
1577809387, 0, 0, 390, 390, 3, 17.60%, 9, 27, 2, 13.17
1577809392, 0, 0, 391, 391, 3, 17.60%, 9, 27, 2, 12.18
1577809408, 0, 0, 392, 392, 3, 17.60%, 9, 27, 2, 12.75
1577809413, 0, 0, 394, 394, 3, 17.61%, 9, 27, 2, 12.77
1577809418, 0, 0, 396, 396, 3, 17.62%, 9, 27, 2, 13.07
1577809423, 0, 0, 397, 397, 3, 17.62%, 9, 27, 2, 12.79
1577809428, 0, 0, 400, 400, 3, 17.64%, 9, 27, 2, 13.04
1577809433, 0, 0, 405, 405, 3, 17.64%, 9, 27, 2, 13.12
1577809438, 0, 0, 408, 408, 3, 17.65%, 9, 27, 2, 13.08
1577809444, 0, 0, 410, 410, 3, 17.65%, 9, 27, 2, 12.87
1577809485, 0, 0, 414, 414, 3, 17.65%, 9, 27, 2, 12.80
1577809490, 0, 0, 415, 415, 3, 17.65%, 9, 27, 2, 12.62
1577809495, 0, 0, 416, 416, 3, 17.65%, 9, 27, 2, 12.97
1577809505, 0, 0, 417, 417, 3, 17.65%, 9, 27, 2, 13.13
1577809520, 0, 0, 418, 418, 3, 17.66%, 9, 27, 2, 12.90
1577809525, 0, 0, 420, 420, 3, 17.66%, 9, 27, 2, 13.01
1577809530, 0, 0, 420, 420, 3, 17.66%, 10, 27, 2, 13.91
1577809535, 0, 0, 421, 421, 3, 17.66%, 10, 27, 2, 13.35
1577809540, 0, 0, 424, 424, 3, 17.67%, 10, 27, 2, 13.24
1577809545, 0, 0, 426, 426, 3, 17.67%, 10, 27, 2, 13.16
1577809586, 0, 0, 427, 427, 3, 17.67%, 10, 27, 2, 12.88
1577809591, 0, 0, 428, 428, 3, 17.67%, 10, 27, 2, 13.08
1577809596, 0, 0, 429, 429, 3, 17.67%, 10, 27, 2, 13.11
1577809642, 0, 0, 432, 432, 3, 17.68%, 10, 27, 2, 13.11
1577809688, 0, 0, 433, 433, 3, 17.68%, 10, 27, 2, 13.21
1577809754, 0, 0, 435, 435, 3, 17.69%, 10, 27, 2, 13.03
1577809764, 0, 0, 439, 439, 3, 17.71%, 10, 27, 2, 12.96
1577809769, 0, 0, 442, 442, 3, 17.71%, 10, 27, 2, 13.04
1577809790, 0, 0, 444, 444, 3, 17.72%, 10, 27, 2, 12.97
1577809795, 0, 0, 446, 446, 3, 17.72%, 10, 27, 2, 13.08
1577809805, 0, 0, 447, 447, 3, 17.72%, 10, 27, 2, 11.59
1577809825, 0, 0, 448, 448, 3, 17.72%, 10, 27, 2, 7.54
1577809851, 0, 0, 449, 449, 3, 17.72%, 10, 27, 2, 7.17
1577809861, 0, 0, 450, 450, 3, 17.73%, 10, 27, 2, 6.95
1577809866, 0, 0, 452, 452, 3, 17.73%, 10, 27, 2, 6.91
1577809872, 0, 0, 455, 455, 3, 17.73%, 10, 27, 2, 6.61
1577809877, 0, 0, 457, 457, 3, 17.73%, 10, 27, 2, 6.81
1577809897, 0, 0, 458, 458, 3, 17.73%, 10, 27, 2, 11.25
1577809902, 0, 0, 460, 460, 3, 17.74%, 10, 27, 2, 10.67
1577809908, 0, 0, 461, 461, 3, 17.74%, 10, 27, 2, 11.86
1577809913, 0, 0, 463, 463, 3, 17.74%, 10, 27, 2, 12.47
1577809918, 0, 0, 465, 465, 3, 17.74%, 10, 27, 2, 12.94
1577809958, 0, 0, 467, 467, 3, 17.74%, 10, 27, 2, 13.17
1577809963, 0, 0, 468, 468, 3, 17.74%, 10, 27, 2, 13.18
1577809968, 0, 0, 469, 469, 3, 17.74%, 10, 27, 2, 13.21
1577809973, 0, 0, 470, 470, 3, 17.74%, 10, 27, 2, 13.21
1577809979, 0, 0, 471, 471, 3, 17.74%, 10, 27, 2, 13.20
1577809984, 0, 0, 473, 473, 3, 17.74%, 10, 27, 2, 13.18
1577809989, 0, 0, 474, 474, 3, 17.74%, 10, 27, 2, 13.17
1577809994, 0, 0, 476, 476, 3, 17.75%, 10, 27, 2, 13.20
1577810004, 0, 0, 479, 479, 3, 17.75%, 10, 27, 2, 13.18
1577810009, 0, 0, 480, 480, 3, 17.75%, 10, 27, 2, 13.23
1577810014, 0, 0, 481, 481, 3, 17.75%, 10, 27, 2, 13.20
1577810019, 0, 0, 485, 485, 3, 17.76%, 10, 27, 2, 13.19
1577810024, 0, 0, 486, 486, 3, 17.76%, 10, 27, 2, 13.20
1577810040, 0, 0, 489, 489, 3, 17.76%, 10, 27, 2, 13.14
1577810045, 0, 0, 490, 490, 3, 17.76%, 10, 27, 2, 13.16
1577810050, 0, 0, 491, 491, 3, 17.76%, 10, 27, 2, 13.16
1577810055, 0, 0, 492, 492, 3, 17.76%, 10, 27, 2, 13.17
1577810060, 0, 0, 493, 493, 3, 17.76%, 10, 27, 2, 13.13
1577810095, 0, 0, 494, 494, 3, 17.76%, 10, 27, 2, 12.96
1577810100, 0, 0, 495, 495, 3, 17.76%, 10, 27, 2, 13.07
1577810105, 0, 0, 497, 497, 3, 17.76%, 10, 27, 2, 12.89
1577810115, 0, 0, 498, 498, 3, 17.76%, 10, 27, 2, 13.15
1577810121, 0, 0, 499, 499, 3, 17.76%, 10, 27, 2, 13.07
1577810131, 0, 0, 500, 500, 3, 17.76%, 10, 27, 2, 13.20
1577810141, 0, 0, 502, 502, 3, 17.76%, 10, 27, 2, 13.14
1577810146, 0, 0, 503, 503, 3, 17.76%, 10, 27, 2, 13.17
1577810156, 0, 0, 505, 505, 3, 17.76%, 10, 27, 2, 13.20
1577810161, 0, 0, 508, 508, 3, 17.76%, 10, 27, 2, 13.20
1577810176, 0, 0, 509, 509, 3, 17.76%, 10, 27, 2, 13.18
1577810181, 0, 0, 510, 510, 3, 17.76%, 10, 27, 2, 13.16
1577810191, 0, 0, 512, 512, 3, 17.76%, 10, 27, 2, 13.13
1577810196, 0, 0, 513, 513, 3, 17.76%, 10, 27, 2, 13.08
1577810232, 0, 0, 514, 514, 3, 17.76%, 10, 27, 2, 13.09
1577810242, 0, 0, 515, 515, 3, 17.76%, 10, 27, 2, 13.15
1577810252, 0, 0, 516, 516, 3, 17.76%, 10, 27, 2, 12.98
1577810267, 0, 0, 517, 517, 3, 17.76%, 10, 27, 2, 13.15
1577810277, 0, 0, 518, 518, 3, 17.76%, 10, 27, 2, 12.93
1577810282, 0, 0, 519, 519, 3, 17.76%, 10, 27, 2, 12.87
1577810287, 0, 0, 520, 520, 3, 17.76%, 10, 27, 2, 12.97
1577810292, 0, 0, 522, 522, 3, 17.76%, 10, 27, 2, 12.95
1577810298, 0, 0, 525, 525, 3, 17.76%, 10, 27, 2, 12.93
1577810303, 0, 0, 526, 526, 3, 17.76%, 10, 27, 2, 12.74
1577810370, 0, 0, 527, 527, 3, 17.76%, 10, 27, 2, 6.71
1577810375, 0, 0, 528, 528, 3, 17.76%, 10, 27, 2, 6.65
1577810385, 0, 0, 529, 529, 3, 17.76%, 10, 27, 2, 6.74
1577810400, 0, 0, 530, 530, 3, 17.76%, 10, 27, 2, 11.59
1577810421, 0, 0, 532, 532, 3, 17.76%, 10, 27, 2, 12.56
1577810431, 0, 0, 533, 533, 3, 17.76%, 10, 27, 2, 12.61
1577810447, 0, 0, 534, 534, 3, 17.76%, 10, 27, 2, 12.40
1577810457, 0, 0, 536, 536, 3, 17.76%, 10, 27, 2, 12.51
1577810519, 0, 0, 538, 538, 3, 17.76%, 10, 27, 2, 12.50
1577810524, 0, 0, 539, 539, 3, 17.76%, 10, 27, 2, 11.96
1577810559, 0, 0, 540, 540, 3, 17.76%, 10, 27, 2, 12.72
1577810564, 0, 0, 541, 541, 3, 17.76%, 10, 27, 2, 12.95
1577810580, 0, 0, 542, 542, 3, 17.76%, 11, 27, 2, 12.81
1577810585, 0, 0, 543, 543, 3, 17.76%, 11, 27, 2, 12.53
1577810590, 0, 0, 546, 546, 3, 17.79%, 11, 27, 2, 12.63
1577810647, 0, 0, 547, 547, 3, 17.79%, 11, 27, 2, 10.24
1577810658, 0, 0, 549, 549, 3, 17.80%, 11, 27, 2, 11.07
1577810663, 0, 0, 551, 551, 3, 17.81%, 11, 27, 2, 11.35
1577810668, 0, 0, 552, 552, 3, 17.81%, 11, 27, 2, 12.03
1577810694, 0, 0, 553, 553, 3, 17.81%, 11, 27, 2, 11.27
1577810705, 0, 0, 556, 556, 3, 17.82%, 11, 27, 2, 11.00
1577810710, 0, 0, 558, 558, 3, 17.82%, 11, 27, 2, 11.41
1577810715, 0, 0, 559, 559, 3, 17.83%, 11, 27, 2, 11.38
1577810771, 0, 0, 560, 560, 3, 17.83%, 11, 27, 2, 11.79
1577810786, 0, 0, 561, 561, 3, 17.83%, 11, 27, 2, 12.55
1577810838, 0, 0, 562, 562, 3, 17.83%, 11, 27, 2, 12.61
1577810848, 0, 0, 564, 564, 3, 17.84%, 11, 27, 2, 12.64
1577810858, 0, 0, 565, 565, 3, 17.84%, 11, 27, 2, 12.41
1577810879, 0, 0, 567, 567, 3, 17.84%, 11, 27, 2, 12.28
1577810884, 0, 0, 569, 569, 3, 17.84%, 11, 27, 2, 12.44
1577810899, 0, 0, 570, 570, 3, 17.84%, 11, 27, 2, 12.53
1577810909, 0, 0, 572, 572, 3, 17.85%, 11, 27, 2, 12.55
1577810919, 0, 0, 573, 573, 3, 17.86%, 11, 27, 2, 12.38
1577810960, 0, 0, 575, 575, 3, 17.86%, 11, 27, 2, 12.75
1577810965, 0, 0, 576, 576, 3, 17.87%, 11, 27, 2, 12.81
1577810970, 0, 0, 577, 577, 3, 17.87%, 11, 27, 2, 12.77
1577810975, 0, 0, 578, 578, 3, 17.87%, 11, 27, 2, 12.71
1577810991, 0, 0, 579, 579, 3, 17.87%, 11, 27, 2, 12.60
1577811011, 0, 0, 582, 582, 3, 17.88%, 11, 27, 2, 12.02
1577811016, 0, 0, 584, 584, 3, 17.88%, 11, 27, 2, 12.23
1577811022, 0, 0, 586, 586, 3, 17.88%, 11, 27, 2, 12.24
1577811063, 0, 0, 587, 587, 3, 17.88%, 11, 27, 2, 12.20
1577811089, 0, 0, 588, 588, 3, 17.89%, 11, 27, 2, 11.96
1577811094, 0, 0, 590, 590, 3, 17.89%, 11, 27, 2, 11.95
1577811099, 0, 0, 592, 592, 3, 17.89%, 11, 27, 2, 11.72
1577811104, 0, 0, 593, 593, 3, 17.89%, 11, 27, 2, 11.38
1577811155, 0, 0, 594, 594, 3, 17.89%, 11, 27, 2, 10.44
1577811170, 0, 0, 596, 596, 3, 17.89%, 11, 27, 2, 10.38
1577811191, 0, 0, 597, 597, 3, 17.89%, 11, 27, 2, 10.60
1577811196, 0, 0, 598, 598, 3, 17.89%, 11, 27, 2, 10.53
1577811201, 0, 0, 600, 600, 3, 17.89%, 11, 27, 2, 10.43
1577811206, 0, 0, 601, 601, 3, 17.89%, 11, 27, 2, 10.86
1577811253, 0, 0, 602, 602, 3, 17.89%, 11, 27, 2, 10.52
1577811300, 0, 0, 604, 604, 3, 17.89%, 11, 27, 2, 10.92
1577811305, 0, 0, 606, 606, 3, 17.89%, 11, 27, 2, 10.81
1577811310, 0, 0, 607, 607, 3, 17.89%, 11, 27, 2, 10.33
1577811377, 0, 0, 608, 608, 3, 17.89%, 11, 27, 2, 10.38
1577811397, 0, 0, 610, 610, 3, 17.89%, 11, 27, 2, 9.94
1577811402, 0, 0, 611, 611, 3, 17.89%, 11, 27, 2, 9.41
1577811413, 0, 0, 612, 612, 3, 17.89%, 11, 27, 2, 9.57
1577811490, 0, 0, 613, 613, 3, 17.89%, 11, 27, 2, 7.72
1577811510, 0, 0, 614, 614, 3, 17.89%, 11, 27, 2, 9.97
1577811516, 0, 0, 616, 616, 3, 17.89%, 11, 27, 2, 10.13
1577811769, 0, 0, 617, 617, 3, 17.89%, 11, 27, 2, 9.10
1577811866, 0, 0, 620, 620, 3, 17.89%, 11, 27, 2, 11.27
1577811958, 0, 0, 621, 621, 3, 17.89%, 11, 27, 2, 11.67
1577811968, 0, 0, 622, 622, 3, 17.90%, 11, 27, 2, 11.46
1577811973, 0, 0, 626, 626, 3, 17.91%, 11, 27, 2, 11.58
1577811978, 0, 0, 627, 627, 3, 17.91%, 11, 27, 2, 11.84
1577811983, 0, 0, 628, 628, 3, 17.91%, 11, 27, 2, 11.86
1577811999, 0, 0, 629, 629, 3, 17.91%, 11, 27, 2, 11.91
1577812024, 0, 0, 630, 630, 3, 17.91%, 11, 27, 2, 11.85
1577812029, 0, 0, 633, 633, 3, 17.91%, 11, 27, 2, 11.76
1577812034, 0, 0, 635, 635, 3, 17.93%, 11, 27, 2, 11.89
1577812039, 0, 0, 638, 638, 3, 17.94%, 11, 27, 2, 11.97
1577812044, 0, 0, 639, 639, 3, 17.94%, 11, 27, 2, 11.95
1577812049, 0, 0, 640, 640, 3, 17.94%, 11, 27, 2, 11.90
1577812060, 0, 0, 644, 644, 3, 17.96%, 11, 27, 2, 11.42
1577812065, 0, 0, 646, 646, 3, 17.96%, 11, 27, 2, 11.74
1577812070, 0, 0, 648, 648, 3, 17.96%, 11, 27, 2, 11.77
1577812085, 0, 0, 650, 650, 3, 17.97%, 11, 27, 2, 11.87
1577812090, 0, 0, 652, 652, 3, 17.97%, 11, 27, 2, 11.86
1577812095, 0, 0, 653, 653, 3, 17.97%, 11, 27, 2, 11.88
1577812100, 0, 0, 654, 654, 3, 17.97%, 11, 27, 2, 11.88
1577812105, 0, 0, 656, 656, 3, 17.97%, 11, 27, 2, 11.84
1577812110, 0, 0, 658, 658, 3, 17.97%, 11, 27, 2, 11.70
1577812115, 0, 0, 660, 660, 3, 17.97%, 11, 27, 2, 11.77
1577812121, 0, 0, 661, 661, 3, 17.97%, 11, 27, 2, 11.65
1577812126, 0, 0, 662, 662, 3, 17.97%, 11, 27, 2, 11.30
1577812131, 0, 0, 663, 663, 3, 17.97%, 11, 27, 2, 10.23
1577812146, 0, 0, 665, 665, 3, 17.97%, 11, 27, 2, 10.14
1577812156, 0, 0, 667, 667, 3, 17.97%, 11, 27, 2, 11.48
1577812161, 0, 0, 669, 669, 3, 17.97%, 11, 27, 2, 11.88
1577812167, 0, 0, 670, 670, 3, 17.97%, 11, 27, 2, 11.99
1577812177, 0, 0, 671, 671, 3, 17.97%, 11, 27, 2, 11.80
1577812228, 0, 0, 672, 672, 3, 17.97%, 11, 27, 2, 11.89
1577812249, 0, 0, 673, 673, 3, 17.97%, 11, 27, 2, 12.02
1577812289, 0, 0, 674, 674, 3, 17.97%, 11, 27, 2, 11.74
1577812299, 0, 0, 676, 676, 3, 17.97%, 11, 27, 2, 11.62
1577812315, 0, 0, 677, 677, 3, 17.98%, 11, 27, 2, 11.83
1577812325, 0, 0, 679, 679, 3, 17.99%, 11, 27, 2, 11.81
1577812345, 0, 0, 680, 680, 3, 17.99%, 11, 27, 2, 11.84
1577812350, 0, 0, 681, 681, 3, 17.99%, 11, 27, 2, 11.86
1577812360, 0, 0, 682, 682, 3, 17.99%, 11, 27, 2, 11.92
1577812371, 0, 0, 683, 683, 3, 17.99%, 11, 27, 2, 11.95
1577812381, 0, 0, 684, 684, 3, 17.99%, 11, 27, 2, 11.96
1577812422, 0, 0, 688, 688, 3, 18.01%, 11, 27, 2, 11.93
1577812427, 0, 0, 689, 689, 3, 18.01%, 11, 27, 2, 11.98
1577812448, 0, 0, 690, 690, 3, 18.01%, 11, 27, 2, 12.05
1577812458, 0, 0, 691, 691, 3, 18.03%, 11, 27, 2, 12.19
1577812463, 0, 0, 693, 693, 3, 18.03%, 11, 27, 2, 12.02
1577812468, 0, 0, 694, 694, 3, 18.03%, 11, 27, 2, 11.95
1577812473, 0, 0, 695, 695, 3, 18.03%, 11, 27, 2, 12.01
1577812489, 0, 0, 696, 696, 3, 18.04%, 11, 27, 2, 11.68
1577812494, 0, 0, 697, 697, 3, 18.05%, 11, 27, 2, 11.62
1577812499, 0, 0, 700, 700, 3, 18.07%, 11, 27, 2, 11.68
1577812504, 0, 0, 702, 702, 3, 18.09%, 11, 27, 2, 12.04
1577812514, 0, 0, 703, 703, 3, 18.09%, 11, 27, 2, 11.51
1577812519, 0, 0, 707, 707, 3, 18.13%, 11, 27, 2, 10.94
1577812525, 0, 0, 710, 710, 3, 18.14%, 11, 27, 2, 10.97
1577812530, 0, 0, 714, 714, 3, 18.14%, 11, 27, 2, 11.30
1577812550, 0, 0, 715, 715, 3, 18.15%, 11, 27, 2, 10.98
1577812556, 0, 0, 716, 716, 3, 18.15%, 11, 27, 2, 10.83
1577812566, 0, 0, 719, 719, 3, 18.15%, 11, 27, 2, 10.16
1577812617, 0, 0, 721, 721, 3, 18.16%, 11, 27, 2, 11.91
1577812627, 0, 0, 722, 722, 3, 18.16%, 11, 27, 2, 11.72
1577812632, 0, 0, 724, 724, 3, 18.16%, 11, 27, 2, 11.41
1577812637, 0, 0, 726, 726, 3, 18.16%, 11, 27, 2, 11.90
1577812653, 0, 0, 729, 729, 3, 18.17%, 11, 27, 2, 11.90
1577812658, 0, 0, 732, 732, 3, 18.17%, 11, 27, 2, 11.81
1577812663, 0, 0, 734, 734, 3, 18.17%, 11, 27, 2, 11.44
1577812668, 0, 0, 735, 735, 3, 18.17%, 11, 27, 2, 10.92
1577812673, 0, 0, 736, 736, 3, 18.17%, 11, 27, 2, 10.16
1577812719, 0, 0, 738, 738, 3, 18.17%, 11, 27, 2, 9.27
1577812740, 0, 0, 739, 739, 3, 18.17%, 11, 27, 2, 6.62
1577812745, 0, 0, 740, 740, 3, 18.17%, 11, 27, 2, 6.34
1577812750, 0, 0, 741, 741, 3, 18.17%, 11, 27, 2, 6.14
1577812761, 0, 0, 743, 743, 3, 18.17%, 11, 27, 2, 5.90
1577812766, 0, 0, 744, 744, 3, 18.17%, 11, 27, 2, 6.90
1577812781, 0, 0, 745, 745, 3, 18.17%, 11, 27, 2, 9.03
1577812786, 0, 0, 747, 747, 3, 18.17%, 11, 27, 2, 10.25
1577812791, 0, 0, 749, 749, 3, 18.17%, 11, 27, 2, 10.91
1577812796, 0, 0, 750, 750, 3, 18.17%, 11, 27, 2, 11.13
1577812802, 0, 0, 751, 751, 3, 18.17%, 11, 27, 2, 11.12
1577812822, 0, 0, 752, 752, 3, 18.17%, 11, 27, 2, 10.86
1577812843, 0, 0, 753, 753, 3, 18.17%, 11, 27, 2, 10.67
1577812863, 0, 0, 755, 755, 3, 18.17%, 11, 27, 2, 10.41
1577812879, 0, 0, 756, 756, 3, 18.17%, 11, 27, 2, 11.06
1577812884, 0, 0, 758, 758, 3, 18.17%, 11, 27, 2, 10.92
1577812889, 0, 0, 760, 760, 3, 18.17%, 11, 27, 2, 10.74
1577812894, 0, 0, 761, 761, 3, 18.17%, 11, 27, 2, 10.76
1577812899, 0, 0, 763, 763, 3, 18.17%, 11, 27, 2, 10.72
1577812925, 0, 0, 764, 764, 3, 18.17%, 11, 27, 2, 10.53
1577812945, 0, 0, 765, 765, 3, 18.17%, 11, 27, 2, 10.70
1577812951, 0, 0, 766, 766, 3, 18.17%, 11, 27, 2, 10.72
1577812956, 0, 0, 768, 768, 3, 18.17%, 11, 27, 2, 10.83
1577812961, 0, 0, 770, 770, 3, 18.17%, 11, 27, 2, 10.64
1577813162, 0, 0, 771, 771, 3, 18.17%, 11, 27, 2, 9.60
1577813167, 0, 0, 773, 773, 3, 18.18%, 11, 27, 2, 9.80
1577813172, 0, 0, 775, 775, 3, 18.18%, 11, 27, 2, 9.78
1577813383, 0, 0, 778, 778, 3, 18.19%, 11, 27, 2, 10.67
1577813388, 0, 0, 779, 779, 3, 18.19%, 11, 27, 2, 10.69
1577813583, 0, 0, 780, 780, 3, 18.19%, 11, 27, 2, 10.55
1577813588, 0, 0, 782, 782, 3, 18.19%, 11, 27, 2, 10.55
1577813784, 0, 0, 784, 784, 3, 18.19%, 11, 27, 2, 10.84
1577813789, 0, 0, 785, 785, 3, 18.19%, 11, 27, 2, 10.83
1577813973, 0, 0, 787, 787, 3, 18.19%, 11, 27, 2, 12.69
1577814303, 0, 0, 788, 788, 3, 18.19%, 11, 27, 2, 12.77
1577814309, 0, 0, 789, 789, 3, 18.19%, 11, 27, 2, 12.37
1577814474, 0, 0, 791, 791, 3, 18.19%, 11, 27, 2, 12.89
1577814479, 0, 0, 792, 792, 3, 18.19%, 11, 27, 2, 12.79
1577814809, 0, 0, 793, 793, 3, 18.19%, 11, 27, 2, 12.92
1577818252, 0, 0, 794, 794, 3, 18.19%, 11, 27, 2, 10.36
1577818602, 0, 0, 796, 796, 3, 18.19%, 11, 27, 2, 12.96
1577818766, 0, 0, 797, 797, 3, 18.19%, 11, 27, 2, 12.75
1577818847, 0, 0, 799, 799, 3, 18.19%, 11, 27, 2, 12.41
1577818857, 0, 0, 801, 801, 3, 18.20%, 11, 27, 2, 12.68
1577818863, 0, 0, 803, 803, 3, 18.20%, 11, 27, 2, 12.79
1577818868, 0, 0, 804, 804, 3, 18.20%, 11, 27, 2, 12.52
1577818873, 0, 0, 805, 805, 3, 18.20%, 11, 27, 2, 12.69
1577818878, 0, 0, 806, 806, 3, 18.20%, 12, 27, 2, 11.67
1577818883, 0, 0, 808, 808, 3, 18.20%, 12, 27, 2, 12.15
1577818888, 0, 0, 810, 810, 3, 18.20%, 12, 27, 2, 12.87
1577818904, 0, 0, 811, 811, 3, 18.20%, 12, 27, 2, 12.61
1577818909, 0, 0, 813, 813, 3, 18.20%, 12, 27, 2, 12.63
1577818935, 0, 0, 814, 814, 3, 18.20%, 12, 27, 2, 12.71
1577818940, 0, 0, 815, 815, 3, 18.20%, 12, 27, 2, 10.94
1577818950, 0, 0, 816, 816, 3, 18.20%, 12, 27, 2, 11.99
1577818955, 0, 0, 818, 818, 3, 18.20%, 12, 27, 2, 12.68
1577818960, 0, 0, 819, 819, 3, 18.20%, 12, 27, 2, 12.85
1577819001, 0, 0, 820, 820, 3, 18.20%, 12, 27, 2, 12.89
1577819012, 0, 0, 821, 821, 3, 18.20%, 12, 27, 2, 12.77
1577819345, 0, 0, 823, 823, 3, 18.20%, 12, 27, 2, 12.97
1577819836, 0, 0, 824, 824, 3, 18.20%, 12, 27, 2, 13.00
1577821733, 0, 0, 827, 827, 3, 18.20%, 12, 27, 2, 12.70
1577821743, 0, 0, 828, 828, 3, 18.20%, 12, 27, 2, 12.70
1577821748, 0, 0, 829, 829, 3, 18.20%, 12, 27, 2, 12.47
1577821758, 0, 0, 830, 830, 3, 18.20%, 12, 27, 2, 12.63
1577821764, 0, 0, 831, 831, 3, 18.20%, 12, 27, 2, 12.71
1577821779, 0, 0, 832, 832, 3, 18.20%, 12, 27, 2, 12.35
1577821784, 0, 0, 833, 833, 3, 18.20%, 12, 27, 2, 12.44
1577821913, 0, 0, 834, 834, 3, 18.20%, 12, 27, 2, 9.57
1577821918, 0, 0, 836, 836, 3, 18.20%, 12, 27, 2, 8.21
1577821923, 0, 0, 838, 838, 3, 18.20%, 12, 27, 2, 7.23
1577821928, 0, 0, 839, 839, 3, 18.20%, 12, 27, 2, 7.31
1577821974, 0, 0, 840, 840, 3, 18.20%, 12, 27, 2, 10.11
1577821984, 0, 0, 841, 841, 3, 18.20%, 12, 27, 2, 12.03
1577822000, 0, 0, 843, 843, 3, 18.20%, 12, 27, 2, 12.64
1577822005, 0, 0, 845, 845, 3, 18.20%, 12, 27, 2, 12.54
1577822010, 0, 0, 847, 847, 3, 18.20%, 12, 27, 2, 12.76
1577822077, 0, 0, 848, 848, 3, 18.20%, 12, 27, 2, 10.32
1577822092, 0, 0, 849, 849, 3, 18.20%, 12, 27, 2, 10.60
1577822098, 0, 0, 850, 850, 3, 18.20%, 12, 27, 2, 10.76
1577822103, 0, 0, 853, 853, 3, 18.20%, 12, 27, 2, 11.33
1577822113, 0, 0, 854, 854, 3, 18.20%, 12, 27, 2, 11.38
1577822164, 0, 0, 855, 855, 3, 18.20%, 12, 27, 2, 11.34
1577822169, 0, 0, 856, 856, 3, 18.20%, 12, 27, 2, 11.81
1577824718, 0, 0, 857, 857, 3, 18.20%, 12, 27, 2, 11.08
1577824784, 0, 0, 858, 858, 3, 18.20%, 12, 27, 2, 13.23
1577824789, 0, 0, 859, 859, 3, 18.20%, 12, 27, 2, 13.23
1577824851, 0, 0, 860, 860, 3, 18.20%, 12, 27, 2, 13.25
1577824856, 0, 0, 861, 861, 3, 18.20%, 12, 27, 2, 12.81
1577824923, 0, 0, 862, 862, 3, 18.20%, 12, 27, 2, 13.20
1577824980, 0, 0, 864, 864, 3, 18.20%, 12, 27, 2, 13.21
1577824990, 0, 0, 866, 866, 3, 18.20%, 12, 27, 2, 13.19
1577824995, 0, 0, 868, 868, 3, 18.20%, 12, 27, 2, 13.17
1577825051, 0, 0, 870, 870, 3, 18.20%, 12, 27, 2, 13.20
1577825061, 0, 0, 871, 871, 3, 18.20%, 12, 27, 2, 13.23
1577825066, 0, 0, 872, 872, 3, 18.20%, 12, 27, 2, 13.15
1577825122, 0, 0, 873, 873, 3, 18.20%, 12, 27, 2, 13.22
1577825132, 0, 0, 874, 874, 3, 18.20%, 12, 27, 2, 13.19
1577825137, 0, 0, 875, 875, 3, 18.20%, 12, 27, 2, 13.21
1577825188, 0, 0, 876, 876, 3, 18.20%, 12, 27, 2, 13.16
1577825198, 0, 0, 877, 877, 3, 18.20%, 12, 27, 2, 13.17
1577825244, 0, 0, 878, 878, 3, 18.20%, 12, 27, 2, 13.16
1577825270, 0, 0, 879, 879, 3, 18.20%, 12, 27, 2, 13.21
1577825280, 0, 0, 880, 880, 3, 18.21%, 12, 27, 2, 13.19
1577825285, 0, 0, 881, 881, 3, 18.21%, 12, 27, 2, 13.30
1577825290, 0, 0, 882, 882, 3, 18.21%, 12, 27, 2, 13.70
1577825295, 0, 0, 883, 883, 3, 18.21%, 12, 27, 2, 13.60
1577825300, 0, 0, 884, 884, 3, 18.21%, 12, 27, 2, 13.80
1577825305, 0, 0, 885, 885, 3, 18.21%, 12, 27, 2, 13.76
1577825311, 0, 0, 886, 886, 3, 18.22%, 15, 27, 2, 13.25
1577825316, 0, 0, 886, 886, 3, 18.22%, 17, 27, 2, 13.27
1577825321, 0, 0, 888, 888, 3, 18.23%, 19, 27, 2, 13.28
1577825326, 0, 0, 891, 891, 3, 18.24%, 20, 27, 2, 13.26
1577825331, 0, 0, 895, 895, 3, 18.25%, 20, 27, 2, 13.21
1577825336, 0, 0, 895, 895, 3, 18.25%, 24, 27, 2, 13.03
1577825346, 0, 0, 895, 895, 3, 18.25%, 26, 27, 2, 13.02
1577825352, 0, 0, 895, 895, 3, 18.25%, 27, 27, 2, 13.07
1577825367, 0, 0, 896, 896, 3, 18.25%, 27, 27, 2, 13.18
1577825377, 0, 0, 896, 896, 3, 18.25%, 28, 27, 2, 13.14
1577825382, 0, 0, 896, 896, 3, 18.25%, 29, 27, 2, 13.28
1577825403, 0, 0, 897, 897, 3, 18.25%, 29, 27, 2, 13.24
1577825413, 0, 0, 898, 898, 3, 18.25%, 29, 27, 2, 13.20
1577825418, 0, 0, 899, 899, 3, 18.25%, 29, 27, 2, 13.21
1577825424, 0, 0, 899, 899, 3, 18.25%, 30, 27, 2, 13.21
1577825429, 0, 0, 901, 901, 3, 18.25%, 31, 27, 2, 13.16
1577825434, 0, 0, 903, 903, 3, 18.25%, 31, 27, 2, 13.13
1577825439, 0, 0, 903, 903, 3, 18.25%, 32, 27, 2, 13.20
1577825475, 0, 0, 903, 903, 3, 18.25%, 33, 27, 2, 13.27
1577825480, 0, 0, 904, 904, 3, 18.26%, 35, 27, 2, 13.26
1577825496, 0, 0, 904, 904, 3, 18.26%, 36, 27, 2, 13.25
1577825588, 0, 0, 905, 905, 3, 18.26%, 36, 27, 2, 13.21
1577825639, 0, 0, 905, 905, 3, 18.26%, 37, 27, 2, 12.80
1577825644, 0, 0, 906, 906, 3, 18.26%, 37, 27, 2, 12.86
1577825694, 0, 0, 906, 906, 3, 18.26%, 38, 27, 2, 13.10
1577825740, 0, 0, 908, 908, 3, 18.26%, 38, 27, 2, 13.15
1577825750, 0, 0, 908, 908, 3, 18.26%, 40, 27, 2, 13.25
1577825806, 0, 0, 909, 909, 3, 18.26%, 40, 27, 2, 13.16
1577825821, 0, 0, 909, 909, 3, 18.26%, 41, 27, 2, 13.00
1577825832, 0, 0, 910, 910, 3, 18.26%, 42, 27, 2, 12.66
1577825877, 0, 0, 910, 910, 3, 18.26%, 43, 27, 2, 13.01
1577825939, 0, 0, 911, 911, 3, 18.26%, 43, 27, 2, 12.73
1577825984, 0, 0, 911, 911, 3, 18.26%, 44, 27, 2, 13.02
1577826020, 0, 0, 911, 911, 3, 18.26%, 45, 27, 2, 13.08
1577826030, 0, 0, 911, 911, 3, 18.26%, 46, 27, 2, 13.00
1577826035, 0, 0, 912, 912, 3, 18.26%, 46, 27, 2, 12.90
1577826045, 0, 0, 913, 913, 3, 18.27%, 46, 27, 2, 12.51
1577826050, 0, 0, 913, 913, 3, 18.27%, 47, 27, 2, 12.89
1577826055, 0, 0, 913, 913, 3, 18.27%, 48, 27, 2, 12.99
1577826060, 0, 0, 913, 913, 3, 18.27%, 49, 27, 2, 12.87
1577826086, 0, 0, 913, 913, 3, 18.27%, 50, 27, 2, 13.06
1577826091, 0, 0, 913, 913, 3, 18.27%, 51, 27, 2, 12.98
1577826101, 0, 0, 914, 914, 3, 18.27%, 51, 27, 2, 13.09
1577826142, 0, 0, 914, 914, 3, 18.27%, 52, 27, 2, 12.87
1577826157, 0, 0, 915, 915, 3, 18.28%, 52, 27, 2, 12.86
1577826229, 0, 0, 915, 915, 3, 18.28%, 53, 27, 2, 12.34
1577826320, 0, 0, 917, 917, 3, 18.28%, 53, 27, 2, 12.24
1577826336, 0, 0, 917, 917, 3, 18.28%, 54, 27, 2, 12.57
1577826387, 0, 0, 917, 917, 3, 18.28%, 55, 27, 2, 12.48
1577826407, 0, 0, 918, 918, 3, 18.28%, 55, 27, 2, 11.98
1577826679, 0, 0, 919, 919, 3, 18.28%, 55, 27, 2, 12.62
1577826689, 0, 0, 920, 920, 3, 18.28%, 55, 27, 2, 12.68
1577826838, 0, 0, 921, 921, 3, 18.28%, 55, 27, 2, 12.09
1577826848, 0, 0, 922, 922, 3, 18.28%, 57, 27, 2, 12.62
1577826853, 0, 0, 922, 922, 3, 18.28%, 59, 27, 2, 12.09
1577826894, 0, 0, 925, 925, 3, 18.29%, 59, 27, 2, 12.80
1577826909, 0, 0, 926, 926, 3, 18.29%, 59, 27, 2, 13.15
1577826914, 0, 0, 927, 927, 3, 18.30%, 59, 27, 2, 13.03
1577826934, 0, 0, 928, 928, 3, 18.30%, 59, 27, 2, 13.13
1577826985, 0, 0, 929, 929, 3, 18.30%, 60, 27, 2, 12.93
1577827148, 0, 0, 931, 931, 3, 18.30%, 60, 27, 2, 12.93
1577827230, 0, 0, 932, 932, 3, 18.30%, 60, 27, 2, 11.76
1577827734, 0, 0, 932, 932, 3, 18.30%, 61, 27, 2, 12.51
1577828357, 0, 0, 933, 933, 3, 18.30%, 61, 27, 2, 12.75
1577828450, 0, 0, 934, 934, 3, 18.33%, 61, 27, 2, 12.81
1577828476, 0, 0, 935, 935, 3, 18.33%, 61, 27, 2, 12.75
1577828486, 0, 0, 936, 936, 3, 18.33%, 61, 27, 2, 12.79
1577828491, 0, 0, 937, 937, 3, 18.34%, 63, 27, 2, 12.81
1577828496, 0, 0, 938, 938, 3, 18.34%, 63, 27, 2, 12.76
1577828532, 0, 0, 938, 938, 3, 18.34%, 64, 27, 2, 12.80
1577828703, 0, 0, 939, 939, 3, 18.34%, 64, 27, 2, 12.76
1577828888, 0, 0, 941, 941, 3, 18.34%, 64, 27, 2, 12.87
1577828899, 0, 0, 942, 942, 3, 18.34%, 64, 27, 2, 12.89
1577829319, 0, 0, 943, 943, 3, 18.35%, 64, 27, 2, 12.70
1577829324, 0, 0, 943, 943, 3, 18.35%, 65, 27, 2, 12.83
1577829329, 0, 0, 944, 944, 3, 18.35%, 65, 27, 2, 12.75
1577829335, 0, 0, 944, 944, 3, 18.35%, 66, 27, 2, 12.39
1577829360, 0, 0, 944, 944, 3, 18.35%, 67, 27, 2, 12.73
1577829391, 0, 0, 945, 945, 3, 18.36%, 67, 27, 2, 12.69
1577829412, 0, 0, 946, 946, 3, 18.36%, 67, 27, 2, 12.68
1577829438, 0, 0, 946, 946, 3, 18.36%, 68, 27, 2, 12.48
1577829458, 0, 0, 947, 947, 3, 18.37%, 68, 27, 2, 12.65
1577829489, 0, 0, 948, 948, 3, 18.37%, 68, 27, 2, 12.41
1577829536, 0, 0, 949, 949, 3, 18.37%, 68, 27, 2, 12.76
1577830010, 0, 0, 950, 950, 3, 18.37%, 68, 27, 2, 12.62
1577830164, 0, 0, 951, 951, 3, 18.37%, 68, 27, 2, 12.07
1577830368, 0, 0, 951, 951, 3, 18.37%, 69, 27, 2, 12.18
1577830523, 0, 0, 952, 952, 3, 18.37%, 69, 27, 2, 12.69
1577830960, 0, 0, 953, 953, 3, 18.37%, 69, 27, 2, 12.83
1577830965, 0, 0, 954, 954, 3, 18.37%, 69, 27, 2, 12.44
1577831062, 0, 0, 954, 954, 3, 18.37%, 70, 27, 2, 12.93
1577831180, 0, 0, 955, 955, 3, 18.37%, 70, 27, 2, 12.91
1577831190, 0, 0, 955, 955, 3, 18.37%, 71, 27, 2, 12.81
1577831303, 0, 0, 955, 955, 3, 18.37%, 72, 27, 2, 12.90
1577831432, 0, 0, 956, 956, 3, 18.37%, 72, 27, 2, 12.49
1577831793, 0, 0, 956, 956, 3, 18.37%, 73, 27, 2, 12.66
1577831798, 0, 0, 957, 957, 3, 18.37%, 73, 27, 2, 12.84
1577832029, 0, 0, 958, 958, 3, 18.37%, 73, 27, 2, 12.84
1577832163, 0, 0, 959, 959, 3, 18.37%, 73, 27, 2, 12.82
1577832492, 0, 0, 959, 959, 3, 18.37%, 74, 27, 2, 12.93
1577832631, 0, 0, 959, 959, 3, 18.37%, 75, 27, 2, 12.93
1577833181, 0, 0, 959, 959, 3, 18.37%, 76, 27, 2, 12.97
1577834153, 0, 0, 959, 959, 3, 18.37%, 77, 27, 2, 12.84
1577834338, 0, 0, 960, 960, 3, 18.37%, 77, 27, 2, 12.70
1577834415, 0, 0, 960, 960, 3, 18.37%, 78, 27, 2, 12.95
1577835202, 0, 0, 961, 961, 3, 18.37%, 78, 27, 2, 12.82
1577835351, 0, 0, 962, 962, 3, 18.37%, 78, 27, 2, 12.68
1577835746, 0, 0, 963, 963, 3, 18.37%, 78, 27, 2, 12.94
1577836233, 0, 0, 964, 964, 3, 18.37%, 78, 27, 2, 12.65
1577837166, 0, 0, 965, 965, 3, 18.37%, 78, 27, 2, 12.38
1577837248, 0, 0, 966, 966, 3, 18.37%, 78, 27, 2, 12.63
1577837658, 0, 0, 967, 967, 3, 18.38%, 78, 27, 2, 12.91
1577837750, 0, 0, 968, 968, 3, 18.38%, 78, 27, 2, 12.51
1577837755, 0, 0, 969, 969, 3, 18.38%, 78, 27, 2, 12.80
1577837913, 0, 0, 970, 970, 3, 18.38%, 78, 27, 2, 12.85
1577838072, 0, 0, 971, 971, 3, 18.38%, 78, 27, 2, 9.66
1577838243, 0, 0, 972, 972, 3, 18.38%, 78, 27, 2, 11.83
1577838248, 0, 0, 973, 973, 3, 18.38%, 78, 27, 2, 12.48
1577838459, 0, 0, 974, 974, 3, 18.38%, 78, 27, 2, 12.91
1577838667, 0, 0, 976, 976, 3, 18.38%, 78, 27, 2, 13.13
1577838763, 0, 0, 976, 976, 3, 18.38%, 79, 27, 2, 12.41
1577838818, 0, 0, 977, 977, 3, 18.38%, 79, 27, 2, 13.00
1577838927, 0, 0, 978, 978, 3, 18.38%, 79, 27, 2, 0.86
1577839046, 0, 0, 979, 979, 3, 18.38%, 79, 27, 2, 12.11
1577839159, 0, 0, 980, 980, 3, 18.38%, 79, 27, 2, 11.82
1577839211, 0, 0, 981, 981, 3, 18.38%, 79, 27, 2, 12.21
1577839315, 0, 0, 982, 982, 3, 18.38%, 79, 27, 2, 12.13
1577839341, 0, 0, 983, 983, 3, 18.38%, 79, 27, 2, 12.16
1577839480, 0, 0, 984, 984, 3, 18.38%, 79, 27, 2, 11.61
1577839687, 0, 0, 985, 985, 3, 18.38%, 79, 27, 2, 11.69
1577839852, 0, 0, 986, 986, 3, 18.38%, 79, 27, 2, 11.68
1577840070, 0, 0, 987, 987, 3, 18.38%, 79, 27, 2, 12.99
1577877338, 0, 0, 988, 988, 3, 18.38%, 79, 27, 2, 12.29
1577877501, 0, 0, 989, 989, 3, 18.38%, 79, 27, 2, 11.56
1577877613, 0, 0, 990, 990, 3, 18.38%, 79, 27, 2, 13.03
1577877720, 0, 0, 991, 991, 3, 18.38%, 79, 27, 2, 12.85
1577877827, 0, 0, 992, 992, 3, 18.38%, 79, 27, 2, 12.94
1577878896, 0, 0, 992, 992, 3, 18.38%, 80, 27, 2, 12.83
1577879469, 0, 0, 993, 993, 3, 18.38%, 80, 27, 2, 11.72
1577879576, 0, 0, 993, 993, 3, 18.38%, 81, 27, 2, 12.66
1577879928, 0, 0, 994, 994, 3, 18.38%, 81, 27, 2, 11.09
1577879933, 0, 0, 995, 995, 3, 18.38%, 81, 27, 2, 10.85
1577881182, 0, 0, 996, 996, 3, 18.38%, 81, 27, 2, 9.98
1577881269, 0, 0, 997, 997, 3, 18.38%, 81, 27, 2, 12.21
1577883995, 0, 0, 998, 998, 3, 18.38%, 81, 27, 2, 13.10
1577884021, 0, 0, 999, 999, 3, 18.38%, 81, 27, 2, 13.23
1577884119, 0, 0, 1000, 1000, 3, 18.38%, 81, 27, 2, 13.12
1577884890, 0, 0, 1001, 1001, 3, 18.38%, 81, 27, 2, 13.20
1577884900, 0, 0, 1002, 1002, 3, 18.38%, 81, 27, 2, 13.19
1577885002, 0, 0, 1002, 1002, 3, 18.38%, 82, 27, 2, 13.08
1577885012, 0, 0, 1003, 1003, 3, 18.39%, 82, 27, 2, 16.80
1577885017, 0, 0, 1006, 1006, 3, 18.39%, 82, 27, 2, 17.95
1577885022, 0, 0, 1007, 1007, 3, 18.40%, 82, 27, 2, 16.59
1577885027, 0, 0, 1009, 1009, 3, 18.41%, 82, 27, 2, 16.99
1577885033, 0, 0, 1011, 1011, 3, 18.41%, 82, 27, 2, 14.87
1577885038, 0, 0, 1015, 1015, 3, 18.41%, 82, 27, 2, 15.41
1577885043, 0, 0, 1017, 1017, 3, 18.41%, 82, 27, 2, 15.74
1577885048, 0, 0, 1018, 1018, 3, 18.41%, 82, 27, 2, 14.28
1577885053, 0, 0, 1019, 1019, 3, 18.41%, 82, 27, 2, 15.29
1577885058, 0, 0, 1021, 1021, 3, 18.42%, 82, 27, 2, 14.45
1577885064, 0, 0, 1023, 1023, 3, 18.42%, 82, 27, 2, 15.98
1577885074, 0, 0, 1025, 1025, 3, 18.42%, 82, 27, 2, 15.75
1577885079, 0, 0, 1026, 1026, 3, 18.42%, 82, 27, 2, 16.24
1577885084, 0, 0, 1027, 1027, 3, 18.42%, 82, 27, 2, 16.25
1577885094, 0, 0, 1029, 1029, 3, 18.42%, 82, 27, 2, 16.29
1577885104, 0, 0, 1031, 1031, 3, 18.42%, 82, 27, 2, 16.65
1577885130, 0, 0, 1033, 1033, 3, 18.42%, 82, 27, 2, 14.10
1577885140, 0, 0, 1035, 1035, 3, 18.42%, 82, 27, 2, 16.36
1577885145, 0, 0, 1036, 1036, 3, 18.42%, 82, 27, 2, 14.92
1577885150, 0, 0, 1037, 1037, 3, 18.42%, 82, 27, 2, 14.16
1577885155, 0, 0, 1039, 1039, 3, 18.42%, 82, 27, 2, 15.48
1577885165, 0, 0, 1040, 1040, 3, 18.42%, 82, 27, 2, 15.23
1577885176, 0, 0, 1041, 1041, 3, 18.42%, 82, 27, 2, 14.42
1577885212, 0, 0, 1043, 1043, 3, 18.42%, 82, 27, 2, 16.73
1577885247, 0, 0, 1044, 1044, 3, 18.42%, 82, 27, 2, 16.59
1577885252, 0, 0, 1045, 1045, 3, 18.42%, 82, 27, 2, 16.24
1577885257, 0, 0, 1047, 1047, 3, 18.42%, 82, 27, 2, 15.08
1577885263, 0, 0, 1049, 1049, 3, 18.42%, 82, 27, 2, 15.01
1577885293, 0, 0, 1052, 1052, 3, 18.42%, 82, 27, 2, 15.09
1577885298, 0, 0, 1054, 1054, 3, 18.43%, 82, 27, 2, 17.39
1577885303, 0, 0, 1057, 1057, 3, 18.43%, 82, 27, 2, 17.38
1577885309, 0, 0, 1058, 1058, 3, 18.43%, 82, 27, 2, 17.40
1577885314, 0, 0, 1063, 1063, 3, 18.44%, 82, 27, 2, 15.91
1577885319, 0, 0, 1065, 1065, 3, 18.44%, 83, 27, 2, 17.35
1577885324, 0, 0, 1067, 1067, 3, 18.44%, 83, 27, 2, 16.64
1577885334, 0, 0, 1069, 1069, 3, 18.44%, 83, 27, 2, 16.93
1577885339, 0, 0, 1070, 1070, 3, 18.44%, 83, 27, 2, 16.53
1577885344, 0, 0, 1072, 1072, 3, 18.44%, 83, 27, 2, 17.39
1577885349, 0, 0, 1073, 1073, 3, 18.44%, 83, 27, 2, 16.72
1577885360, 0, 0, 1076, 1076, 3, 18.44%, 83, 27, 2, 16.46
1577885365, 0, 0, 1077, 1077, 3, 18.44%, 83, 27, 2, 16.40
1577885370, 0, 0, 1078, 1078, 3, 18.44%, 83, 27, 2, 17.48
1577885375, 0, 0, 1079, 1079, 3, 18.44%, 83, 27, 2, 16.78
1577885385, 0, 0, 1081, 1081, 3, 18.44%, 83, 27, 2, 16.80
1577885396, 0, 0, 1083, 1083, 3, 18.44%, 83, 27, 2, 17.41
1577885411, 0, 0, 1086, 1086, 3, 18.44%, 83, 27, 2, 17.44
1577885416, 0, 0, 1088, 1088, 3, 18.44%, 83, 27, 2, 16.12
1577885421, 0, 0, 1089, 1089, 3, 18.44%, 83, 27, 2, 15.97
1577885426, 0, 0, 1090, 1090, 3, 18.44%, 83, 27, 2, 16.57
1577885437, 0, 0, 1091, 1091, 3, 18.44%, 83, 27, 2, 16.78
1577885442, 0, 0, 1092, 1092, 3, 18.44%, 83, 27, 2, 16.53
1577885447, 0, 0, 1093, 1093, 3, 18.44%, 84, 27, 2, 17.26
1577885462, 0, 0, 1094, 1094, 3, 18.44%, 84, 27, 2, 16.63
1577885472, 0, 0, 1095, 1095, 3, 18.44%, 84, 27, 2, 16.77
1577885482, 0, 0, 1096, 1096, 3, 18.44%, 84, 27, 2, 17.07
1577885487, 0, 0, 1097, 1097, 3, 18.44%, 84, 27, 2, 14.12
1577885508, 0, 0, 1098, 1098, 3, 18.44%, 84, 27, 2, 15.07
1577885513, 0, 0, 1099, 1099, 3, 18.44%, 84, 27, 2, 15.02
1577885523, 0, 0, 1100, 1100, 3, 18.44%, 84, 27, 2, 15.40
1577885528, 0, 0, 1102, 1102, 3, 18.44%, 84, 27, 2, 15.06
1577885538, 0, 0, 1105, 1105, 3, 18.44%, 84, 27, 2, 14.50
1577885554, 0, 0, 1107, 1107, 3, 18.44%, 84, 27, 2, 14.43
1577885569, 0, 0, 1109, 1109, 3, 18.44%, 84, 27, 2, 15.20
1577885574, 0, 0, 1113, 1113, 3, 18.44%, 84, 27, 2, 16.95
1577885580, 0, 0, 1114, 1114, 3, 18.44%, 84, 27, 2, 17.46
1577885585, 0, 0, 1116, 1116, 3, 18.44%, 84, 27, 2, 17.42
1577885590, 0, 0, 1117, 1117, 3, 18.44%, 84, 27, 2, 16.79
1577885595, 0, 0, 1118, 1118, 3, 18.44%, 84, 27, 2, 16.65
1577885605, 0, 0, 1119, 1119, 3, 18.44%, 84, 27, 2, 17.25
1577885636, 0, 0, 1120, 1120, 3, 18.44%, 84, 27, 2, 16.17
1577885646, 0, 0, 1121, 1121, 3, 18.44%, 84, 27, 2, 16.46
1577885703, 0, 0, 1122, 1122, 3, 18.44%, 84, 27, 2, 16.85
1577885744, 0, 0, 1123, 1123, 3, 18.44%, 84, 27, 2, 16.71
1577885749, 0, 0, 1125, 1125, 3, 18.44%, 84, 27, 2, 14.96
1577885754, 0, 0, 1127, 1127, 3, 18.44%, 84, 27, 2, 15.00
1577885775, 0, 0, 1128, 1128, 3, 18.44%, 84, 27, 2, 15.39
1577885785, 0, 0, 1129, 1129, 3, 18.44%, 84, 27, 2, 14.70
1577885790, 0, 0, 1130, 1130, 3, 18.44%, 84, 27, 2, 17.17
1577885795, 0, 0, 1132, 1132, 3, 18.44%, 84, 27, 2, 17.16
1577885800, 0, 0, 1133, 1133, 3, 18.44%, 84, 27, 2, 17.12
1577885805, 0, 0, 1134, 1134, 3, 18.44%, 84, 27, 2, 17.54
1577885836, 0, 0, 1135, 1135, 3, 18.44%, 84, 27, 2, 16.52
1577885841, 0, 0, 1136, 1136, 3, 18.44%, 84, 27, 2, 17.40
1577885856, 0, 0, 1138, 1138, 3, 18.44%, 84, 27, 2, 16.87
1577885867, 0, 0, 1139, 1139, 3, 18.44%, 84, 27, 2, 16.64
1577885872, 0, 0, 1140, 1140, 3, 18.44%, 84, 27, 2, 16.25
1577885902, 0, 0, 1144, 1144, 3, 18.45%, 84, 27, 2, 18.63
1577885917, 0, 0, 1145, 1145, 3, 18.45%, 84, 27, 2, 14.80
1577885922, 0, 0, 1147, 1147, 3, 18.45%, 84, 27, 2, 18.46
1577885928, 0, 0, 1149, 1149, 3, 18.45%, 85, 27, 2, 19.81
1577885933, 0, 0, 1151, 1151, 3, 18.45%, 85, 27, 2, 20.93
1577885938, 0, 0, 1152, 1152, 3, 18.45%, 86, 27, 2, 21.33
1577885943, 0, 0, 1154, 1154, 3, 18.45%, 86, 27, 2, 20.05
1577885948, 0, 0, 1155, 1155, 3, 18.45%, 86, 27, 2, 17.43
1577885953, 0, 0, 1158, 1158, 3, 18.45%, 86, 27, 2, 17.79
1577885958, 0, 0, 1160, 1160, 3, 18.45%, 86, 27, 2, 17.91
1577885963, 0, 0, 1162, 1162, 3, 18.45%, 86, 27, 2, 18.01
1577885969, 0, 0, 1163, 1163, 3, 18.45%, 86, 27, 2, 18.62
1577885979, 0, 0, 1165, 1165, 3, 18.45%, 86, 27, 2, 17.85
1577885994, 0, 0, 1168, 1168, 3, 18.45%, 86, 27, 2, 18.12
1577886000, 0, 0, 1169, 1169, 3, 18.45%, 86, 27, 2, 18.63
1577886005, 0, 0, 1171, 1171, 3, 18.45%, 86, 27, 2, 17.38
1577886025, 0, 0, 1172, 1172, 3, 18.45%, 86, 27, 2, 16.98
1577886040, 0, 0, 1173, 1173, 3, 18.45%, 86, 27, 2, 16.30
1577886045, 0, 0, 1174, 1174, 3, 18.45%, 86, 27, 2, 14.68
1577886060, 0, 0, 1175, 1175, 3, 18.45%, 86, 27, 2, 15.61
1577886106, 0, 0, 1176, 1176, 3, 18.45%, 86, 27, 2, 16.75
1577886117, 0, 0, 1177, 1177, 3, 18.45%, 86, 27, 2, 16.09
1577886142, 0, 0, 1178, 1178, 3, 18.45%, 86, 27, 2, 14.89
1577886157, 0, 0, 1180, 1180, 3, 18.45%, 86, 27, 2, 14.76
1577886162, 0, 0, 1181, 1181, 3, 18.45%, 86, 27, 2, 17.45
1577886172, 0, 0, 1182, 1182, 3, 18.45%, 86, 27, 2, 14.04
1577886203, 0, 0, 1184, 1184, 3, 18.45%, 86, 27, 2, 14.47
1577886208, 0, 0, 1187, 1187, 3, 18.45%, 86, 27, 2, 16.47
1577886214, 0, 0, 1189, 1189, 3, 18.45%, 86, 27, 2, 17.17
1577886219, 0, 0, 1191, 1191, 3, 18.45%, 86, 27, 2, 17.31
1577886224, 0, 0, 1192, 1192, 3, 18.45%, 86, 27, 2, 16.96
1577886229, 0, 0, 1192, 1192, 3, 18.45%, 87, 27, 2, 17.56
1577886249, 0, 0, 1193, 1193, 3, 18.45%, 90, 27, 2, 17.78
1577886255, 0, 0, 1194, 1194, 3, 18.45%, 90, 27, 2, 16.01
1577886280, 0, 0, 1194, 1194, 3, 18.45%, 91, 27, 2, 16.70
1577886285, 0, 0, 1195, 1195, 3, 18.45%, 91, 27, 2, 16.46
1577886316, 0, 0, 1196, 1196, 3, 18.45%, 91, 27, 2, 16.91
1577886321, 0, 0, 1197, 1197, 3, 18.45%, 91, 27, 2, 16.12
1577886352, 0, 0, 1199, 1199, 3, 18.45%, 91, 27, 2, 16.51
1577886382, 0, 0, 1200, 1200, 3, 18.45%, 91, 27, 2, 16.88
1577886480, 0, 0, 1201, 1201, 3, 18.45%, 91, 27, 2, 16.94
1577886506, 0, 0, 1202, 1202, 3, 18.45%, 91, 27, 2, 16.46
1577886516, 0, 0, 1203, 1203, 3, 18.45%, 91, 27, 2, 16.79
1577886521, 0, 0, 1204, 1204, 3, 18.45%, 91, 27, 2, 16.58
1577886526, 0, 0, 1205, 1205, 3, 18.45%, 91, 27, 2, 16.73
1577886536, 0, 0, 1206, 1206, 3, 18.45%, 91, 27, 2, 17.06
1577886546, 0, 0, 1207, 1207, 3, 18.45%, 91, 27, 2, 17.03
1577886557, 0, 0, 1208, 1208, 3, 18.45%, 91, 27, 2, 16.33
1577886745, 0, 0, 1210, 1210, 3, 18.45%, 91, 27, 2, 17.05
1577886766, 0, 0, 1210, 1210, 3, 18.45%, 92, 27, 2, 16.73
1577886776, 0, 0, 1211, 1211, 3, 18.45%, 92, 27, 2, 16.97
1577886812, 0, 0, 1212, 1212, 3, 18.45%, 92, 27, 2, 16.85
1577886919, 0, 0, 1213, 1213, 3, 18.45%, 92, 27, 2, 16.35
1577886950, 0, 0, 1214, 1214, 3, 18.45%, 92, 27, 2, 16.14
1577887017, 0, 0, 1215, 1215, 3, 18.45%, 92, 27, 2, 16.33
1577887053, 0, 0, 1216, 1216, 3, 18.45%, 93, 27, 2, 16.22
1577887058, 0, 0, 1218, 1218, 3, 18.47%, 93, 27, 2, 16.92
1577887063, 0, 0, 1220, 1220, 3, 18.47%, 93, 27, 2, 14.95
1577887068, 0, 0, 1221, 1221, 3, 18.47%, 93, 27, 2, 15.40
1577887073, 0, 0, 1222, 1222, 3, 18.47%, 93, 27, 2, 14.29
1577887089, 0, 0, 1224, 1224, 3, 18.47%, 93, 27, 2, 16.13
1577887099, 0, 0, 1226, 1226, 3, 18.47%, 94, 27, 2, 15.09
1577887104, 0, 0, 1227, 1227, 3, 18.47%, 94, 27, 2, 16.59
1577887109, 0, 0, 1229, 1229, 3, 18.47%, 94, 27, 2, 16.52
1577887114, 0, 0, 1230, 1230, 3, 18.47%, 94, 27, 2, 16.53
1577887119, 0, 0, 1236, 1236, 3, 18.47%, 94, 27, 2, 16.27
1577887124, 0, 0, 1241, 1241, 3, 18.49%, 94, 27, 2, 16.29
1577887129, 0, 0, 1244, 1244, 3, 18.49%, 94, 27, 2, 16.16
1577887135, 0, 0, 1245, 1245, 3, 18.49%, 94, 27, 2, 16.27
1577887140, 0, 0, 1248, 1248, 3, 18.49%, 95, 27, 2, 16.97
1577887145, 0, 0, 1251, 1251, 3, 18.49%, 95, 27, 2, 18.38
1577887150, 0, 0, 1253, 1253, 3, 18.49%, 96, 27, 2, 18.70
1577887155, 0, 0, 1255, 1255, 3, 18.49%, 96, 27, 2, 17.23
1577887171, 0, 0, 1257, 1257, 3, 18.49%, 96, 27, 2, 16.04
1577887181, 0, 0, 1258, 1258, 3, 18.49%, 96, 27, 2, 16.08
1577887191, 0, 0, 1260, 1260, 3, 18.49%, 96, 27, 2, 16.45
1577887196, 0, 0, 1261, 1261, 3, 18.49%, 96, 27, 2, 16.06
1577887201, 0, 0, 1262, 1262, 3, 18.49%, 96, 27, 2, 16.13
1577887217, 0, 0, 1264, 1264, 3, 18.49%, 96, 27, 2, 16.08
1577887222, 0, 0, 1266, 1266, 3, 18.49%, 96, 27, 2, 16.77
1577887227, 0, 0, 1267, 1267, 3, 18.49%, 96, 27, 2, 16.28
1577887253, 0, 0, 1268, 1268, 3, 18.49%, 97, 27, 2, 17.59
1577887258, 0, 0, 1270, 1270, 3, 18.49%, 97, 27, 2, 18.10
1577887263, 0, 0, 1272, 1272, 3, 18.49%, 97, 27, 2, 18.17
1577887268, 0, 0, 1273, 1273, 3, 18.49%, 97, 27, 2, 18.16
1577887273, 0, 0, 1275, 1275, 3, 18.49%, 97, 27, 2, 18.99
1577887289, 0, 0, 1276, 1276, 3, 18.49%, 97, 27, 2, 17.08
1577887294, 0, 0, 1277, 1277, 3, 18.49%, 97, 27, 2, 16.29
1577887309, 0, 0, 1279, 1279, 3, 18.49%, 97, 27, 2, 16.85
1577887324, 0, 0, 1280, 1280, 3, 18.49%, 97, 27, 2, 16.98
1577887335, 0, 0, 1281, 1281, 3, 18.49%, 97, 27, 2, 17.36
1577887360, 0, 0, 1283, 1283, 3, 18.49%, 98, 27, 2, 16.89
1577887371, 0, 0, 1285, 1285, 3, 18.49%, 98, 27, 2, 15.86
1577887376, 0, 0, 1286, 1286, 3, 18.49%, 98, 27, 2, 16.28
1577887386, 0, 0, 1287, 1287, 3, 18.49%, 98, 27, 2, 16.36
1577887396, 0, 0, 1289, 1289, 3, 18.49%, 98, 27, 2, 16.45
1577887401, 0, 0, 1290, 1290, 3, 18.49%, 98, 27, 2, 16.33
1577887416, 0, 0, 1291, 1291, 3, 18.49%, 98, 27, 2, 16.47
1577887427, 0, 0, 1292, 1292, 3, 18.49%, 98, 27, 2, 16.15
1577887432, 0, 0, 1293, 1293, 3, 18.49%, 98, 27, 2, 15.87
1577887437, 0, 0, 1294, 1294, 3, 18.49%, 98, 27, 2, 16.40
1577887447, 0, 0, 1295, 1295, 3, 18.49%, 98, 27, 2, 16.26
1577887458, 0, 0, 1296, 1296, 3, 18.49%, 98, 27, 2, 15.80
1577887468, 0, 0, 1297, 1297, 3, 18.49%, 98, 27, 2, 16.06
1577887478, 0, 0, 1298, 1298, 3, 18.49%, 98, 27, 2, 15.62
1577887488, 0, 0, 1299, 1299, 3, 18.49%, 98, 27, 2, 16.10
1577887524, 0, 0, 1300, 1300, 3, 18.49%, 98, 27, 2, 16.16
1577887555, 0, 0, 1301, 1301, 3, 18.49%, 98, 27, 2, 15.56
1577887596, 0, 0, 1302, 1302, 3, 18.49%, 98, 27, 2, 16.55
1577887606, 0, 0, 1303, 1303, 3, 18.49%, 98, 27, 2, 16.34
1577887617, 0, 0, 1305, 1305, 3, 18.49%, 98, 27, 2, 16.08
1577887627, 0, 0, 1306, 1306, 3, 18.49%, 98, 27, 2, 16.62
1577887642, 0, 0, 1307, 1307, 3, 18.49%, 98, 27, 2, 16.24
1577887647, 0, 0, 1308, 1308, 3, 18.49%, 98, 27, 2, 16.36
1577887657, 0, 0, 1309, 1309, 3, 18.49%, 98, 27, 2, 16.44
1577887668, 0, 0, 1310, 1310, 3, 18.49%, 98, 27, 2, 16.53
1577887673, 0, 0, 1311, 1311, 3, 18.49%, 98, 27, 2, 16.54
1577887678, 0, 0, 1314, 1314, 3, 18.49%, 98, 27, 2, 16.46
1577887688, 0, 0, 1315, 1315, 3, 18.49%, 98, 27, 2, 16.81
1577887693, 0, 0, 1316, 1316, 3, 18.49%, 98, 27, 2, 15.50
1577887704, 0, 0, 1317, 1317, 3, 18.49%, 98, 27, 2, 15.71
1577887719, 0, 0, 1318, 1318, 3, 18.49%, 98, 27, 2, 16.03
1577887735, 0, 0, 1319, 1319, 3, 18.49%, 98, 27, 2, 16.21
1577887755, 0, 0, 1320, 1320, 3, 18.49%, 98, 27, 2, 16.40
1577887801, 0, 0, 1321, 1321, 3, 18.49%, 98, 27, 2, 15.91
1577887806, 0, 0, 1322, 1322, 3, 18.49%, 98, 27, 2, 17.26
1577887817, 0, 0, 1323, 1323, 3, 18.49%, 98, 27, 2, 15.54
1577887837, 0, 0, 1324, 1324, 3, 18.49%, 98, 27, 2, 14.94
1577887853, 0, 0, 1325, 1325, 3, 18.49%, 98, 27, 2, 17.11
1577887863, 0, 0, 1326, 1326, 3, 18.49%, 98, 27, 2, 16.79
1577887970, 0, 0, 1327, 1327, 3, 18.49%, 98, 27, 2, 17.32
1577887980, 0, 0, 1328, 1328, 3, 18.49%, 98, 27, 2, 14.90
1577887985, 0, 0, 1329, 1329, 3, 18.49%, 98, 27, 2, 14.44
1577887995, 0, 0, 1330, 1330, 3, 18.49%, 98, 27, 2, 14.24
1577888036, 0, 0, 1331, 1331, 3, 18.49%, 98, 27, 2, 16.18
1577888041, 0, 0, 1332, 1332, 3, 18.49%, 98, 27, 2, 16.17
1577888071, 0, 0, 1335, 1335, 3, 18.49%, 98, 27, 2, 16.41
1577888081, 0, 0, 1337, 1337, 3, 18.49%, 98, 27, 2, 15.81
1577888087, 0, 0, 1338, 1338, 3, 18.49%, 98, 27, 2, 16.45
1577888127, 0, 0, 1339, 1339, 3, 18.49%, 98, 27, 2, 13.58
1577888132, 0, 0, 1340, 1340, 3, 18.49%, 98, 27, 2, 17.02
1577888137, 0, 0, 1341, 1341, 3, 18.49%, 98, 27, 2, 14.17
1577888148, 0, 0, 1343, 1343, 3, 18.50%, 98, 27, 2, 14.70
1577888158, 0, 0, 1344, 1344, 3, 18.50%, 98, 27, 2, 14.45
1577888179, 0, 0, 1345, 1345, 3, 18.50%, 98, 27, 2, 14.23
1577888184, 0, 0, 1347, 1347, 3, 18.51%, 98, 27, 2, 15.80
1577888189, 0, 0, 1350, 1350, 3, 18.51%, 98, 27, 2, 16.47
1577888204, 0, 0, 1352, 1352, 3, 18.51%, 98, 27, 2, 14.48
1577888209, 0, 0, 1354, 1354, 3, 18.51%, 98, 27, 2, 14.65
1577888214, 0, 0, 1356, 1356, 3, 18.51%, 98, 27, 2, 13.81
1577888219, 0, 0, 1357, 1357, 3, 18.51%, 98, 27, 2, 13.81
1577888245, 0, 0, 1360, 1360, 3, 18.51%, 98, 27, 2, 15.59
1577888250, 0, 0, 1361, 1361, 3, 18.51%, 98, 27, 2, 13.72
1577888280, 0, 0, 1362, 1362, 3, 18.51%, 98, 27, 2, 15.01
1577888285, 0, 0, 1363, 1363, 3, 18.51%, 98, 27, 2, 14.03
1577888311, 0, 0, 1364, 1364, 3, 18.51%, 98, 27, 2, 13.95
1577888331, 0, 0, 1366, 1366, 3, 18.51%, 98, 27, 2, 13.81
1577888406, 0, 0, 1367, 1367, 3, 18.51%, 98, 27, 2, 13.41
1577888432, 0, 0, 1369, 1369, 3, 18.51%, 98, 27, 2, 15.77
1577888568, 0, 0, 1370, 1370, 3, 18.51%, 98, 27, 2, 13.98
1577888614, 0, 0, 1371, 1371, 3, 18.51%, 98, 27, 2, 12.35
